3 , 2.6121 , 5.9424 , 4.0893 , 2.9436 , 7.3161 , 5.8292 , 0.4203 , 1.1063 , -0.3073 , -0.3315 , -1.3737 , -1.7399 , -0.7080 , -48.2484 , 26.7926 , 55.1883
9 , 2.5953 , 6.3063 , 7.1371 , 1.8696 , 6.5897 , 7.0179 , 0.2810 , 0.2028 , -0.0666 , 0.7257 , -0.2834 , 0.1192 , -0.7133 , -42.2187 , 14.9176 , 44.7767
6 , 2.9113 , 6.5577 , 6.8378 , 2.0032 , 7.0260 , 6.5416 , 0.6316 , 0.4453 , -0.3018 , 0.9081 , -0.4683 , 0.2962 , -0.7230 , -45.7622 , 17.0262 , 48.8270
3 , 0.4286 , 5.4731 , 7.7333 , 2.6694 , 7.2648 , 6.0222 , -0.0953 , 0.5443 , 0.9071 , -2.2408 , -1.7917 , 1.7111 , -0.7455 , -47.8003 , 23.9058 , 53.4449
8 , 2.7342 , 5.8993 , 10.4172 , 1.2745 , 6.3595 , 7.3554 , 0.4899 , -0.3128 , 0.1515 , 1.4597 , -0.4602 , 3.0617 , -0.7189 , -40.4281 , 9.8299 , 41.6060
5 , 1.1109 , 5.9903 , 7.8386 , 1.1743 , 7.0214 , 6.7448 , 0.4484 , -0.2272 , -0.0012 , -0.0634 , -1.0311 , 1.0939 , -0.7250 , -45.7236 , 9.8763 , 46.7781
2 , 1.5203 , 5.8107 , 5.0781 , 1.6319 , 7.1287 , 6.5337 , 0.5846 , 0.0348 , 0.1283 , -0.1116 , -1.3179 , -1.4556 , -0.7296 , -46.6290 , 14.0237 , 48.6922
10 , 3.0335 , 5.9735 , 8.5688 , 1.4708 , 5.9537 , 7.6525 , 0.6567 , 0.2376 , -0.1295 , 1.5627 , 0.0198 , 0.9163 , -0.7239 , -37.3807 , 10.8792 , 38.9317
4 , 1.9704 , 6.3494 , 5.5354 , 1.1173 , 6.8745 , 6.9039 , 0.4979 , -0.0092 , 0.2456 , 0.8531 , -0.5251 , -1.3685 , -0.7132 , -44.5075 , 9.1932 , 45.4470
9 , 2.7485 , 5.9951 , 7.3023 , 2.5193 , 6.5687 , 6.8319 , 0.1674 , 0.6029 , 0.1497 , 0.2293 , -0.5736 , 0.4704 , -0.7093 , -42.0534 , 20.2415 , 46.6713
5 , 5.0709 , 7.0030 , 6.1316 , 2.2880 , 7.1097 , 6.3551 , 1.1600 , -0.3036 , -0.0935 , 2.7829 , -0.1066 , -0.2236 , -0.6968 , -46.4676 , 19.8002 , 50.5103
6 , 2.7485 , 5.6599 , 7.9799 , 2.7945 , 7.0281 , 6.2424 , 0.6359 , -0.6206 , 0.3360 , -0.0459 , -1.3682 , 1.7375 , -0.7137 , -45.7797 , 24.1159 , 51.7432
4 , 2.1356 , 6.4931 , 8.0302 , 1.3303 , 6.8025 , 6.9374 , 0.2853 , 0.0782 , -0.2334 , 0.8053 , -0.3094 , 1.0928 , -0.6961 , -43.9205 , 10.8555 , 45.2422
1 , 1.0630 , 7.9296 , 8.3007 , 1.3102 , 7.5328 , 6.1409 , 0.6493 , 0.1930 , 0.0140 , -0.2472 , 0.3968 , 2.1598 , -0.7130 , -50.1865 , 12.0442 , 51.6115
3 , 4.0414 , 7.5274 , 8.1499 , 3.2406 , 7.2966 , 5.6946 , 0.2804 , 0.0611 , 0.1100 , 0.8008 , 0.2307 , 2.4553 , -0.7115 , -48.0774 , 29.6430 , 56.4814
10 , 3.3088 , 5.6958 , 7.6351 , 2.4207 , 6.2076 , 7.1956 , 0.2535 , -0.2792 , 0.3274 , 0.8881 , -0.5118 , 0.4395 , -0.6847 , -39.2715 , 18.5937 , 43.4508
5 , 2.6504 , 6.9695 , 4.2114 , 2.5305 , 6.9673 , 6.4205 , -0.1533 , 0.7764 , -0.0990 , 0.1198 , 0.0022 , -2.2091 , -0.6994 , -45.2732 , 21.5111 , 50.1238
5 , 3.3615 , 7.4364 , 4.8315 , 2.4211 , 7.0140 , 6.4119 , 0.1478 , 0.6103 , -0.1417 , 0.9404 , 0.4224 , -1.5804 , -0.6962 , -45.6621 , 20.6860 , 50.1292
10 , 4.0510 , 6.2584 , 7.5441 , 2.3291 , 6.1132 , 7.3058 , 0.1319 , 0.7715 , 0.4019 , 1.7219 , 0.1452 , 0.2383 , -0.6892 , -38.5629 , 17.6822 , 42.4235
1 , 2.5833 , 7.0557 , 4.4317 , 2.5459 , 7.6695 , 5.5558 , 0.5968 , -0.4514 , 0.1008 , 0.0374 , -0.6138 , -1.1241 , -0.6757 , -51.4509 , 24.6193 , 57.0378
6 , 0.7159 , 6.7014 , 7.3430 , 2.7785 , 7.6940 , 5.4085 , 0.4142 , -0.1216 , 0.5858 , -2.0626 , -0.9927 , 1.9345 , -0.6985 , -51.6812 , 27.1908 , 58.3977
6 , 4.4365 , 7.5681 , 4.7333 , 2.6651 , 7.3981 , 5.8597 , 0.9084 , 0.3421 , -0.0092 , 1.7714 , 0.1700 , -1.1263 , -0.7137 , -48.9727 , 24.4570 , 54.7400
7 , 2.8036 , 6.3375 , 8.0732 , 1.7287 , 6.5833 , 7.0599 , 0.4844 , 0.2071 , -0.2816 , 1.0749 , -0.2459 , 1.0134 , -0.6877 , -42.1683 , 13.7587 , 44.3561
7 , 2.2649 , 6.8043 , 6.5434 , 1.6512 , 6.6108 , 7.0527 , 0.0629 , 0.1814 , -0.0421 , 0.6137 , 0.1935 , -0.5094 , -0.6877 , -42.3857 , 13.1767 , 44.3866
1 , 2.6264 , 7.7692 , 6.6702 , 2.5930 , 7.4770 , 5.7915 , 0.6671 , 0.1081 , -0.1112 , 0.0334 , 0.2922 , 0.8788 , -0.6973 , -49.6800 , 24.1197 , 55.2256
1 , 2.5570 , 7.5298 , 6.1962 , 2.4403 , 7.6612 , 5.6145 , 0.4606 , -0.0360 , 0.1100 , 0.1168 , -0.1314 , 0.5817 , -0.6883 , -51.3725 , 23.4915 , 56.4888
2 , 3.5362 , 8.0349 , 3.0885 , 3.2853 , 7.7439 , 5.0408 , 0.6396 , 0.1631 , -0.4643 , 0.2510 , 0.2911 , -1.9523 , -0.6791 , -52.1534 , 22.9885 , 56.9952
4 , 2.2003 , 7.4388 , 3.9624 , 2.0722 , 7.5658 , 5.8851 , 0.0971 , -0.0275 , 0.0470 , 0.1280 , -0.1271 , -1.9227 , -0.6878 , -50.4889 , 19.3981 , 54.0871
4 , 2.2098 , 7.4747 , 4.4412 , 2.3480 , 7.4905 , 5.8779 , -0.0263 , 0.2914 , -0.0733 , -0.1382 , -0.0158 , -1.4366 , -0.6840 , -49.8020 , 21.7753 , 54.3544
7 , 1.5443 , 6.2848 , 7.1946 , 1.9438 , 6.6306 , 6.9590 , 0.1814 , 0.0678 , 0.0550 , -0.3995 , -0.3458 , 0.2356 , -0.6846 , -42.5421 , 15.6060 , 45.3142
6 , 4.2306 , 6.6870 , 4.9536 , 3.3443 , 7.1258 , 5.8488 , -0.0867 , 0.3531 , 0.2315 , 0.8863 , -0.4388 , -0.8952 , -0.6887 , -46.6050 , 29.7603 , 55.2965
4 , 2.5786 , 6.4596 , 4.9895 , 1.7400 , 6.9016 , 6.7461 , -0.2523 , 0.0910 , 0.0238 , 0.8386 , -0.4421 , -1.7566 , -0.6716 , -44.7303 , 14.4625 , 47.0102
7 , 2.4493 , 5.9927 , 9.1075 , 1.7072 , 6.4981 , 7.1435 , 0.8247 , 0.3158 , -0.3354 , 0.7421 , -0.5055 , 1.9640 , -0.6674 , -41.5004 , 13.4408 , 43.6227
8 , 3.8762 , 6.1052 , 7.0677 , 2.3457 , 6.4191 , 7.0330 , 0.3830 , 0.4417 , 0.1387 , 1.5305 , -0.3139 , 0.0346 , -0.6845 , -40.8866 , 18.4447 , 44.8545
2 , 4.2138 , 6.9576 , 5.9687 , 3.2789 , 7.4808 , 5.4275 , 0.6842 , -0.4319 , 0.4618 , 0.9349 , -0.5232 , 0.5413 , -0.6816 , -49.7139 , 31.1374 , 58.6601
9 , 3.8068 , 6.6056 , 5.8203 , 2.9298 , 6.8497 , 6.3772 , 0.1283 , 0.7391 , -0.0336 , 0.8770 , -0.2441 , -0.5569 , -0.6852 , -44.3050 , 24.6747 , 50.7127
6 , 2.5570 , 7.7692 , 6.9360 , 2.9355 , 7.3608 , 5.7768 , 0.5614 , 0.2443 , 0.1100 , -0.3785 , 0.4084 , 1.1592 , -0.6927 , -48.6418 , 26.9378 , 55.6027
8 , 3.4022 , 5.7844 , 9.7971 , 2.8610 , 6.0362 , 7.1798 , 0.2651 , 0.6182 , -0.4074 , 0.5411 , -0.2518 , 2.6173 , -0.6732 , -37.9898 , 21.7265 , 43.7637
9 , 4.9823 , 6.6655 , 6.9767 , 3.0420 , 6.7557 , 6.4247 , 0.3128 , -0.1759 , 0.4313 , 1.9404 , -0.0903 , 0.5520 , -0.6997 , -43.5426 , 25.3366 , 50.3776
9 , 0.2274 , 6.9959 , 8.0014 , 2.5575 , 6.8515 , 6.5334 , -0.2492 , 0.1338 , 0.3928 , -2.3301 , 0.1443 , 1.4680 , -0.7085 , -44.3198 , 21.3781 , 49.2064
6 , 3.3782 , 7.1587 , 6.1172 , 3.4286 , 6.8976 , 6.0695 , 0.1717 , 0.2505 , 0.4160 , -0.0504 , 0.2611 , 0.0477 , -0.6922 , -44.6968 , 29.4618 , 53.5331
7 , 2.8060 , 6.0166 , 8.2001 , 2.0911 , 6.5842 , 6.9603 , 0.3293 , -0.2651 , -0.3152 , 0.7149 , -0.5676 , 1.2399 , -0.6580 , -42.1755 , 16.7221 , 45.3696
7 , 1.1756 , 5.9400 , 8.2672 , 2.1779 , 6.6113 , 6.9078 , 0.3592 , -0.0519 , 0.0024 , -1.0023 , -0.6713 , 1.3594 , -0.6653 , -42.3896 , 17.4989 , 45.8594
8 , 4.0917 , 6.2800 , 8.5928 , 3.2015 , 6.6973 , 6.4083 , 0.5718 , 0.3042 , 0.0751 , 0.8902 , -0.4173 , 2.1844 , -0.6723 , -43.0734 , 26.5460 , 50.5965
6 , 4.6711 , 6.5003 , 3.4046 , 2.5791 , 6.8970 , 6.4769 , 0.6652 , 0.3531 , 0.1478 , 2.0920 , -0.3967 , -3.0724 , -0.7444 , -44.6920 , 21.7120 , 49.6869
9 , 2.3798 , 6.3159 , 7.6279 , 2.2842 , 6.2615 , 7.1935 , 0.0874 , 0.8937 , 0.0067 , 0.0956 , 0.0544 , 0.4344 , -0.7331 , -39.6795 , 17.6165 , 43.4144
7 , -0.6057 , 5.4420 , 6.6367 , -0.2827 , 5.8725 , 7.8488 , 0.0189 , -0.2541 , 0.3219 , -0.3230 , -0.4305 , -1.2121 , -0.7418 , -36.7861 , -2.0629 , 36.8439
5 , -0.6608 , 6.6224 , 10.6853 , 1.0537 , 6.2145 , 7.5127 , 0.4795 , -0.0226 , 0.5186 , -1.7145 , 0.4079 , 3.1726 , -0.7577 , -39.3236 , 7.9843 , 40.1259
1 , -0.6488 , 7.4915 , 14.8488 , -0.0014 , 6.5391 , 7.3082 , 1.2565 , -0.1045 , 0.4282 , -0.6474 , 0.9524 , 7.5406 , -0.7471 , -41.8208 , -0.0109 , 41.8208
10 , 1.8627 , 5.0877 , 7.2257 , 0.5234 , 5.8520 , 7.8518 , 0.1576 , 0.0458 , 0.0452 , 1.3392 , -0.7643 , -0.6261 , -0.7461 , -36.6365 , 3.8140 , 36.8345
8 , 1.7214 , 6.9743 , 5.0542 , 0.7723 , 6.6289 , 7.1855 , 0.5486 , -0.2107 , 0.0073 , 0.9491 , 0.3454 , -2.1313 , -0.7483 , -42.5291 , 6.1347 , 42.9693
9 , -0.5602 , 6.2273 , 10.0221 , 1.2816 , 6.6585 , 7.0847 , 0.7037 , 1.3726 , 0.3684 , -1.8419 , -0.4312 , 2.9375 , -0.7594 , -42.7636 , 10.2541 , 43.9758
5 , 1.5036 , 5.6743 , 3.9002 , 1.5832 , 6.3359 , 7.3157 , 0.5247 , -0.0464 , 0.3574 , -0.0797 , -0.6617 , -3.4156 , -0.7400 , -40.2472 , 12.2114 , 42.0590
5 , 1.0415 , 6.8426 , 9.9719 , 1.5931 , 6.0238 , 7.5728 , 0.1051 , 0.5082 , 0.1136 , -0.5516 , 0.8188 , 2.3991 , -0.7410 , -37.8978 , 11.8799 , 39.7162
9 , 2.9664 , 5.6719 , 10.7811 , 2.2258 , 5.7772 , 7.6053 , 0.3286 , 0.2975 , 0.2834 , 0.7406 , -0.1053 , 3.1758 , -0.7420 , -36.0939 , 16.3128 , 39.6091
2 , 3.5458 , 7.9823 , 8.6622 , 2.9627 , 6.9458 , 6.2568 , 0.7172 , 0.2853 , 0.0556 , 0.5831 , 1.0364 , 2.4054 , -0.7178 , -45.0951 , 25.3380 , 51.7260
8 , 3.7373 , 4.9608 , 6.8666 , 2.7389 , 5.8476 , 7.3807 , 0.2694 , 0.6414 , -0.1405 , 0.9984 , -0.8868 , -0.5141 , -0.7124 , -36.6047 , 20.3598 , 41.8858
8 , 2.8276 , 5.5809 , 9.8785 , 2.4455 , 5.8453 , 7.4848 , 0.5486 , 0.2541 , -0.2162 , 0.3820 , -0.2644 , 2.3936 , -0.7158 , -36.5875 , 18.0937 , 40.8170
7 , 2.5929 , 5.7293 , 8.9735 , 1.2611 , 5.6856 , 7.8901 , 0.4166 , -0.4808 , 0.1301 , 1.3319 , 0.0437 , 1.0834 , -0.7273 , -35.4344 , 9.0807 , 36.5795
10 , 2.9305 , 4.4484 , 8.4276 , 2.2562 , 5.2885 , 7.9443 , 0.0935 , 0.4765 , 0.1087 , 0.6743 , -0.8401 , 0.4833 , -0.7293 , -32.6344 , 15.8547 , 36.2819
3 , 4.5610 , 6.2273 , 9.1459 , 3.8352 , 6.6097 , 6.1460 , 0.6695 , 0.4783 , -0.0159 , 0.7258 , -0.3824 , 2.9998 , -0.7084 , -42.3766 , 31.9647 , 53.0803
4 , 1.9225 , 4.5011 , 6.4045 , 1.8164 , 5.9382 , 7.5900 , 0.1484 , -0.3115 , -0.3488 , 0.1061 , -1.4371 , -1.1856 , -0.6864 , -37.2668 , 13.4586 , 39.6226
3 , 2.0590 , 6.3231 , 9.9503 , 3.3732 , 6.9162 , 6.0793 , 0.2517 , 0.9487 , 0.4172 , -1.3142 , -0.5931 , 3.8710 , -0.7246 , -44.8501 , 29.0245 , 53.4224
5 , 4.3024 , 6.4596 , 9.1818 , 2.0833 , 6.3212 , 7.2023 , 0.4252 , 0.1423 , -0.2773 , 2.2191 , 0.1383 , 1.9795 , -0.7167 , -40.1346 , 16.1326 , 43.2555
10 , 1.8938 , 5.8059 , 9.6798 , 1.8465 , 5.7010 , 7.7627 , 0.6310 , 0.8241 , -0.2419 , 0.0473 , 0.1050 , 1.9171 , -0.7169 , -35.5447 , 13.3804 , 37.9797
7 , -0.0120 , 4.6615 , 4.9704 , 1.3906 , 6.2801 , 7.4025 , 0.3830 , -0.5192 , 0.3574 , -1.4026 , -1.6186 , -2.4321 , -0.7239 , -39.8213 , 10.6396 , 41.2181
10 , 2.5690 , 4.4604 , 9.7851 , 1.3733 , 5.4797 , 8.0161 , -0.2034 , -0.1301 , 0.0531 , 1.1956 , -1.0193 , 1.7690 , -0.7167 , -33.9711 , 9.7218 , 35.3348
8 , 2.9066 , 5.8251 , 6.3638 , 1.7653 , 6.0867 , 7.4837 , 0.5119 , -0.2242 , 0.1038 , 1.1413 , -0.2617 , -1.1199 , -0.7169 , -38.3655 , 13.2727 , 40.5965
5 , 0.1724 , 5.7078 , 7.4460 , 2.0580 , 6.3424 , 7.1909 , -0.2346 , -0.1411 , 0.9181 , -1.8857 , -0.6346 , 0.2551 , -0.7203 , -40.2967 , 15.9713 , 43.3464
9 , 2.1883 , 6.0837 , 5.9616 , 2.2005 , 6.0117 , 7.4289 , -0.4313 , 0.7679 , 0.4178 , -0.0122 , 0.0720 , -1.4673 , -0.7138 , -37.8082 , 16.4995 , 41.2516
10 , 0.4525 , 4.7214 , 9.2225 , 1.3601 , 5.3541 , 8.1027 , -0.8540 , -0.3268 , -0.0415 , -0.9076 , -0.6328 , 1.1198 , -0.6946 , -33.0909 , 9.5287 , 34.4355
10 , -0.5555 , 5.6743 , 11.2168 , 1.3518 , 5.1508 , 8.2348 , 0.3916 , -0.0599 , -0.0428 , -1.9072 , 0.5234 , 2.9820 , -0.7173 , -31.6843 , 9.3220 , 33.0271
1 , 1.6831 , 6.1268 , 4.8004 , 2.0139 , 6.8108 , 6.7623 , 0.9493 , 0.2932 , 0.4001 , -0.3308 , -0.6840 , -1.9619 , -0.7352 , -43.9877 , 16.5841 , 47.0101
4 , -1.6592 , 5.8490 , 9.9192 , 1.6110 , 5.9619 , 7.6178 , 0.6860 , -0.4184 , 0.5101 , -3.2702 , -0.1129 , 2.3014 , -0.7495 , -37.4410 , 11.9408 , 39.2990
10 , 1.7980 , 6.0214 , 8.2361 , 1.4534 , 5.5992 , 7.9188 , 0.3152 , 0.4172 , -0.3305 , 0.3446 , 0.4222 , 0.3173 , -0.7319 , -34.8172 , 10.4004 , 36.3374
6 , 2.7485 , 5.8682 , 11.3772 , 2.8599 , 6.7323 , 6.5320 , 0.9853 , 0.4771 , 0.1845 , -0.1113 , -0.8642 , 4.8452 , -0.7393 , -43.3543 , 23.6449 , 49.3830
10 , 3.0167 , 6.3446 , 7.1036 , 1.7430 , 6.0857 , 7.4898 , 0.5266 , 0.7043 , -0.6304 , 1.2737 , 0.2589 , -0.3862 , -0.7155 , -38.3579 , 13.1004 , 40.5333
2 , 2.4277 , 8.3989 , 7.0940 , 3.1267 , 7.2933 , 5.7621 , 0.3537 , 0.3677 , 0.3598 , -0.6990 , 1.1055 , 1.3319 , -0.7262 , -48.0485 , 28.4860 , 55.8579
8 , 1.6688 , 4.5777 , 6.1675 , 1.4148 , 6.1791 , 7.4825 , 0.4294 , -0.7776 , -0.0513 , 0.2540 , -1.6014 , -1.3150 , -0.7416 , -39.0568 , 10.7072 , 40.4979
3 , 2.0877 , 6.5290 , 8.3893 , 3.3505 , 7.6045 , 5.2074 , 1.0006 , 0.6145 , 0.1576 , -1.2628 , -1.0755 , 3.1819 , -0.7458 , -50.8448 , 32.7580 , 60.4837
6 , 1.4485 , 7.0198 , 7.6710 , 2.1175 , 6.8689 , 6.6712 , 0.6109 , 0.8851 , 0.9224 , -0.6690 , 0.1509 , 0.9998 , -0.7608 , -44.4617 , 17.6096 , 47.8219
7 , -0.6273 , 5.7126 , 9.9288 , 0.2795 , 6.1900 , 7.6010 , 0.5528 , 0.0782 , -0.4331 , -0.9068 , -0.4775 , 2.3277 , -0.7331 , -39.1394 , 2.1058 , 39.1960
6 , 3.2896 , 7.4340 , 9.4667 , 2.1336 , 6.6742 , 6.8610 , 0.9004 , 1.4881 , 0.1741 , 1.1560 , 0.7598 , 2.6057 , -0.7541 , -42.8887 , 17.2746 , 46.2369
8 , 2.5953 , 6.3494 , 8.9471 , 1.9691 , 6.3284 , 7.2280 , 0.8112 , 0.0470 , -0.0800 , 0.6262 , 0.0210 , 1.7191 , -0.7215 , -40.1897 , 15.2392 , 42.9819
5 , 1.8387 , 5.8251 , 6.8163 , 1.6621 , 6.5958 , 7.0643 , 0.5614 , -0.3684 , 0.2657 , 0.1767 , -0.7707 , -0.2480 , -0.7430 , -42.2666 , 13.2397 , 44.2917
4 , 0.4429 , 6.6032 , 6.2537 , 1.0319 , 6.6709 , 7.1137 , -0.0293 , 0.2382 , -0.0269 , -0.5890 , -0.0677 , -0.8600 , -0.7355 , -42.8628 , 8.2540 , 43.6503
1 , 0.8308 , 7.0461 , 5.0757 , 1.7328 , 7.5131 , 6.0598 , 1.0770 , 0.5015 , -0.0354 , -0.9020 , -0.4670 , -0.9841 , -0.7112 , -50.0069 , 15.9579 , 52.4914
4 , -0.1389 , 6.8067 , 6.6870 , 0.7173 , 7.0068 , 6.8235 , 0.5791 , 0.2364 , -0.1967 , -0.8562 , -0.2001 , -0.1365 , -0.7188 , -45.6022 , 6.0014 , 45.9954
4 , 0.3663 , 4.5586 , 8.4156 , 1.1668 , 4.8854 , 8.4227 , 0.0452 , -0.2230 , 0.2621 , -0.8004 , -0.3269 , -0.0071 , -0.8923 , -29.8793 , 7.8867 , 30.9027
4 , 0.2586 , 4.7645 , 7.9751 , 1.1777 , 5.0384 , 8.3305 , -0.2181 , 0.3641 , 0.2761 , -0.9192 , -0.2739 , -0.3555 , -0.8805 , -30.9155 , 8.0469 , 31.9456
10 , 0.3735 , 4.5179 , 10.0149 , 1.0680 , 4.5317 , 8.6309 , 0.1936 , -0.0238 , 0.0599 , -0.6946 , -0.0139 , 1.3840 , -0.8735 , -27.5233 , 7.0543 , 28.4129
2 , 3.1029 , 5.6407 , 7.8338 , 2.9554 , 6.0940 , 7.0921 , 0.7068 , 0.1283 , 0.6591 , 0.1474 , -0.4533 , 0.7417 , -0.8629 , -38.4198 , 22.6225 , 44.5854
2 , 1.4605 , 6.3327 , 4.6280 , 3.0042 , 6.5486 , 6.6529 , 0.2321 , 0.8845 , 0.4343 , -1.5437 , -0.2160 , -2.0249 , -0.8399 , -41.8956 , 24.3023 , 48.4339
7 , 1.6807 , 6.1459 , 7.3598 , 2.3467 , 5.7914 , 7.5580 , -0.3390 , 0.2944 , 0.2871 , -0.6660 , 0.3545 , -0.1982 , -0.8426 , -36.1965 , 17.2494 , 40.0965
7 , 2.1117 , 4.8052 , 8.8729 , 1.8249 , 5.4329 , 7.9576 , 0.0177 , 0.4032 , 0.2443 , 0.2868 , -0.6278 , 0.9153 , -0.8380 , -33.6423 , 12.9159 , 36.0364
4 , 1.4461 , 5.7197 , 7.7883 , 1.4843 , 6.0150 , 7.6018 , -0.4362 , 0.4924 , -0.1527 , -0.0382 , -0.2952 , 0.1866 , -0.8504 , -37.8328 , 11.0485 , 39.4130
1 , 1.1684 , 7.5681 , 3.6081 , 1.9756 , 7.1574 , 6.4062 , -0.2095 , 0.1607 , 0.2437 , -0.8072 , 0.4107 , -2.7982 , -0.8445 , -46.8737 , 17.1387 , 49.9087
7 , 0.3160 , 5.7820 , 8.1906 , 1.8207 , 6.0466 , 7.5030 , -0.0837 , 0.1820 , 0.0116 , -1.5046 , -0.2646 , 0.6876 , -0.8598 , -38.0669 , 13.6397 , 40.4367
3 , 2.9521 , 8.4084 , 5.0566 , 3.4710 , 7.8911 , 4.6747 , -0.0208 , -0.0519 , 0.2553 , -0.5190 , 0.5173 , 0.3818 , -0.8069 , -53.5783 , 23.7430 , 58.6034
3 , 4.5131 , 9.0692 , 6.5769 , 4.1969 , 7.7358 , 4.3258 , 0.1436 , 0.2352 , -0.0305 , 0.3161 , 1.3334 , 2.2510 , -0.7926 , -52.0769 , 28.4812 , 59.3564
5 , 5.1499 , 7.5369 , 7.2425 , 3.8209 , 6.8785 , 5.8530 , -0.2767 , 0.1936 , 0.1778 , 1.3290 , 0.6585 , 1.3895 , -0.8141 , -44.5402 , 33.1372 , 55.5149
8 , 3.1651 , 6.1962 , 7.4603 , 2.8105 , 6.5188 , 6.7659 , -0.2773 , 0.0965 , 0.2297 , 0.3546 , -0.3226 , 0.6945 , -0.8263 , -41.6617 , 22.5576 , 47.3766
3 , 4.2880 , 7.8051 , 4.3407 , 3.9232 , 7.6480 , 4.7209 , -0.0739 , 0.4429 , 0.1442 , 0.3648 , 0.1571 , -0.3802 , -0.7966 , -51.2494 , 39.7276 , 64.8443
2 , 2.3152 , 7.2880 , 7.4053 , 3.4218 , 7.4950 , 5.3186 , 0.2376 , -0.4007 , 0.2376 , -1.1066 , -0.2070 , 2.0867 , -0.8028 , -49.8424 , 32.7556 , 59.6422
4 , 2.1883 , 7.2832 , 6.0094 , 3.3318 , 7.0141 , 5.9893 , -0.3714 , 0.5932 , 0.2291 , -1.1435 , 0.2690 , 0.0202 , -0.8200 , -45.6631 , 29.0872 , 54.1404
9 , 4.2904 , 6.5529 , 6.2608 , 3.2872 , 6.9939 , 6.0374 , 0.1319 , 0.2315 , 0.4710 , 1.0032 , -0.4409 , 0.2234 , -0.8237 , -45.4940 , 28.5675 , 53.7197
3 , 4.0917 , 8.0038 , 3.5458 , 3.8200 , 8.0048 , 4.1835 , -0.4496 , -0.2181 , 0.0874 , 0.2717 , -0.0009 , -0.6377 , -0.7867 , -54.7120 , 25.5112 , 60.3674
3 , 1.0558 , 7.7069 , 7.5561 , 3.6477 , 8.0144 , 4.3168 , 0.2981 , -0.2517 , 0.2443 , -2.5918 , -0.3074 , 3.2393 , -0.7937 , -54.8093 , 24.4721 , 60.0245
9 , 2.6097 , 6.1962 , 5.8586 , 3.0972 , 6.8216 , 6.3280 , 0.1833 , -0.1344 , 0.1075 , -0.4875 , -0.6254 , -0.4694 , -0.8296 , -44.0756 , 26.0790 , 51.2130
1 , 3.6559 , 6.9695 , 5.9951 , 3.0943 , 7.1500 , 5.9559 , -0.0318 , 0.1820 , 0.5198 , 0.5616 , -0.1805 , 0.0392 , -0.8171 , -46.8109 , 27.4534 , 54.2674
9 , 2.6983 , 6.6535 , 7.0797 , 2.8910 , 6.7303 , 6.5204 , 0.3250 , 0.0183 , 0.4374 , -0.1928 , -0.0768 , 0.5592 , -0.8398 , -43.3377 , 23.9116 , 49.4967
10 , 3.7302 , 5.4827 , 7.3813 , 3.2078 , 5.8979 , 7.1481 , -0.1264 , 0.2089 , -0.0733 , 0.5224 , -0.4152 , 0.2332 , -0.8305 , -36.9714 , 24.1688 , 44.1703
9 , 2.8898 , 7.3167 , 5.8371 , 3.0247 , 6.8633 , 6.3180 , 0.2541 , 0.2584 , -0.1533 , -0.1349 , 0.4534 , -0.4809 , -0.8346 , -44.4157 , 25.5826 , 51.2564
4 , 3.8666 , 6.6367 , 8.7412 , 3.0843 , 6.2519 , 6.8972 , 0.7043 , -0.2669 , -0.3885 , 0.7823 , 0.3848 , 1.8440 , -0.8405 , -39.6067 , 24.0935 , 46.3593
8 , 2.9018 , 6.0789 , 7.9272 , 2.6025 , 6.3296 , 7.0238 , 0.1307 , 0.4960 , -0.0971 , 0.2993 , -0.2507 , 0.9034 , -0.8533 , -40.1987 , 20.3310 , 45.0476
5 , 1.2522 , 6.6535 , 8.4036 , 2.5281 , 6.4416 , 6.9487 , 0.4368 , -0.1674 , 0.1753 , -1.2760 , 0.2119 , 1.4549 , -0.8543 , -41.0609 , 19.9928 , 45.6696
6 , 3.3567 , 6.7181 , 7.4172 , 2.8000 , 6.4364 , 6.8486 , 0.4539 , -0.2834 , -0.1594 , 0.5567 , 0.2818 , 0.5686 , -0.8537 , -41.0204 , 22.2366 , 46.6598
7 , 1.8220 , 6.5457 , 5.7389 , 2.0621 , 6.2988 , 7.2280 , -0.1417 , -0.0354 , -0.3677 , -0.2401 , 0.2470 , -1.4891 , -0.8410 , -39.9634 , 15.9229 , 43.0188
2 , 3.7254 , 7.8578 , 6.1459 , 3.0138 , 7.5227 , 5.5224 , 0.6946 , -0.4026 , -0.1784 , 0.7115 , 0.3351 , 0.6235 , -0.8144 , -50.0941 , 28.6236 , 57.6951
2 , 3.8978 , 7.4029 , 7.0198 , 2.9525 , 7.5779 , 5.4799 , -0.0403 , -0.1607 , -0.2407 , 0.9452 , -0.1750 , 1.5399 , -0.8227 , -50.5995 , 28.3157 , 57.9835
5 , 3.1125 , 6.7732 , 5.6168 , 2.9324 , 7.1634 , 6.0214 , 0.3622 , -0.1069 , 0.0024 , 0.1800 , -0.3902 , -0.4046 , -0.8307 , -46.9253 , 25.9663 , 53.6305
2 , 2.7533 , 6.6056 , 4.0247 , 3.3779 , 7.6699 , 5.0925 , -0.3995 , -1.4936 , 1.1503 , -0.6245 , -1.0643 , -1.0678 , -0.8159 , -51.4543 , 33.5565 , 61.4295
2 , 4.2162 , 8.2384 , 2.4277 , 3.8032 , 8.1352 , 3.9401 , -0.2059 , 1.2816 , 0.2773 , 0.4130 , 0.1032 , -1.5124 , -0.7313 , -56.0539 , 25.0557 , 61.3989
6 , 0.1939 , 7.2856 , 6.5936 , 2.6926 , 7.2929 , 5.9778 , 0.2950 , -0.0031 , 0.8106 , -2.4987 , -0.0073 , 0.6158 , -0.8746 , -48.0448 , 24.2482 , 53.8171
2 , 1.4868 , 7.9272 , 4.4101 , 2.6063 , 7.8519 , 5.2654 , 0.1008 , 0.4624 , 0.0293 , -1.1195 , 0.0753 , -0.8553 , -0.8531 , -53.1944 , 18.3629 , 56.2747
1 , 0.5938 , 8.0206 , 3.5937 , 1.8586 , 7.8940 , 5.5137 , -0.7831 , 1.0427 , 0.0990 , -1.2648 , 0.1266 , -1.9200 , -0.8526 , -53.6065 , 13.2486 , 55.2194
1 , 1.5730 , 7.7428 , 2.9951 , 1.5988 , 7.9499 , 5.5148 , -0.1301 , 0.3653 , -0.0965 , -0.0258 , -0.2071 , -2.5197 , -0.8525 , -54.1609 , 11.3710 , 55.3417
9 , -0.5650 , 6.2345 , 6.8522 , 2.3868 , 7.0624 , 6.3715 , -0.1759 , 0.9181 , -0.5767 , -2.9519 , -0.8279 , 0.4807 , -0.8761 , -46.0677 , 20.5363 , 50.4378
8 , 1.1612 , 6.5625 , 7.2257 , 1.8677 , 6.6795 , 6.9330 , 0.2804 , 0.0354 , -0.1313 , -0.7065 , -0.1170 , 0.2927 , -0.8906 , -42.9312 , 15.0774 , 45.5018
5 , 1.5083 , 7.3574 , 7.3119 , 1.5201 , 7.4458 , 6.1984 , 0.1002 , 0.1747 , 0.1833 , -0.0117 , -0.0884 , 1.1135 , -0.8726 , -49.3986 , 13.7789 , 51.2844
6 , 0.7877 , 7.1515 , 7.6184 , 1.3771 , 7.4075 , 6.2772 , 0.3781 , -0.3787 , 0.2199 , -0.5895 , -0.2560 , 1.3411 , -0.8836 , -49.0561 , 12.3740 , 50.5926
10 , 3.7014 , 5.6120 , 8.8801 , 1.6512 , 6.4260 , 7.2215 , 0.6713 , 0.2651 , -0.6793 , 2.0502 , -0.8140 , 1.6586 , -0.8686 , -40.9405 , 12.8797 , 42.9186
8 , 1.7190 , 7.4196 , 5.8658 , 1.1786 , 7.3480 , 6.3865 , 0.2755 , -0.3195 , -0.4178 , 0.5404 , 0.0716 , -0.5207 , -0.8608 , -48.5289 , 10.4562 , 49.6426
7 , -0.1748 , 8.1523 , 4.8674 , 1.3976 , 7.7740 , 5.8123 , -0.5944 , -0.2639 , 0.6720 , -1.5723 , 0.3783 , -0.9449 , -0.8520 , -52.4407 , 10.1914 , 53.4218
10 , -1.6735 , 7.2808 , 5.3463 , 1.1425 , 7.1910 , 6.5692 , -0.3952 , 0.3500 , 0.6915 , -2.8161 , 0.0898 , -1.2230 , -0.8711 , -47.1618 , 9.8664 , 48.1828
1 , 2.6480 , 8.1427 , 4.2569 , 1.4656 , 7.8355 , 5.7121 , -0.2804 , -0.0776 , -0.6164 , 1.1823 , 0.3072 , -1.4552 , -0.8509 , -53.0343 , 10.5949 , 54.0822
1 , 2.3918 , 7.8195 , 4.5633 , 1.0476 , 7.7341 , 5.9378 , -0.4374 , 0.9884 , 0.4398 , 1.3442 , 0.0854 , -1.3744 , -0.8579 , -52.0599 , 7.7141 , 52.6283
3 , 5.8610 , 7.6878 , 5.7197 , 3.8106 , 7.8302 , 4.5097 , 1.2963 , 0.1142 , 0.0745 , 2.0504 , -0.1424 , 1.2100 , -0.8256 , -52.9828 , 25.9504 , 58.9966
1 , 2.4924 , 8.2911 , 3.9744 , 2.2463 , 8.3134 , 4.6917 , -0.2468 , -0.2028 , 0.0648 , 0.2460 , -0.0223 , -0.7173 , -0.8325 , -57.9657 , 15.1206 , 59.9054
6 , 0.9098 , 6.5242 , 6.1124 , 2.0195 , 6.7820 , 6.7895 , -0.1936 , 0.0837 , 0.2492 , -1.1097 , -0.2578 , -0.6771 , -0.8803 , -43.7545 , 16.5646 , 46.7850
4 , 1.0774 , 6.2153 , 7.8530 , 1.6334 , 6.7681 , 6.9061 , 0.1203 , -0.2529 , 0.0195 , -0.5560 , -0.5528 , 0.9468 , -0.8899 , -43.6426 , 13.3069 , 45.6262
5 , 0.8212 , 6.6272 , 6.5218 , 1.7383 , 6.6012 , 7.0408 , -0.3574 , -0.5510 , 0.3158 , -0.9170 , 0.0259 , -0.5190 , -0.8946 , -42.3098 , 13.8681 , 44.5247
9 , 1.7933 , 6.0717 , 5.1380 , 2.6768 , 6.9074 , 6.4260 , 0.0965 , -0.1539 , -0.2034 , -0.8836 , -0.8357 , -1.2880 , -0.8835 , -44.7776 , 22.6150 , 50.1645
9 , 4.6926 , 6.1962 , 6.8738 , 3.1084 , 6.8926 , 6.2450 , 0.5266 , 0.0403 , 0.9982 , 1.5842 , -0.6964 , 0.6287 , -0.8736 , -44.6558 , 26.4615 , 51.9071
6 , 1.8292 , 5.8371 , 6.5314 , 2.0738 , 7.1570 , 6.3755 , 0.5241 , 0.0397 , 0.2749 , -0.2446 , -1.3200 , 0.1559 , -0.8938 , -46.8708 , 18.0182 , 50.2148
7 , 0.3831 , 5.8945 , 6.6343 , 1.1147 , 6.6860 , 7.0870 , -0.2798 , -0.2321 , -0.2205 , -0.7316 , -0.7915 , -0.4526 , -0.8985 , -42.9831 , 8.9385 , 43.9027
8 , 0.9840 , 7.6231 , 6.1411 , 0.3604 , 7.7590 , 5.9865 , 0.0165 , -0.5272 , 1.0599 , 0.6236 , -0.1359 , 0.1546 , -0.8693 , -52.2977 , 2.6596 , 52.3653
8 , 1.4868 , 8.2049 , 5.6024 , 0.9724 , 7.8422 , 5.8073 , -1.4245 , -0.1191 , -0.3482 , 0.5144 , 0.3628 , -0.2049 , -0.8788 , -53.0995 , 7.0682 , 53.5679
4 , 1.4557 , 7.4196 , 6.4165 , 1.4060 , 7.7884 , 5.7909 , 0.2437 , -0.8088 , 0.0232 , 0.0497 , -0.3687 , 0.6255 , -0.8832 , -52.5791 , 10.2328 , 53.5655
5 , 3.2513 , 7.9009 , 2.7366 , 2.2106 , 8.2670 , 4.7896 , -0.6744 , -0.9487 , 0.3574 , 1.0407 , -0.3661 , -2.0530 , -0.8597 , -57.4583 , 14.9709 , 59.3766
10 , 0.1317 , 8.4731 , 4.8746 , 1.2459 , 7.8280 , 5.7741 , -0.9029 , -0.2370 , 0.0525 , -1.1142 , 0.6451 , -0.8995 , -0.8850 , -52.9619 , 9.0432 , 53.7284
4 , -0.6919 , 6.1579 , 5.9352 , 0.9866 , 6.6852 , 7.1067 , -0.3903 , 0.0531 , 0.1625 , -1.6785 , -0.5273 , -1.1715 , -0.9092 , -42.9765 , 7.9038 , 43.6972
2 , 2.2410 , 6.6152 , 4.9416 , 2.7025 , 7.2825 , 5.9860 , -0.4380 , -0.1374 , 0.6805 , -0.4615 , -0.6673 , -1.0444 , -0.8606 , -47.9541 , 24.2974 , 53.7583
10 , 2.6240 , 6.4739 , 6.9528 , 2.1529 , 6.4720 , 7.0462 , -0.3109 , -0.5614 , -0.3720 , 0.4712 , 0.0020 , -0.0935 , -0.8660 , -41.2966 , 16.9897 , 44.6549
5 , 1.2570 , 7.8075 , 5.9161 , 2.0289 , 7.1440 , 6.4045 , -0.1491 , 0.2834 , 0.0354 , -0.7719 , 0.6635 , -0.4884 , -0.8671 , -46.7592 , 17.5778 , 49.9540
2 , 1.6424 , 7.7476 , 5.9951 , 2.4343 , 7.5102 , 5.8174 , 0.2382 , -0.1356 , 0.1973 , -0.7919 , 0.2375 , 0.1777 , -0.8550 , -49.9803 , 22.7067 , 54.8965
1 , 1.9992 , 7.1467 , 5.4779 , 2.2501 , 7.3871 , 6.0447 , 0.2541 , 0.1588 , -0.0996 , -0.2509 , -0.2404 , -0.5668 , -0.8621 , -48.8745 , 20.4173 , 52.9677
1 , 1.4724 , 7.6710 , 5.0446 , 1.9267 , 7.3918 , 6.1497 , -0.2425 , 0.7966 , 0.1753 , -0.4542 , 0.2792 , -1.1052 , -0.8649 , -48.9167 , 17.3954 , 51.9177
5 , 3.2274 , 6.2225 , 7.0581 , 3.1653 , 6.1731 , 6.9314 , 0.1429 , -0.2498 , 0.6292 , 0.0621 , 0.0494 , 0.1267 , -0.8909 , -39.0118 , 24.5445 , 46.0907
7 , 3.8211 , 5.5450 , 7.3406 , 2.9310 , 5.6638 , 7.4499 , -0.3922 , 0.3372 , -0.0947 , 0.8902 , -0.1188 , -0.1093 , -0.8930 , -35.2780 , 21.4759 , 41.3008
7 , 1.7837 , 5.0589 , 8.0349 , 2.7683 , 5.7643 , 7.4350 , -0.2560 , 0.1405 , -0.1295 , -0.9847 , -0.7054 , 0.5999 , -0.8921 , -36.0008 , 20.4222 , 41.3899
7 , 2.7198 , 5.8179 , 8.1187 , 2.3790 , 5.9692 , 7.4081 , 0.1888 , 0.1888 , -0.2950 , 0.3408 , -0.1513 , 0.7107 , -0.8893 , -37.4946 , 17.8036 , 41.5068
10 , 5.9041 , 4.9297 , 7.1251 , 3.0723 , 5.3619 , 7.6145 , -0.3250 , -0.0305 , -0.2633 , 2.8318 , -0.4322 , -0.4894 , -0.8835 , -33.1451 , 21.9732 , 39.7671
5 , 1.9489 , 5.9448 , 6.9216 , 2.6265 , 6.0637 , 7.2459 , 0.0562 , 0.1448 , -0.3286 , -0.6776 , -0.1189 , -0.3243 , -0.9038 , -38.1940 , 19.9244 , 43.0786
9 , 1.6496 , 6.1363 , 8.2744 , 1.4156 , 6.7610 , 6.9610 , 0.3012 , -0.6542 , -0.4343 , 0.2340 , -0.6247 , 1.3134 , -0.9031 , -43.5853 , 11.4950 , 45.0756
7 , 0.6009 , 7.2999 , 6.1507 , 1.1190 , 6.5757 , 7.1887 , -0.5290 , -0.0165 , -0.0959 , -0.5181 , 0.7242 , -1.0380 , -0.8938 , -42.1087 , 8.8478 , 43.0282
6 , 2.5977 , 6.3398 , 7.6902 , 2.3491 , 6.3860 , 7.0620 , 0.0861 , 0.1619 , -0.1179 , 0.2486 , -0.0462 , 0.6282 , -0.8944 , -40.6315 , 18.3990 , 44.6031
4 , 1.6281 , 6.3829 , 7.5058 , 1.8497 , 6.5639 , 7.0473 , 0.1484 , -0.1594 , -0.1796 , -0.2216 , -0.1810 , 0.4585 , -0.8943 , -42.0154 , 14.7063 , 44.5149
3 , 4.2234 , 7.8099 , 4.4460 , 3.7690 , 7.0735 , 5.6507 , -0.0403 , 0.1264 , 0.0458 , 0.4544 , 0.7364 , -1.2047 , -0.8541 , -46.1619 , 33.7032 , 57.1561
4 , 4.4317 , 5.9352 , 6.8187 , 4.0049 , 5.7964 , 6.8215 , -0.0073 , -0.3800 , -0.0379 , 0.4268 , 0.1388 , -0.0028 , -0.8728 , -36.2330 , 30.4173 , 47.3079
6 , 2.4157 , 6.4260 , 7.6160 , 3.6993 , 6.2823 , 6.5588 , 0.3274 , -0.3036 , -0.0959 , -1.2836 , 0.1437 , 1.0572 , -0.8765 , -39.8380 , 29.4243 , 49.5263
5 , 2.1763 , 5.8682 , 4.6926 , 3.3849 , 6.2136 , 6.7900 , 0.2162 , 0.1319 , 0.0721 , -1.2085 , -0.3454 , -2.0974 , -0.8803 , -39.3171 , 26.4966 , 47.4121
7 , 0.3352 , 6.0047 , 8.0876 , 2.0884 , 5.6971 , 7.7040 , -0.3561 , -0.2462 , 0.0776 , -1.7532 , 0.3076 , 0.3836 , -0.8998 , -35.5168 , 15.1671 , 38.6197
5 , 0.1484 , 6.1507 , 8.3366 , 2.4509 , 5.9628 , 7.3897 , -0.3574 , -0.1869 , -0.0458 , -2.3025 , 0.1879 , 0.9469 , -0.9030 , -37.4479 , 18.3488 , 41.7016
9 , 2.3727 , 5.2361 , 8.4467 , 2.4808 , 4.9811 , 8.0749 , -0.1038 , -0.2731 , -0.1374 , -0.1081 , 0.2550 , 0.3718 , -0.9163 , -30.5263 , 17.0781 , 34.9788
4 , 1.1205 , 5.6910 , 7.2185 , 1.5637 , 5.6675 , 7.8489 , -0.2321 , 0.5009 , 0.2334 , -0.4432 , 0.0235 , -0.6304 , -0.9260 , -35.3045 , 11.2673 , 37.0588
9 , 3.2441 , 5.2840 , 9.2488 , 2.4243 , 5.0251 , 8.0648 , 0.0409 , -0.0959 , -0.1949 , 0.8198 , 0.2589 , 1.1840 , -0.9215 , -30.8253 , 16.7310 , 35.0731
7 , 0.8691 , 4.9656 , 7.4412 , 0.7159 , 5.1459 , 8.3173 , -0.5846 , -0.0531 , -0.2352 , 0.1532 , -0.1804 , -0.8761 , -0.9173 , -31.6508 , 4.9196 , 32.0308
6 , 2.0207 , 5.2816 , 9.5505 , 2.4529 , 5.0032 , 8.0698 , 0.2480 , 0.3018 , -0.0886 , -0.4322 , 0.2784 , 1.4807 , -0.9228 , -30.6759 , 16.9074 , 35.0267
5 , 1.9896 , 5.4492 , 7.8697 , 1.8967 , 5.3430 , 8.0016 , 0.1271 , -0.0079 , 0.0421 , 0.0929 , 0.1062 , -0.1318 , -0.9220 , -33.0132 , 13.3354 , 35.6049
4 , 0.8380 , 5.8012 , 8.3893 , 1.4367 , 5.5579 , 7.9509 , -0.0305 , 0.1448 , 0.0440 , -0.5987 , 0.2432 , 0.4384 , -0.9197 , -34.5239 , 10.2424 , 36.0111
9 , 1.7909 , 5.4947 , 8.8274 , 2.4894 , 5.1139 , 7.9888 , 0.1985 , 0.1503 , -0.0208 , -0.6985 , 0.3807 , 0.8386 , -0.9215 , -31.4314 , 17.3076 , 35.8816
5 , 1.4796 , 5.8993 , 7.5537 , 0.8608 , 5.4722 , 8.0922 , -0.4612 , 0.1014 , -0.2126 , 0.6188 , 0.4271 , -0.5385 , -0.9201 , -33.9185 , 6.0722 , 34.4577
6 , -0.1149 , 5.6743 , 7.6495 , 0.6341 , 5.0412 , 8.3877 , -0.3885 , -0.7416 , -0.1680 , -0.7490 , 0.6330 , -0.7383 , -0.9535 , -30.9349 , 4.3233 , 31.2356
7 , 0.3759 , 3.4740 , 5.3439 , 0.4310 , 4.7747 , 8.5549 , 0.5070 , -0.5773 , 0.0391 , -0.0551 , -1.3007 , -3.2111 , -0.7887 , -29.1360 , 2.8842 , 29.2784
9 , 3.2777 , 6.1435 , 13.6757 , 2.0190 , 5.3782 , 7.9479 , -0.3244 , -0.8522 , 0.3445 , 1.2587 , 0.7654 , 5.7277 , -0.7882 , -33.2586 , 14.2531 , 36.1841
8 , 2.0830 , 5.1020 , 8.3055 , 0.6470 , 5.2563 , 8.2537 , 0.3952 , -0.3231 , -0.2896 , 1.4360 , -0.1542 , 0.0518 , -0.7882 , -32.4110 , 4.4822 , 32.7194
3 , -0.6584 , 8.6814 , 16.0555 , 2.2547 , 7.3602 , 6.0757 , 1.1588 , 0.3891 , 0.3164 , -2.9131 , 1.3212 , 9.9798 , -0.7699 , -48.6365 , 20.3596 , 52.7259
5 , 1.7190 , 5.6144 , 5.4612 , 0.9191 , 6.5719 , 7.2205 , 0.7275 , 0.3775 , 0.0953 , 0.7999 , -0.9575 , -1.7593 , -0.7818 , -42.0784 , 7.2541 , 42.6991
3 , 1.9824 , 7.0054 , 9.1937 , 2.1617 , 7.1191 , 6.3887 , 1.4245 , 0.2596 , 0.0660 , -0.1793 , -0.1137 , 2.8050 , -0.7843 , -46.5478 , 18.6938 , 50.1613
6 , 1.1468 , 7.0892 , 6.6750 , 2.0318 , 7.1251 , 6.4245 , 0.1680 , 0.3250 , 0.1936 , -0.8850 , -0.0359 , 0.2505 , -0.7689 , -46.5990 , 17.5500 , 49.7943
7 , -0.3831 , 5.7557 , 8.1570 , -0.2038 , 5.4709 , 8.1362 , 0.0330 , 0.0049 , -0.3085 , -0.1793 , 0.2848 , 0.0208 , -0.7411 , -33.9090 , -1.4346 , 33.9393
8 , 0.5674 , 4.0462 , 9.9072 , 1.0924 , 5.1137 , 8.2962 , 1.0763 , -0.3195 , -0.2443 , -0.5249 , -1.0675 , 1.6110 , -0.7629 , -31.4299 , 7.5010 , 32.3126
2 , 2.0159 , 8.5736 , 9.2153 , 1.7894 , 6.6859 , 6.9475 , 0.3696 , 0.4093 , 0.0177 , 0.2266 , 1.8877 , 2.2678 , -0.7821 , -42.9823 , 14.4429 , 45.3440
3 , 3.1412 , 6.5721 , 10.9176 , 2.7822 , 6.6648 , 6.6340 , 0.9371 , 0.3934 , 0.6310 , 0.3589 , -0.0928 , 4.2836 , -0.7692 , -42.8143 , 22.7529 , 48.4846
4 , 0.6991 , 5.0182 , 5.8179 , -0.0621 , 5.3910 , 8.1917 , 0.2969 , 0.1185 , -0.6341 , 0.7612 , -0.3728 , -2.3738 , -0.7273 , -33.3484 , -0.4345 , 33.3513
7 , -0.3567 , 4.4269 , 8.8992 , 0.0077 , 4.4102 , 8.7590 , 0.0898 , -0.0092 , 0.1362 , -0.3645 , 0.0167 , 0.1402 , -0.7521 , -26.7252 , 0.0507 , 26.7253
6 , 2.5283 , 6.6774 , 12.1817 , 2.9545 , 6.3325 , 6.8804 , 1.0140 , 0.3891 , 0.0348 , -0.4263 , 0.3449 , 5.3013 , -0.7631 , -40.2210 , 23.2394 , 46.4521
4 , -0.3687 , 4.4436 , 7.6662 , 0.6129 , 5.0182 , 8.4031 , 0.4398 , -0.0452 , 0.1393 , -0.9816 , -0.5746 , -0.7369 , -0.7578 , -30.7784 , 4.1718 , 31.0598
2 , 1.9369 , 6.0071 , 9.4763 , 1.9487 , 5.4170 , 7.9391 , 0.1387 , 0.4148 , 0.1289 , -0.0118 , 0.5900 , 1.5372 , -0.7830 , -33.5306 , 13.7910 , 36.2559
9 , 2.3703 , 5.4779 , 8.1810 , 1.4303 , 5.9220 , 7.6847 , -0.1576 , 0.0434 , -0.3586 , 0.9400 , -0.4441 , 0.4963 , -0.7605 , -37.1479 , 10.5432 , 38.6151
4 , 0.7853 , 5.6767 , 9.2296 , 0.0485 , 5.1922 , 8.3192 , 0.2841 , -0.1655 , 0.1063 , 0.7368 , 0.4845 , 0.9104 , -0.7450 , -31.9685 , 0.3337 , 31.9703
7 , -1.1325 , 4.0055 , 7.4962 , -0.7781 , 4.7980 , 8.5173 , 0.6964 , 0.6597 , 0.4062 , -0.3543 , -0.7925 , -1.0210 , -0.7293 , -29.2920 , -5.2200 , 29.7535
5 , 0.9792 , 5.5929 , 7.1587 , 0.9927 , 5.5236 , 8.0421 , 0.1191 , 0.3329 , -0.0629 , -0.0135 , 0.0693 , -0.8834 , -0.7640 , -34.2805 , 7.0367 , 34.9953
8 , 0.5507 , 5.2625 , 5.1140 , 0.8777 , 5.4821 , 8.0837 , 0.3067 , -0.0061 , 0.1655 , -0.3270 , -0.2197 , -2.9697 , -0.7662 , -33.9882 , 6.1965 , 34.5484
9 , 1.1133 , 5.8012 , 12.2152 , 1.7538 , 5.3359 , 8.0389 , 0.5815 , -0.7617 , -0.4649 , -0.6405 , 0.4653 , 4.1764 , -0.7835 , -32.9636 , 12.3073 , 35.1862
6 , 3.2058 , 7.6231 , 7.0988 , 2.2582 , 6.6760 , 6.8192 , 0.1093 , 0.3506 , -0.0501 , 0.9476 , 0.9471 , 0.2796 , -0.7797 , -42.9033 , 18.3226 , 46.6521
4 , -0.7350 , 5.5258 , 7.6902 , 0.2907 , 5.8340 , 7.8772 , 0.2737 , 0.1014 , 0.2156 , -1.0257 , -0.3081 , -0.1871 , -0.7493 , -36.5053 , 2.1133 , 36.5664
7 , 0.6584 , 4.9799 , 9.4523 , 0.1686 , 5.3081 , 8.2442 , 0.7764 , -0.1008 , -0.2486 , 0.4898 , -0.3281 , 1.2081 , -0.7733 , -32.7704 , 1.1719 , 32.7913
5 , 2.9185 , 7.0892 , 8.3582 , 1.5576 , 6.6745 , 7.0139 , 0.3738 , -0.0556 , 0.1918 , 1.3609 , 0.4147 , 1.3443 , -0.7892 , -42.8916 , 12.5211 , 44.6818
8 , 0.8571 , 5.9209 , 7.6854 , 0.7298 , 6.2837 , 7.4935 , 0.5840 , 0.0739 , 0.1820 , 0.1274 , -0.3628 , 0.1918 , -0.7657 , -39.8483 , 5.5622 , 40.2346
1 , 1.5658 , 7.6686 , 5.6503 , 0.6922 , 6.9750 , 6.8586 , 0.7892 , 0.2450 , 0.0318 , 0.8736 , 0.6936 , -1.2083 , -0.7505 , -45.3368 , 5.7628 , 45.7016
5 , 0.5698 , 6.5888 , 5.3247 , 0.5576 , 6.9310 , 6.9153 , 0.4930 , -0.3457 , 0.5657 , 0.0123 , -0.3421 , -1.5906 , -0.7698 , -44.9721 , 4.6096 , 45.2077
6 , 2.3200 , 8.3438 , 9.2799 , 1.5982 , 6.7249 , 6.9564 , 0.1698 , 0.0874 , 0.4826 , 0.7218 , 1.6189 , 2.3235 , -0.7740 , -43.2948 , 12.9389 , 45.1869
8 , -0.7302 , 6.1866 , 9.8354 , 0.7353 , 6.1971 , 7.5648 , 0.1936 , -0.2700 , 0.5565 , -1.4656 , -0.0104 , 2.2706 , -0.7511 , -39.1922 , 5.5520 , 39.5835
10 , 2.9257 , 6.0023 , 6.8929 , 1.4437 , 5.7223 , 7.8321 , -0.0495 , -1.2785 , 0.0574 , 1.4820 , 0.2800 , -0.9392 , -0.7336 , -35.6979 , 10.4445 , 37.1944
4 , 0.0287 , 5.5833 , 7.0509 , 0.1357 , 6.3558 , 7.4669 , 1.2138 , -0.3543 , -0.2865 , -0.1070 , -0.7726 , -0.4160 , -0.7622 , -40.3997 , 1.0414 , 40.4131
2 , 0.7542 , 6.9432 , 5.0039 , 1.3659 , 6.8632 , 6.8703 , 1.0568 , -0.4581 , 0.1607 , -0.6117 , 0.0800 , -1.8665 , -0.7911 , -44.4149 , 11.2442 , 45.8161
7 , -0.9768 , 6.1962 , 9.1818 , -0.8641 , 5.7290 , 7.9121 , 0.6836 , -0.2743 , 0.0092 , -0.1127 , 0.4672 , 1.2696 , -0.7567 , -35.7465 , -6.2328 , 36.2858
2 , 1.4844 , 7.5848 , 7.0006 , 1.7560 , 6.9531 , 6.6889 , 0.4808 , 0.7275 , 0.2217 , -0.2716 , 0.6318 , 0.3117 , -0.8103 , -45.1548 , 14.7099 , 47.4903
2 , 0.8380 , 6.0358 , 5.2577 , 1.5143 , 6.9571 , 6.7436 , -0.0623 , 0.4417 , 0.1381 , -0.6763 , -0.9213 , -1.4859 , -0.7988 , -45.1881 , 12.6561 , 46.9270
2 , 0.5507 , 8.3582 , 9.6175 , 1.2564 , 6.8943 , 6.8600 , 0.6072 , 0.1967 , 0.2896 , -0.7058 , 1.4638 , 2.7575 , -0.8014 , -44.6702 , 10.3788 , 45.8601
1 , 0.1101 , 6.6367 , 7.7405 , -0.0835 , 6.4992 , 7.3433 , 0.3244 , 0.1002 , 0.0421 , 0.1936 , 0.1375 , 0.3972 , -0.7831 , -41.5087 , -0.6515 , 41.5138
2 , 0.5842 , 7.5274 , 8.6479 , 1.4040 , 6.9125 , 6.8130 , 0.9169 , 0.2590 , 0.5657 , -0.8198 , 0.6149 , 1.8349 , -0.7919 , -44.8199 , 11.6440 , 46.3077
4 , -0.1053 , 5.6192 , 7.8290 , -0.1433 , 6.0831 , 7.6906 , 0.4765 , -0.2682 , 0.0220 , 0.0380 , -0.4640 , 0.1384 , -0.7361 , -38.3386 , -1.0676 , 38.3535
4 , -1.1923 , 6.3949 , 7.7381 , 0.0416 , 6.2213 , 7.5805 , 0.1973 , -0.4410 , 0.2205 , -1.2339 , 0.1737 , 0.1575 , -0.7388 , -39.3749 , 0.3145 , 39.3762
9 , 1.7526 , 6.8187 , 9.2201 , 1.7113 , 6.4909 , 7.1491 , 0.8125 , 0.0257 , 1.4997 , 0.0412 , 0.3278 , 2.0709 , -0.7486 , -41.4439 , 13.4619 , 43.5755
10 , 2.0016 , 4.9536 , 8.1020 , 1.1743 , 5.6545 , 7.9258 , 0.2847 , -0.3506 , -0.2101 , 0.8273 , -0.7009 , 0.1762 , -0.7107 , -35.2115 , 8.4275 , 36.2059
1 , 1.6544 , 7.1658 , 4.8842 , 1.3835 , 7.0857 , 6.6370 , 0.9890 , 0.3781 , -0.0880 , 0.2709 , 0.0802 , -1.7528 , -0.7375 , -46.2644 , 11.7746 , 47.7392
9 , 2.9688 , 6.6367 , 7.5992 , 1.6651 , 6.7092 , 6.9558 , 0.4447 , 1.0305 , 0.0764 , 1.3037 , -0.0725 , 0.6434 , -0.7167 , -43.1690 , 13.4626 , 45.2195
1 , 1.4964 , 7.0892 , 7.6734 , 0.5125 , 7.1033 , 6.7417 , 0.3445 , 0.5534 , -0.0495 , 0.9838 , -0.0141 , 0.9317 , -0.7301 , -46.4137 , 4.3476 , 46.6169
9 , 0.9361 , 6.8211 , 9.6869 , 1.6576 , 6.8320 , 6.8371 , -0.0098 , -0.7373 , 0.4740 , -0.7215 , -0.0109 , 2.8498 , -0.7255 , -44.1606 , 13.6283 , 46.2157
1 , 1.0750 , 6.0501 , 5.2457 , 0.4071 , 7.0844 , 6.7687 , 0.5186 , 0.2651 , -0.1197 , 0.6679 , -1.0342 , -1.5231 , -0.7243 , -46.2536 , 3.4421 , 46.3815
9 , 2.4541 , 6.9767 , 8.7340 , 1.3510 , 6.6015 , 7.1250 , 0.0959 , -0.8528 , 0.1863 , 1.1030 , 0.3752 , 1.6090 , -0.7187 , -42.3115 , 10.7368 , 43.6526
3 , 2.2793 , 7.3622 , 5.3702 , 1.2433 , 7.6194 , 6.0473 , 0.7776 , 0.1570 , 0.8613 , 1.0359 , -0.2572 , -0.6771 , -0.7433 , -50.9832 , 11.6182 , 52.2903
1 , 0.5794 , 7.6614 , 3.7781 , -0.0519 , 7.9062 , 5.8017 , 0.9187 , 0.1998 , -0.0825 , 0.6313 , -0.2447 , -2.0237 , -0.6882 , -53.7268 , -0.3761 , 53.7281
10 , 1.3838 , 4.7094 , 7.7883 , 1.0342 , 5.6580 , 7.9428 , 0.1833 , -0.1014 , -0.0751 , 0.3496 , -0.9486 , -0.1545 , -0.7104 , -35.2364 , 7.4188 , 36.0090
2 , 2.4181 , 7.0054 , 7.1467 , 1.7015 , 6.9451 , 6.7112 , 0.0886 , -0.6029 , 0.3842 , 0.7166 , 0.0603 , 0.4355 , -0.7344 , -45.0891 , 14.2268 , 47.2803
8 , 0.6560 , 6.7038 , 9.5289 , 0.2658 , 6.1917 , 7.6002 , -1.1631 , -0.3818 , 0.4966 , 0.3902 , 0.5121 , 1.9287 , -0.7246 , -39.1516 , 2.0029 , 39.2028
8 , 0.9888 , 6.1244 , 9.0980 , 0.6315 , 5.8726 , 7.8284 , 0.3512 , -0.5712 , 0.2938 , 0.3573 , 0.2517 , 1.2696 , -0.7256 , -36.7871 , 4.6120 , 37.0751
6 , 2.5714 , 7.5465 , 6.0885 , 1.8045 , 7.0964 , 6.5234 , -0.2236 , -0.8894 , 0.7880 , 0.7669 , 0.4501 , -0.4350 , -0.7743 , -46.3554 , 15.4623 , 48.8662
6 , 2.8850 , 6.9073 , 9.4763 , 2.1293 , 6.6735 , 6.8629 , 0.7844 , 0.6072 , 0.7220 , 0.7557 , 0.2337 , 2.6133 , -0.7653 , -42.8837 , 17.2374 , 46.2184
1 , 0.7278 , 6.6272 , 6.0094 , 0.8074 , 6.8932 , 6.9284 , 0.4820 , -0.4221 , -0.0751 , -0.0795 , -0.2660 , -0.9190 , -0.7394 , -44.6607 , 6.6466 , 45.1526
5 , 1.7382 , 6.8546 , 7.0174 , 0.8641 , 7.1773 , 6.6264 , 0.2743 , -0.0757 , 0.8705 , 0.8741 , -0.3227 , 0.3910 , -0.7401 , -47.0446 , 7.4297 , 47.6277
2 , 1.7119 , 7.6184 , 7.1970 , 0.9767 , 7.3423 , 6.4270 , 1.1093 , -0.0421 , -0.1545 , 0.7351 , 0.2760 , 0.7700 , -0.7518 , -48.4788 , 8.6411 , 49.2429
8 , 0.2873 , 7.6710 , 7.4508 , 0.1708 , 6.7264 , 7.1342 , 0.2193 , 0.3195 , 0.5852 , 0.1165 , 0.9446 , 0.3166 , -0.7230 , -43.3070 , 1.3716 , 43.3287
3 , 1.5323 , 8.1690 , 7.7596 , 1.5092 , 7.2997 , 6.3723 , 0.9010 , 0.8778 , 0.4985 , 0.0231 , 0.8693 , 1.3873 , -0.7526 , -48.1046 , 13.3238 , 49.9157
5 , 0.6847 , 6.4045 , 6.6679 , 0.6742 , 6.9133 , 6.9225 , 0.1155 , -0.2181 , 0.2566 , 0.0106 , -0.5089 , -0.2547 , -0.7032 , -44.8267 , 5.5624 , 45.1705
2 , 0.3112 , 5.5713 , 5.5138 , 0.9520 , 7.0078 , 6.7937 , 0.3085 , 0.1020 , 0.5046 , -0.6407 , -1.4365 , -1.2798 , -0.7140 , -45.6105 , 7.9767 , 46.3028
10 , 2.9257 , 5.6192 , 7.1491 , 1.2495 , 5.9777 , 7.6731 , -0.3427 , -0.5046 , -0.8357 , 1.6762 , -0.3585 , -0.5240 , -0.6700 , -37.5573 , 9.2489 , 38.6793
5 , 1.5347 , 6.2489 , 6.0908 , 1.3704 , 6.5669 , 7.1532 , 0.0153 , -0.0122 , 0.1686 , 0.1643 , -0.3180 , -1.0623 , -0.7114 , -42.0392 , 10.8453 , 43.4156
7 , 0.9409 , 4.0606 , 7.8697 , 0.3090 , 5.3792 , 8.1938 , -0.3170 , 0.9749 , -0.4423 , 0.6319 , -1.3186 , -0.3241 , -0.6707 , -33.2659 , 2.1595 , 33.3359
6 , 2.3056 , 6.6990 , 6.8570 , 1.5630 , 6.8723 , 6.8190 , 0.4123 , 0.6365 , 0.0257 , 0.7426 , -0.1733 , 0.0379 , -0.7345 , -44.4893 , 12.9098 , 46.3245
3 , 2.6193 , 7.4675 , 7.0509 , 1.1198 , 7.0614 , 6.7122 , 0.3543 , 0.5864 , 0.1448 , 1.4995 , 0.4062 , 0.3387 , -0.7064 , -46.0593 , 9.4714 , 47.0230
10 , 1.3767 , 4.8650 , 7.5513 , 0.8221 , 5.9683 , 7.7378 , 0.0098 , -0.5052 , -0.5950 , 0.5546 , -1.1033 , -0.1865 , -0.7057 , -37.4883 , 6.0647 , 37.9757
3 , 1.8387 , 8.0421 , 7.9966 , 2.1482 , 7.4257 , 6.0344 , 0.9029 , 0.5266 , 0.5809 , -0.3094 , 0.6164 , 1.9622 , -0.7330 , -49.2192 , 19.5949 , 52.9763
4 , 0.2610 , 6.7852 , 6.1986 , 0.8725 , 6.5105 , 7.2817 , -0.5693 , 0.0831 , 0.0684 , -0.6115 , 0.2747 , -1.0831 , -0.7045 , -41.5968 , 6.8324 , 42.1542
1 , 0.6680 , 6.6798 , 5.6000 , 0.9408 , 6.9713 , 6.8327 , 0.0892 , 0.3097 , 0.2046 , -0.2728 , -0.2915 , -1.2327 , -0.7044 , -45.3061 , 7.8399 , 45.9794
3 , 3.9672 , 7.8434 , 2.3798 , 2.9309 , 7.6387 , 5.4065 , -0.0898 , 0.7617 , 0.5870 , 1.0363 , 0.2047 , -3.0267 , -0.7215 , -51.1628 , 28.4622 , 58.5469
5 , 2.6312 , 5.9352 , 6.5673 , 1.5792 , 6.7242 , 6.9614 , 0.2737 , 0.0941 , -0.0348 , 1.0521 , -0.7890 , -0.3941 , -0.7123 , -43.2892 , 12.7809 , 45.1365
9 , 2.8635 , 6.6559 , 7.0749 , 2.0958 , 6.5916 , 6.9519 , -0.1570 , -0.7312 , 0.4423 , 0.7677 , 0.0643 , 0.1230 , -0.7140 , -42.2338 , 16.7764 , 45.4438
6 , 1.0846 , 7.3598 , 7.0198 , 2.1794 , 7.0800 , 6.4260 , -0.4716 , 0.2743 , 0.9578 , -1.0948 , 0.2797 , 0.5938 , -0.7071 , -46.2168 , 18.7345 , 49.8696
2 , 1.4748 , 7.8697 , 6.7900 , 2.3165 , 7.3058 , 6.1179 , 0.2236 , 0.0861 , 0.4936 , -0.8417 , 0.5639 , 0.6720 , -0.6981 , -48.1580 , 20.7387 , 52.4337
8 , 1.8028 , 5.3271 , 8.1259 , 1.1624 , 6.3080 , 7.4181 , 0.0464 , -0.4026 , -0.0171 , 0.6405 , -0.9809 , 0.7078 , -0.6875 , -40.0339 , 8.9054 , 41.0124
5 , 1.3240 , 6.6439 , 5.3558 , 1.9127 , 7.0213 , 6.5737 , -0.5999 , 0.2627 , 0.4129 , -0.5887 , -0.3773 , -1.2179 , -0.7137 , -45.7227 , 16.2228 , 48.5154
3 , 2.2122 , 7.0988 , 7.2592 , 2.8779 , 7.1658 , 6.0447 , 0.0770 , 0.8955 , 0.5565 , -0.6656 , -0.0670 , 1.2145 , -0.7332 , -46.9461 , 25.4590 , 53.4051
5 , -0.4932 , 6.6128 , 6.9576 , 1.1372 , 6.9137 , 6.8613 , -0.0605 , -0.1863 , 1.2034 , -1.6304 , -0.3009 , 0.0962 , -0.7165 , -44.8298 , 9.4110 , 45.8069
10 , 0.6033 , 5.2864 , 7.5298 , 1.6621 , 5.9511 , 7.6153 , 0.0122 , -0.2957 , 0.4673 , -1.0587 , -0.6647 , -0.0855 , -0.6787 , -37.3615 , 12.3121 , 39.3379
8 , 2.2146 , 6.3710 , 7.6734 , 1.3947 , 6.5654 , 7.1499 , 0.0269 , -0.0886 , -0.1991 , 0.8200 , -0.1944 , 0.5235 , -0.7120 , -42.0270 , 11.0376 , 43.4522
6 , 1.0822 , 7.1084 , 5.3726 , 1.7113 , 7.7836 , 5.7147 , -0.0678 , 0.3317 , 0.8955 , -0.6292 , -0.6752 , -0.3421 , -0.7220 , -52.5329 , 12.4000 , 53.9766
2 , 1.3168 , 7.8243 , 5.6575 , 2.6613 , 7.2928 , 5.9920 , -0.0476 , 0.2260 , 0.5559 , -1.3445 , 0.5315 , -0.3345 , -0.7221 , -48.0437 , 23.9478 , 53.6814
3 , 3.9002 , 7.5369 , 5.6503 , 3.0453 , 7.3685 , 5.7098 , -0.0654 , 0.0250 , 0.2266 , 0.8548 , 0.1685 , -0.0595 , -0.7074 , -48.7096 , 28.0733 , 56.2204
9 , 3.2896 , 6.6894 , 6.2082 , 2.5089 , 6.9478 , 6.4501 , 0.0476 , 0.2065 , -0.0806 , 0.7807 , -0.2584 , -0.2419 , -0.6928 , -45.1114 , 21.2547 , 49.8678
7 , 1.0056 , 6.3782 , 8.9447 , 1.0311 , 6.4416 , 7.3221 , 0.5932 , 0.0128 , -0.1038 , -0.0255 , -0.0635 , 1.6227 , -0.6676 , -41.0610 , 8.0158 , 41.8361
3 , 1.6544 , 7.7883 , 6.3853 , 2.9134 , 7.5203 , 5.5792 , -0.0696 , -0.0379 , 0.4453 , -1.2590 , 0.2681 , 0.8061 , -0.7081 , -50.0723 , 27.5732 , 57.1621
8 , 3.4860 , 5.5713 , 6.9911 , 2.2454 , 6.3471 , 7.1305 , 0.8302 , -0.0898 , -0.0434 , 1.2405 , -0.7757 , -0.1394 , -0.6982 , -40.3323 , 17.4794 , 43.9571
2 , 1.7741 , 7.1539 , 3.2537 , 1.7615 , 7.8163 , 5.6545 , 0.2407 , 0.1863 , 0.7098 , 0.0126 , -0.6624 , -2.4008 , -0.7215 , -52.8483 , 12.7002 , 54.3529
3 , 4.0127 , 8.1187 , 5.6264 , 2.8283 , 7.8299 , 5.1830 , 0.2859 , 0.3824 , 0.5980 , 1.1844 , 0.2888 , 0.4434 , -0.7096 , -52.9802 , 19.8608 , 56.5805
8 , 1.0439 , 7.4555 , 7.7189 , 1.8079 , 6.7995 , 6.8314 , 0.4258 , -0.2095 , 0.3708 , -0.7641 , 0.6560 , 0.8875 , -0.7257 , -43.8966 , 14.8236 , 46.3320
9 , 0.0335 , 6.1459 , 9.4643 , 1.9005 , 6.7771 , 6.8286 , 0.2334 , 0.4551 , 0.5089 , -1.8670 , -0.6311 , 2.6357 , -0.7292 , -43.7147 , 15.5526 , 46.3989
5 , 2.2482 , 7.0246 , 5.8802 , 1.8904 , 7.2893 , 6.2820 , 0.1216 , 0.5394 , 0.3115 , 0.3577 , -0.2647 , -0.4018 , -0.7165 , -48.0133 , 16.7481 , 50.8506
3 , -0.0215 , 7.5226 , 5.1787 , 2.1866 , 8.1078 , 5.0649 , -0.1350 , 0.3873 , 0.9841 , -2.2082 , -0.5852 , 0.1138 , -0.7035 , -55.7676 , 15.0933 , 57.7740
4 , 0.8356 , 7.1443 , 5.0901 , 0.6911 , 7.2589 , 6.5576 , -0.0849 , -0.0293 , 0.1998 , 0.1445 , -0.1146 , -1.4675 , -0.7072 , -47.7482 , 6.0163 , 48.1258
5 , 0.5842 , 6.6655 , 6.9599 , 1.6030 , 7.2806 , 6.3713 , 0.1271 , 0.3396 , 0.2437 , -1.0188 , -0.6151 , 0.5886 , -0.7107 , -47.9374 , 14.1220 , 49.9743
1 , -1.1540 , 8.0493 , 8.4300 , 1.1246 , 7.5733 , 6.1279 , 0.9365 , 0.5932 , 0.6231 , -2.2786 , 0.4760 , 2.3021 , -0.7118 , -50.5573 , 10.3994 , 51.6158
10 , 2.0973 , 6.1866 , 8.6072 , 1.3357 , 6.5970 , 7.1320 , 0.1545 , 0.2944 , -0.0397 , 0.7617 , -0.4104 , 1.4751 , -0.6822 , -42.2766 , 10.6072 , 43.5869
7 , 1.9034 , 6.5146 , 9.2273 , 1.0104 , 6.6693 , 7.1183 , 0.3946 , -0.2498 , -0.0709 , 0.8930 , -0.1547 , 2.1090 , -0.6820 , -42.8500 , 8.0791 , 43.6050
7 , 1.8962 , 7.1994 , 10.0652 , 1.1845 , 6.7472 , 7.0173 , 0.5479 , 0.2217 , -0.0641 , 0.7117 , 0.4522 , 3.0479 , -0.6820 , -43.4737 , 9.5814 , 44.5170
2 , 1.7406 , 7.4627 , 3.7589 , 1.9642 , 7.9495 , 5.3961 , -0.7483 , 0.2260 , 0.3189 , -0.2236 , -0.4868 , -1.6372 , -0.7024 , -54.1570 , 13.8788 , 55.9071
2 , 3.4429 , 7.0030 , 3.6033 , 2.1600 , 7.5202 , 5.9120 , -0.3629 , 0.5217 , 0.2181 , 1.2828 , -0.5171 , -2.3087 , -0.7074 , -50.0711 , 20.0704 , 53.9439
7 , 0.8811 , 5.2553 , 6.7756 , 0.6030 , 6.2035 , 7.5713 , -0.2144 , 0.0476 , 0.0324 , 0.2781 , -0.9482 , -0.7957 , -0.7030 , -39.2404 , 4.5533 , 39.5037
10 , 0.4046 , 6.1603 , 6.8426 , 1.3248 , 5.9330 , 7.6951 , -0.4252 , -0.1979 , 0.6829 , -0.9202 , 0.2273 , -0.8525 , -0.6997 , -37.2285 , 9.7684 , 38.4888
4 , 1.2378 , 6.4763 , 6.1172 , 1.1601 , 6.7505 , 7.0183 , -0.1466 , 0.6029 , -0.2199 , 0.0777 , -0.2741 , -0.9011 , -0.6911 , -43.5000 , 9.3863 , 44.5012
1 , 2.2003 , 7.4316 , 4.2880 , 1.6783 , 7.4654 , 6.1337 , -0.0904 , 0.8363 , 0.0556 , 0.5220 , -0.0338 , -1.8456 , -0.6906 , -49.5752 , 15.3027 , 51.8833
6 , 2.9880 , 6.5553 , 6.7684 , 2.3085 , 7.0181 , 6.4488 , -0.2669 , 0.3525 , 0.4905 , 0.6795 , -0.4628 , 0.3196 , -0.7045 , -45.6965 , 19.6958 , 49.7604
4 , 1.9920 , 6.2560 , 6.3470 , 1.2509 , 6.7297 , 7.0226 , 0.2205 , 0.6182 , -0.0275 , 0.7411 , -0.4736 , -0.6756 , -0.6879 , -43.3330 , 10.0999 , 44.4944
8 , 2.0518 , 6.4356 , 7.5561 , 1.5894 , 6.4767 , 7.1901 , -0.1472 , 0.7856 , -0.0696 , 0.4624 , -0.0411 , 0.3660 , -0.6853 , -41.3332 , 12.4650 , 43.1718
10 , 1.5323 , 5.9999 , 8.9735 , 1.3478 , 6.1135 , 7.5485 , 0.2682 , 0.0593 , 0.1191 , 0.1845 , -0.1136 , 1.4250 , -0.6728 , -38.5649 , 10.1236 , 39.8716
9 , 2.8084 , 6.6846 , 6.3805 , 2.1462 , 6.5900 , 6.9380 , 0.1210 , 1.2541 , 0.2169 , 0.6622 , 0.0946 , -0.5575 , -0.6922 , -42.2212 , 17.1887 , 45.5859
7 , -0.4094 , 5.3630 , 6.8019 , -0.0124 , 6.4253 , 7.4085 , -0.1588 , -0.2303 , 0.2529 , -0.3970 , -1.0623 , -0.6066 , -0.7026 , -40.9345 , -0.0960 , 40.9346
1 , 2.2338 , 7.2927 , 1.2617 , 1.5941 , 7.6964 , 5.8647 , 0.1717 , 0.9261 , 0.2004 , 0.6397 , -0.4036 , -4.6030 , -0.7065 , -51.7032 , 15.2064 , 53.8929
8 , 0.0503 , 6.1387 , 5.4277 , 1.3350 , 6.8322 , 6.9072 , -0.3903 , 0.1710 , 0.1234 , -1.2847 , -0.6935 , -1.4795 , -0.7012 , -44.1622 , 10.9389 , 45.4968
8 , 1.2402 , 5.6982 , 9.0142 , 1.1543 , 6.4367 , 7.3080 , 0.1631 , 0.8564 , 0.0684 , 0.0859 , -0.7385 , 1.7062 , -0.7026 , -41.0230 , 8.9754 , 41.9933
10 , 0.7661 , 5.2194 , 8.5904 , 0.9591 , 6.1199 , 7.6025 , 0.2566 , 0.0140 , -0.0171 , -0.1930 , -0.9005 , 0.9879 , -0.6805 , -38.6127 , 7.1903 , 39.2764
9 , -0.3089 , 7.5106 , 6.8378 , 1.5035 , 7.1650 , 6.5248 , 0.1796 , 0.2065 , 0.2511 , -1.8124 , 0.3456 , 0.3131 , -0.6986 , -46.9390 , 12.9765 , 48.6997
4 , 0.0263 , 6.2106 , 6.1076 , 0.8311 , 6.8811 , 6.9376 , 0.1991 , 0.2828 , -0.1387 , -0.8048 , -0.6705 , -0.8300 , -0.6846 , -44.5613 , 6.8312 , 45.0819
1 , 0.5435 , 7.1539 , 3.7445 , 1.4194 , 7.6891 , 5.9189 , -0.0525 , 0.6121 , 0.1900 , -0.8759 , -0.5352 , -2.1744 , -0.6915 , -51.6347 , 13.4850 , 53.3666
7 , 1.0367 , 6.2991 , 8.8801 , 1.2279 , 6.4857 , 7.2525 , 0.2975 , -0.0446 , 0.0629 , -0.1912 , -0.1866 , 1.6276 , -0.6854 , -41.4036 , 9.6093 , 42.5041
5 , -0.6728 , 7.5322 , 7.8362 , 2.2237 , 7.2714 , 6.1929 , 0.8595 , -0.2541 , 0.8656 , -2.8965 , 0.2608 , 1.6433 , -0.7017 , -47.8572 , 19.7518 , 51.7730
1 , 2.2936 , 9.1506 , 2.2290 , 2.1200 , 7.9314 , 5.3636 , -0.0935 , 0.5180 , 0.1130 , 0.1736 , 1.2192 , -3.1346 , -0.6817 , -53.9770 , 14.9649 , 56.0131
2 , 5.4636 , 7.8673 , 5.0111 , 3.1416 , 7.4557 , 5.5420 , 0.3732 , 1.3952 , -0.1289 , 2.3220 , 0.4117 , -0.5309 , -0.6632 , -49.4878 , 29.5478 , 57.6378
8 , 3.1747 , 6.6774 , 6.8211 , 2.5835 , 6.9310 , 6.4387 , 0.7269 , 0.2786 , 0.1448 , 0.5912 , -0.2536 , 0.3824 , -0.6527 , -44.9725 , 21.8633 , 50.0053
6 , 5.2361 , 7.5729 , 4.2569 , 2.7758 , 7.6579 , 5.4610 , -0.2230 , 0.3781 , 0.3280 , 2.4603 , -0.0850 , -1.2041 , -0.6656 , -51.3417 , 26.9443 , 57.9825
2 , 1.4485 , 8.2648 , 2.4780 , 2.1929 , 8.0442 , 5.1627 , 0.0953 , 0.1191 , 0.3372 , -0.7444 , 0.2206 , -2.6847 , -0.6638 , -55.1125 , 15.2487 , 57.1831
1 , 1.1468 , 7.1491 , 2.3774 , 0.8206 , 7.6076 , 6.1336 , 0.4355 , 0.2645 , 0.1594 , 0.3263 , -0.4585 , -3.7562 , -0.6933 , -50.8741 , 7.6197 , 51.4416
6 , 2.5905 , 6.8929 , 5.6072 , 2.2054 , 7.4202 , 6.0206 , -0.3164 , -0.0709 , 0.6304 , 0.3851 , -0.5273 , -0.4134 , -0.6866 , -49.1695 , 20.1186 , 53.1263
2 , 3.6057 , 7.2042 , 4.6040 , 2.2323 , 7.5197 , 5.8857 , 0.1319 , 0.3989 , 0.5418 , 1.3734 , -0.3155 , -1.2816 , -0.6938 , -50.0670 , 20.7706 , 54.2045
8 , 2.3511 , 6.2896 , 6.4165 , 1.7723 , 6.6599 , 6.9768 , 0.4294 , 0.1442 , 0.2352 , 0.5788 , -0.3703 , -0.5603 , -0.6813 , -42.7748 , 14.2534 , 45.0870
3 , 2.4924 , 7.3358 , 5.1212 , 2.6496 , 7.5194 , 5.7104 , -0.4478 , 0.6078 , 0.0232 , -0.1572 , -0.1836 , -0.5892 , -0.7018 , -50.0642 , 24.8906 , 55.9103
3 , 2.1835 , 7.2856 , 5.5091 , 2.7593 , 7.5580 , 5.6066 , -0.2786 , 0.5455 , 0.1772 , -0.5758 , -0.2724 , -0.0975 , -0.6999 , -50.4166 , 26.2043 , 56.8199
3 , 2.6049 , 7.0820 , 6.4907 , 2.5751 , 7.4752 , 5.8017 , -0.3665 , 0.6463 , 0.0629 , 0.0298 , -0.3932 , 0.6890 , -0.7008 , -49.6641 , 23.9342 , 55.1305
2 , 2.7653 , 7.7524 , 8.5617 , 2.1236 , 7.4664 , 5.9928 , 1.1026 , 0.3549 , -0.1478 , 0.6417 , 0.2860 , 2.5689 , -0.7008 , -49.5842 , 19.5123 , 53.2853
7 , 0.2490 , 4.4388 , 7.7381 , 0.4278 , 6.0706 , 7.6900 , 0.6829 , 0.3231 , -0.2407 , -0.1788 , -1.6317 , 0.0481 , -0.7032 , -38.2450 , 3.1839 , 38.3773
2 , 3.3064 , 7.5322 , 4.8698 , 2.2986 , 7.3760 , 6.0400 , -0.2529 , 0.2480 , 0.4814 , 1.0078 , 0.1561 , -1.1702 , -0.7102 , -48.7765 , 20.8351 , 53.0400
6 , 1.3096 , 6.7014 , 8.0397 , 2.4660 , 6.5934 , 6.8276 , 0.0440 , 0.4233 , 0.4930 , -1.1564 , 0.1080 , 1.2121 , -0.7224 , -42.2477 , 19.8588 , 46.6823
10 , 2.6719 , 5.3199 , 8.7412 , 1.8271 , 6.2680 , 7.3174 , 0.2285 , 0.5260 , 0.1216 , 0.8449 , -0.9480 , 1.4238 , -0.6903 , -39.7287 , 14.0192 , 42.1297
1 , 1.6233 , 7.2784 , 2.7342 , 2.1740 , 7.6644 , 5.7184 , 0.0904 , 0.3421 , -0.1881 , -0.5507 , -0.3861 , -2.9843 , -0.7174 , -51.4033 , 20.8152 , 55.4578
2 , 2.7821 , 8.5066 , 1.9082 , 2.5636 , 8.1224 , 4.8605 , 0.0867 , 0.9621 , 0.2175 , 0.2184 , 0.3842 , -2.9523 , -0.7151 , -55.9199 , 17.5169 , 58.5993
2 , 2.0973 , 7.4723 , 3.6966 , 1.8204 , 7.5127 , 6.0345 , -0.3641 , 0.2065 , 0.8326 , 0.2769 , -0.0404 , -2.3379 , -0.7143 , -50.0035 , 16.7868 , 52.7460
9 , 2.8012 , 7.0390 , 6.1555 , 1.8626 , 6.9447 , 6.6688 , -0.1472 , 0.3470 , -0.0727 , 0.9386 , 0.0943 , -0.5133 , -0.6880 , -45.0855 , 15.6053 , 47.7098
2 , 0.9529 , 6.6439 , 6.9025 , 1.7265 , 7.3594 , 6.2473 , 0.2932 , -0.5699 , 0.1747 , -0.7736 , -0.7155 , 0.6552 , -0.6957 , -48.6293 , 15.4486 , 51.0242
2 , 0.8835 , 7.0605 , 8.0637 , 1.7538 , 7.4797 , 6.0950 , 0.5980 , -0.4313 , 0.2401 , -0.8703 , -0.4192 , 1.9686 , -0.6962 , -49.7040 , 16.0524 , 52.2318
1 , 0.0239 , 6.4380 , 6.7780 , 1.3323 , 7.0844 , 6.6488 , 0.6927 , 0.1857 , 0.2700 , -1.3084 , -0.6464 , 0.1292 , -0.6823 , -46.2538 , 11.3311 , 47.6215
3 , 4.3766 , 7.9583 , 3.7110 , 2.4214 , 8.1062 , 4.9595 , 0.1503 , -0.0696 , 0.1008 , 1.9552 , -0.1479 , -1.2485 , -0.6732 , -55.7511 , 16.6312 , 58.1789
4 , 2.6600 , 5.9472 , 7.1682 , 1.0795 , 6.6810 , 7.0971 , 0.9963 , 0.7697 , -0.6249 , 1.5804 , -0.7338 , 0.0711 , -0.6882 , -42.9434 , 8.6487 , 43.8056
8 , 2.6480 , 6.3183 , 8.3653 , 1.1561 , 6.6171 , 7.1448 , 0.3146 , -0.4997 , 0.0556 , 1.4919 , -0.2988 , 1.2206 , -0.6892 , -42.4351 , 9.1915 , 43.4192
2 , 1.0750 , 6.5050 , 6.5434 , 1.5970 , 7.6719 , 5.8960 , -0.0391 , 0.3958 , 0.0018 , -0.5220 , -1.1668 , 0.6474 , -0.7128 , -51.4728 , 15.1558 , 53.6577
1 , 0.9337 , 7.5010 , 3.5626 , 1.2023 , 7.6820 , 5.9759 , -0.0195 , 0.8387 , -0.2309 , -0.2685 , -0.1810 , -2.4134 , -0.7011 , -51.5680 , 11.3752 , 52.8077
9 , 0.4334 , 7.1635 , 7.5609 , 1.6995 , 7.1245 , 6.5210 , 0.4643 , -0.2566 , 0.1906 , -1.2662 , 0.0389 , 1.0399 , -0.6962 , -46.5939 , 14.6077 , 48.8300
3 , 5.7820 , 8.5042 , 3.2394 , 2.7122 , 7.6095 , 5.5596 , 0.0641 , 0.5296 , -0.0263 , 3.0698 , 0.8947 , -2.3203 , -0.6995 , -50.8918 , 26.0052 , 57.1511
5 , -0.4549 , 7.1395 , 5.5138 , 1.4299 , 7.2176 , 6.4833 , 0.2126 , -0.5608 , 0.1399 , -1.8848 , -0.0780 , -0.9694 , -0.7048 , -47.3905 , 12.4378 , 48.9955
3 , 4.0079 , 7.5824 , 5.8227 , 2.7106 , 7.2237 , 6.0532 , -0.4924 , 0.5198 , 0.3745 , 1.2973 , 0.3587 , -0.2305 , -0.7193 , -47.4436 , 24.1229 , 53.2242
7 , -0.0239 , 5.9161 , 6.8857 , -0.2487 , 6.3539 , 7.4657 , 0.4319 , -0.5198 , 0.2211 , 0.2248 , -0.4379 , -0.5799 , -0.6853 , -40.3850 , -1.9080 , 40.4300
1 , 0.3974 , 7.2257 , 4.5466 , 0.4270 , 7.3998 , 6.4212 , 0.0904 , -0.5217 , 0.3427 , -0.0296 , -0.1741 , -1.8746 , -0.6852 , -48.9875 , 3.8045 , 49.1350
5 , 1.3886 , 6.7732 , 6.6415 , 0.8438 , 6.7705 , 7.0440 , -0.2608 , 0.8241 , -0.0483 , 0.5448 , 0.0027 , -0.4025 , -0.7035 , -43.6618 , 6.8310 , 44.1929
8 , 0.8954 , 6.4476 , 7.5657 , 1.0202 , 6.7438 , 7.0463 , 0.1545 , 0.0147 , 0.1148 , -0.1248 , -0.2962 , 0.5193 , -0.6872 , -43.4463 , 8.2381 , 44.2204
4 , 1.9513 , 5.8993 , 7.4603 , 0.7453 , 6.3426 , 7.4422 , 0.4753 , 0.5198 , -0.3726 , 1.2060 , -0.4433 , 0.0181 , -0.6885 , -40.2981 , 5.7187 , 40.7019
2 , 2.6815 , 7.6040 , 5.9209 , 1.4562 , 7.5763 , 6.0538 , 0.0586 , -0.4123 , 0.4197 , 1.2253 , 0.0277 , -0.1330 , -0.6591 , -50.5853 , 13.5251 , 52.3622
3 , 3.1364 , 7.9009 , 5.4492 , 2.1267 , 8.0438 , 5.1908 , -0.2920 , 0.6756 , 0.5492 , 1.0097 , -0.1430 , 0.2584 , -0.6902 , -55.1090 , 14.8098 , 57.0642
10 , 0.9768 , 5.3008 , 7.4843 , 1.2925 , 6.7516 , 6.9940 , 0.2767 , -0.2896 , 0.0104 , -0.3156 , -1.4508 , 0.4903 , -0.6605 , -43.5090 , 10.4699 , 44.7510
1 , 0.8284 , 7.5537 , 5.1547 , 1.1063 , 7.6863 , 5.9890 , 0.7446 , 0.6542 , -0.2706 , -0.2779 , -0.1326 , -0.8343 , -0.6932 , -51.6081 , 10.4658 , 52.6586
6 , 1.9609 , 7.4986 , 7.2377 , 1.7493 , 7.5270 , 6.0378 , -0.3213 , 0.1759 , 0.5479 , 0.2115 , -0.0283 , 1.1999 , -0.7034 , -50.1331 , 16.1576 , 52.6726
9 , 3.9600 , 7.3813 , 7.3143 , 1.8027 , 6.9646 , 6.6644 , 0.3183 , 0.6359 , 0.5021 , 2.1573 , 0.4167 , 0.6498 , -0.6988 , -45.2507 , 15.1358 , 47.7149
3 , 3.6272 , 7.8578 , 4.6040 , 2.4391 , 7.7861 , 5.4403 , 0.0263 , 0.3128 , 0.0941 , 1.1881 , 0.0716 , -0.8363 , -0.7135 , -52.5575 , 17.3938 , 55.3610
2 , 0.4142 , 6.8139 , 6.7421 , 1.3520 , 7.3390 , 6.3625 , 0.4001 , -0.0684 , 0.4368 , -0.9378 , -0.5251 , 0.3795 , -0.7135 , -48.4492 , 11.9965 , 49.9124
3 , 4.5107 , 7.6136 , 4.7716 , 2.5305 , 7.7872 , 5.3970 , -0.4300 , 1.0208 , 0.2010 , 1.9802 , -0.1736 , -0.6253 , -0.6980 , -52.5673 , 18.0022 , 55.5644
4 , 2.3391 , 6.3327 , 6.1339 , 1.3124 , 6.7537 , 6.9882 , 0.4404 , 0.2993 , -0.2138 , 1.0268 , -0.4210 , -0.8543 , -0.6871 , -43.5262 , 10.6359 , 44.8068
5 , 2.9497 , 6.3758 , 7.6926 , 2.0936 , 6.8458 , 6.7024 , 0.3531 , 0.5192 , -0.1765 , 0.8560 , -0.4701 , 0.9902 , -0.6880 , -44.2733 , 17.3473 , 47.5505
8 , 1.1875 , 6.7469 , 8.0709 , 2.0733 , 6.5339 , 7.0129 , 0.4026 , 0.1515 , 0.2724 , -0.8857 , 0.2130 , 1.0580 , -0.6694 , -41.7799 , 16.4695 , 44.9089
8 , 2.3391 , 6.5960 , 8.6000 , 2.1772 , 6.6133 , 6.9061 , 0.6200 , 0.0428 , -0.1124 , 0.1620 , -0.0173 , 1.6939 , -0.6662 , -42.4054 , 17.4977 , 45.8736
10 , 1.6783 , 5.9783 , 8.5497 , 2.1185 , 6.5629 , 6.9722 , 0.0849 , 0.0006 , 0.0336 , -0.4401 , -0.5845 , 1.5775 , -0.6603 , -42.0073 , 16.9012 , 45.2798
3 , -1.5706 , 7.7476 , 7.4675 , 2.5868 , 7.6721 , 5.5333 , -0.1582 , 0.0721 , 1.1875 , -4.1574 , 0.0755 , 1.9343 , -0.6781 , -51.4754 , 25.0562 , 57.2497
2 , 1.4916 , 6.2944 , 9.4858 , 2.5690 , 6.9354 , 6.4398 , 0.6750 , 0.7538 , 0.0367 , -1.0774 , -0.6410 , 3.0460 , -0.6890 , -45.0086 , 21.7480 , 49.9875
2 , 2.9161 , 6.8833 , 6.9073 , 2.4291 , 7.2376 , 6.1552 , 0.4527 , 0.0635 , -0.1741 , 0.4870 , -0.3543 , 0.7520 , -0.6846 , -47.5637 , 21.5364 , 52.2123
4 , 1.3408 , 5.6072 , 8.3797 , 0.4174 , 6.0921 , 7.6735 , 0.3647 , 0.2584 , -0.2505 , 0.9233 , -0.4849 , 0.7062 , -0.7173 , -38.4052 , 3.1137 , 38.5312
8 , 0.2394 , 6.6080 , 7.1132 , 0.9599 , 6.3481 , 7.4129 , 0.1839 , -0.0385 , 0.3775 , -0.7205 , 0.2599 , -0.2997 , -0.7090 , -40.3401 , 7.3780 , 41.0093
7 , 1.2785 , 5.2002 , 8.3294 , 0.6683 , 5.6316 , 8.0006 , 0.6212 , 0.2004 , 0.0929 , 0.6102 , -0.4314 , 0.3289 , -0.7006 , -35.0479 , 4.7749 , 35.3717
6 , 1.1013 , 7.4196 , 7.0006 , 2.1899 , 7.0941 , 6.4070 , -0.3775 , 0.1851 , 0.8760 , -1.0885 , 0.3256 , 0.5937 , -0.7088 , -46.3353 , 18.8702 , 50.0304
10 , 1.4892 , 4.7692 , 10.2663 , 1.4663 , 5.4007 , 8.0532 , 0.4991 , 0.1258 , -0.0318 , 0.0229 , -0.6314 , 2.2132 , -0.6778 , -33.4160 , 10.3189 , 34.9730
4 , 1.3982 , 5.7988 , 6.0238 , 1.4857 , 6.3180 , 7.3516 , 0.7147 , 0.7862 , -0.0049 , -0.0875 , -0.5192 , -1.3278 , -0.6812 , -40.1100 , 11.4255 , 41.7055
3 , 4.4580 , 6.5122 , 4.3862 , 3.3432 , 7.1162 , 5.8611 , -0.6548 , 1.3757 , 0.7025 , 1.1148 , -0.6040 , -1.4749 , -0.6846 , -46.5233 , 29.7003 , 55.1954
7 , 2.0494 , 5.7102 , 9.1171 , 1.4083 , 6.2469 , 7.4272 , 0.2242 , -0.3225 , 0.0843 , 0.6411 , -0.5367 , 1.6899 , -0.6781 , -39.5689 , 10.7366 , 40.9997
4 , 2.1883 , 5.7389 , 6.8785 , 1.5979 , 6.6038 , 7.0716 , 0.2217 , 0.3690 , -0.1405 , 0.5904 , -0.8649 , -0.1931 , -0.6861 , -42.3297 , 12.7329 , 44.2033
4 , 1.6281 , 5.4205 , 5.9448 , 1.7164 , 6.6949 , 6.9572 , 0.4013 , 0.5333 , -0.0574 , -0.0884 , -1.2744 , -1.0124 , -0.6841 , -43.0539 , 13.8587 , 45.2294
7 , 0.4836 , 7.0294 , 8.0349 , 0.8932 , 6.1435 , 7.5915 , 0.1277 , -0.0464 , 0.3842 , -0.4096 , 0.8859 , 0.4435 , -0.6895 , -38.7894 , 6.7105 , 39.3656
8 , 2.4900 , 5.5785 , 9.1411 , 1.8543 , 6.1963 , 7.3714 , 0.4313 , 0.4172 , 0.2724 , 0.6357 , -0.6178 , 1.7696 , -0.6903 , -39.1864 , 14.1196 , 41.6526
1 , 2.5546 , 7.6926 , 2.2865 , 1.9526 , 7.6617 , 5.8014 , -0.0959 , 0.4887 , 0.0990 , 0.6020 , 0.0309 , -3.5150 , -0.6938 , -51.3771 , 18.6017 , 54.6409
1 , 2.7701 , 6.9504 , 5.6623 , 2.0700 , 7.4780 , 5.9971 , 0.0678 , 0.2150 , 0.2071 , 0.7001 , -0.5276 , -0.3348 , -0.6907 , -49.6890 , 19.0432 , 53.2132
2 , 0.5722 , 7.3334 , 2.8204 , 1.3668 , 7.5590 , 6.0962 , -1.1930 , 1.0421 , 1.3757 , -0.7946 , -0.2255 , -3.2759 , -0.6996 , -50.4259 , 12.6367 , 51.9851
10 , 0.6608 , 5.0470 , 7.6231 , 1.0545 , 5.9832 , 7.6980 , 0.3873 , -0.3482 , -0.3598 , -0.3937 , -0.9362 , -0.0749 , -0.6673 , -37.5980 , 7.8000 , 38.3985
6 , 1.3144 , 6.7038 , 6.4141 , 1.5925 , 7.0120 , 6.6683 , -0.2279 , 0.9065 , 0.5901 , -0.2781 , -0.3082 , -0.2543 , -0.7025 , -45.6451 , 13.4314 , 47.5802
6 , 2.0039 , 6.7229 , 5.9137 , 1.7515 , 7.1974 , 6.4265 , -0.4258 , 0.3305 , 0.4771 , 0.2525 , -0.4745 , -0.5128 , -0.7029 , -47.2172 , 15.2453 , 49.6173
10 , 0.1149 , 3.6871 , 8.8442 , 0.5759 , 5.9329 , 7.7872 , 0.3861 , -0.3708 , -0.1283 , -0.4610 , -2.2458 , 1.0570 , -0.6834 , -37.2276 , 4.2295 , 37.4671
9 , 2.1189 , 6.8618 , 9.1722 , 1.4586 , 6.8438 , 6.8706 , 0.4019 , 0.5950 , 0.4319 , 0.6603 , 0.0180 , 2.3016 , -0.7089 , -44.2568 , 11.9854 , 45.8510
1 , 0.4980 , 7.2640 , 4.3551 , 0.8331 , 7.3991 , 6.3820 , 0.4129 , 0.0916 , -0.1619 , -0.3351 , -0.1351 , -2.0269 , -0.6847 , -48.9816 , 7.4377 , 49.5431
3 , 2.0063 , 7.9392 , 4.9847 , 1.5375 , 7.9592 , 5.5188 , -0.1625 , 0.1026 , 0.4991 , 0.4688 , -0.0201 , -0.5340 , -0.7105 , -54.2543 , 10.9335 , 55.3450
4 , 2.1668 , 6.8115 , 8.4563 , 0.6333 , 6.7162 , 7.1177 , 0.3415 , 0.2340 , -0.1863 , 1.5334 , 0.0953 , 1.3386 , -0.7024 , -43.2249 , 5.0848 , 43.5230
10 , 0.0814 , 5.8969 , 8.1930 , 1.0591 , 6.4247 , 7.3329 , 0.0660 , 0.2853 , 0.2761 , -0.9777 , -0.5278 , 0.8601 , -0.6900 , -40.9304 , 8.2182 , 41.7473
6 , 3.2753 , 7.1706 , 8.6143 , 2.1182 , 7.0544 , 6.4745 , 0.1564 , 0.3085 , 0.7911 , 1.1570 , 0.1162 , 2.1399 , -0.6947 , -46.0008 , 18.1164 , 49.4396
5 , 2.6504 , 6.7229 , 6.8019 , 1.9848 , 7.0093 , 6.5651 , 0.3060 , -0.2010 , -0.0861 , 0.6655 , -0.2864 , 0.2368 , -0.6848 , -45.6228 , 16.8218 , 48.6252
9 , 4.2042 , 6.7062 , 6.5338 , 2.2317 , 6.7488 , 6.7560 , -0.0800 , 0.8259 , -0.0898 , 1.9725 , -0.0426 , -0.2222 , -0.6883 , -43.4867 , 18.2798 , 47.1725
9 , 2.0231 , 6.4548 , 8.7173 , 2.0680 , 6.5821 , 6.9692 , 0.0379 , 0.3555 , 0.5143 , -0.0449 , -0.1273 , 1.7481 , -0.6897 , -42.1586 , 16.5270 , 45.2823
3 , 4.5969 , 6.7469 , 5.8155 , 3.5621 , 7.3215 , 5.4661 , 0.1038 , 0.2321 , 0.1545 , 1.0348 , -0.5746 , 0.3495 , -0.6788 , -48.2955 , 33.0910 , 58.5446
10 , 2.7869 , 5.7557 , 7.4172 , 2.2755 , 6.3212 , 7.1439 , -0.4734 , -0.2150 , 0.1723 , 0.5113 , -0.5655 , 0.2734 , -0.6307 , -40.1342 , 17.6682 , 43.8511
8 , 2.0901 , 5.8107 , 7.9440 , 2.2145 , 6.3588 , 7.1297 , 0.3042 , 0.0153 , -0.0195 , -0.1244 , -0.5481 , 0.8143 , -0.6502 , -40.4224 , 17.2551 , 43.9512
6 , 0.1101 , 7.2999 , 6.4859 , 2.2296 , 7.4171 , 6.0154 , 0.0525 , -0.3286 , 1.0263 , -2.1194 , -0.1172 , 0.4705 , -0.6876 , -49.1424 , 20.3368 , 53.1842
1 , 1.1588 , 6.7086 , 5.2768 , 1.8390 , 7.2436 , 6.3497 , 0.0263 , -0.1112 , 0.2743 , -0.6803 , -0.5350 , -1.0729 , -0.6843 , -47.6157 , 16.1524 , 50.2807
6 , 1.7478 , 6.3446 , 8.0302 , 2.6392 , 6.9063 , 6.4427 , 0.2376 , -0.4527 , 0.5944 , -0.8915 , -0.5616 , 1.5874 , -0.7010 , -44.7683 , 22.2764 , 50.0044
6 , 1.8771 , 6.7014 , 6.0621 , 2.0104 , 7.0454 , 6.5185 , -0.1521 , 1.0715 , 0.3793 , -0.1334 , -0.3440 , -0.4564 , -0.7259 , -45.9252 , 17.1407 , 49.0197
6 , 1.5706 , 7.0557 , 7.3143 , 2.1044 , 6.8505 , 6.6942 , 0.1655 , -0.0104 , 0.5260 , -0.5338 , 0.2052 , 0.6201 , -0.7155 , -44.3112 , 17.4514 , 47.6239
1 , 2.4493 , 6.7588 , 6.0980 , 1.4256 , 7.2133 , 6.4889 , 0.6683 , 0.0605 , -0.5467 , 1.0236 , -0.4545 , -0.3909 , -0.7065 , -47.3539 , 12.3912 , 48.9483
2 , 1.9728 , 7.6112 , 8.2289 , 1.7715 , 7.4620 , 6.1115 , 0.4924 , 0.2523 , 0.2694 , 0.2013 , 0.1492 , 2.1173 , -0.7134 , -49.5446 , 16.1650 , 52.1150
6 , 2.1021 , 7.7189 , 7.9703 , 1.6704 , 7.3272 , 6.3002 , 0.7208 , -0.3286 , 0.0037 , 0.4317 , 0.3917 , 1.6701 , -0.7077 , -48.3453 , 14.8498 , 50.5746
1 , -1.1372 , 7.2736 , 4.9273 , 0.8684 , 8.0985 , 5.4618 , 0.6567 , -0.2150 , 0.6616 , -2.0056 , -0.8249 , -0.5345 , -0.6897 , -55.6709 , 6.1204 , 56.0064
3 , 3.8211 , 7.9895 , 4.8243 , 2.3970 , 7.7141 , 5.5603 , 0.4026 , 0.0226 , 0.5247 , 1.4241 , 0.2754 , -0.7360 , -0.7037 , -51.8706 , 17.2618 , 54.6675
7 , 1.5395 , 6.8785 , 8.6431 , 1.1835 , 6.4021 , 7.3336 , 0.3543 , 0.3115 , 0.0220 , 0.3559 , 0.4764 , 1.3094 , -0.6876 , -40.7559 , 9.1676 , 41.7742
5 , 2.5905 , 6.9623 , 5.4109 , 2.2287 , 6.9386 , 6.5619 , -0.0049 , 0.6121 , 0.0055 , 0.3618 , 0.0237 , -1.1510 , -0.6904 , -45.0354 , 18.7598 , 48.7864
4 , 1.1468 , 5.9209 , 6.6583 , 1.3432 , 6.8021 , 6.9352 , 0.3097 , 0.5626 , -0.2028 , -0.1964 , -0.8812 , -0.2770 , -0.6786 , -43.9175 , 10.9614 , 45.2648
1 , 0.8787 , 6.6631 , 4.2162 , 1.3503 , 7.4702 , 6.2083 , -0.1576 , 0.3427 , 0.0189 , -0.4716 , -0.8072 , -1.9921 , -0.7063 , -49.6187 , 12.2707 , 51.1135
1 , 0.9122 , 7.7165 , 5.7293 , 1.3359 , 7.4213 , 6.2697 , -0.1839 , 0.5785 , 0.2535 , -0.4238 , 0.2952 , -0.5404 , -0.6996 , -49.1798 , 12.0286 , 50.6295
8 , 4.2976 , 6.5936 , 7.5848 , 1.7416 , 6.3243 , 7.2897 , 0.1338 , 0.2303 , 0.2779 , 2.5560 , 0.2693 , 0.2951 , -0.6872 , -40.1584 , 13.4365 , 42.3466
3 , 4.7190 , 8.2815 , 3.0909 , 2.6174 , 7.6228 , 5.5868 , -0.7575 , 1.4716 , 0.0593 , 2.1016 , 0.6587 , -2.4958 , -0.6961 , -51.0152 , 25.1033 , 56.8571
10 , 3.8451 , 6.3087 , 8.2648 , 1.5449 , 6.1767 , 7.4587 , 0.1582 , 0.2211 , -0.0263 , 2.3002 , 0.1321 , 0.8061 , -0.6686 , -39.0387 , 11.7017 , 40.7547
3 , 0.5938 , 7.3023 , 7.2425 , 2.3061 , 7.7356 , 5.5689 , 0.7471 , 0.5333 , 0.3323 , -1.7124 , -0.4333 , 1.6735 , -0.7075 , -52.0744 , 16.6004 , 54.6564
8 , 1.5634 , 6.1339 , 8.0062 , 1.0199 , 6.7933 , 6.9987 , 0.2523 , 0.0959 , -0.2334 , 0.5435 , -0.6593 , 1.0075 , -0.6796 , -43.8461 , 8.2914 , 44.6231
3 , 3.3423 , 7.5010 , 7.1922 , 2.4819 , 7.6200 , 5.6522 , 0.4197 , 0.0586 , 0.4520 , 0.8604 , -0.1189 , 1.5400 , -0.7059 , -50.9886 , 23.7062 , 56.2301
10 , 0.1915 , 5.5474 , 7.7117 , 0.3843 , 6.0862 , 7.6799 , -0.0403 , -0.1142 , 0.3848 , -0.1927 , -0.5388 , 0.0318 , -0.7243 , -38.3611 , 2.8644 , 38.4679
9 , 2.0087 , 6.5410 , 8.6119 , 1.3555 , 6.7439 , 6.9895 , 0.5363 , 0.1564 , 0.6121 , 0.6533 , -0.2029 , 1.6224 , -0.7274 , -43.4471 , 10.9752 , 44.8119
3 , 3.3639 , 7.0006 , 8.2408 , 2.7407 , 6.8475 , 6.4631 , 0.5944 , 0.2297 , 0.2706 , 0.6232 , 0.1532 , 1.7778 , -0.7495 , -44.2867 , 22.9794 , 49.8935
4 , 0.5818 , 4.9177 , 6.6248 , 0.3998 , 5.6975 , 7.9717 , 0.0837 , 0.4148 , 0.0678 , 0.1820 , -0.7799 , -1.3470 , -0.7280 , -35.5200 , 2.8710 , 35.6359
8 , 1.7789 , 5.2984 , 7.6016 , 1.5174 , 5.7491 , 7.7984 , -0.0244 , -0.4960 , 0.0269 , 0.2615 , -0.4508 , -0.1968 , -0.7212 , -35.8912 , 11.0110 , 37.5423
4 , 2.6552 , 6.0262 , 8.6766 , 1.2039 , 6.1271 , 7.5618 , 0.4355 , 0.0483 , 0.0012 , 1.4513 , -0.1009 , 1.1148 , -0.7203 , -38.6665 , 9.0458 , 39.7105
5 , 0.8404 , 6.7181 , 6.8833 , 1.2862 , 6.6844 , 7.0594 , 0.0501 , -0.0336 , 0.3451 , -0.4458 , 0.0337 , -0.1761 , -0.7214 , -42.9702 , 10.3259 , 44.1935
4 , 0.7949 , 6.8522 , 8.7005 , 0.9519 , 6.3796 , 7.3868 , 0.1038 , -0.2114 , 0.5235 , -0.1571 , 0.4726 , 1.3137 , -0.7095 , -40.5819 , 7.3433 , 41.2410
10 , 2.0925 , 5.1404 , 9.2464 , 1.2401 , 5.6873 , 7.8922 , -0.3787 , 0.0055 , 0.2981 , 0.8524 , -0.5469 , 1.3542 , -0.7011 , -35.4464 , 8.9298 , 36.5540
8 , 1.8507 , 6.2968 , 6.6870 , 1.0465 , 6.0709 , 7.6301 , -0.0648 , 0.2315 , 0.2535 , 0.8042 , 0.2258 , -0.9431 , -0.7116 , -38.2478 , 7.8096 , 39.0369
10 , 2.2865 , 4.9440 , 7.2688 , 0.9039 , 6.0451 , 7.6687 , -0.0733 , 1.0660 , -0.1619 , 1.3825 , -1.1011 , -0.3999 , -0.7062 , -38.0562 , 6.7224 , 38.6453
9 , 2.3128 , 7.3143 , 5.3151 , 1.2730 , 6.7599 , 6.9896 , 0.1142 , 0.8613 , 0.2645 , 1.0398 , 0.5544 , -1.6744 , -0.7447 , -43.5758 , 10.3222 , 44.7817
8 , 2.6217 , 6.4452 , 8.2265 , 1.5915 , 6.4266 , 7.2344 , 0.0452 , 0.0861 , -0.1509 , 1.0302 , 0.0186 , 0.9921 , -0.7234 , -40.9448 , 12.4068 , 42.7832
5 , 2.2817 , 7.1754 , 6.6032 , 1.4554 , 6.9435 , 6.7705 , 0.4649 , -0.2950 , 0.3696 , 0.8262 , 0.2319 , -0.1673 , -0.7255 , -45.0755 , 12.1321 , 46.6797
1 , 0.7398 , 7.1874 , 7.9847 , 1.1631 , 7.2458 , 6.5051 , 0.5131 , -0.0690 , 0.3030 , -0.4232 , -0.0584 , 1.4795 , -0.7211 , -47.6345 , 10.1368 , 48.7011
6 , 3.9816 , 7.4029 , 3.8738 , 2.4895 , 7.2544 , 6.1112 , -0.1918 , -0.2755 , 0.2217 , 1.4921 , 0.1485 , -2.2374 , -0.7058 , -47.7095 , 22.1645 , 52.6067
5 , 1.3767 , 6.7564 , 6.6152 , 1.4002 , 6.9674 , 6.7576 , -0.0348 , 0.4606 , 0.1765 , -0.0235 , -0.2109 , -0.1424 , -0.6964 , -45.2736 , 11.7061 , 46.7625
4 , 0.2753 , 5.7245 , 5.8897 , 1.0212 , 6.5477 , 7.2288 , 0.0037 , 0.4478 , 0.1210 , -0.7458 , -0.8232 , -1.3390 , -0.6918 , -41.8884 , 8.0406 , 42.6531
1 , 1.7238 , 7.7093 , 2.6049 , 1.1208 , 7.2641 , 6.4921 , 0.5638 , 0.3965 , -0.1093 , 0.6030 , 0.4452 , -3.8872 , -0.7051 , -47.7938 , 9.7950 , 48.7872
10 , 0.1939 , 5.9472 , 7.7931 , 1.2384 , 6.2396 , 7.4636 , -0.2486 , -0.2553 , 0.7947 , -1.0444 , -0.2924 , 0.3296 , -0.6821 , -39.5134 , 9.4208 , 40.6209
8 , 2.4205 , 6.3638 , 8.1092 , 1.4735 , 6.2638 , 7.4003 , 0.0837 , -0.1222 , 0.1790 , 0.9471 , 0.1000 , 0.7089 , -0.6979 , -39.6970 , 11.2608 , 41.2632
7 , 0.7278 , 6.3087 , 7.5465 , 0.8195 , 5.9774 , 7.7310 , -0.0159 , -0.0531 , 0.1979 , -0.0917 , 0.3313 , -0.1845 , -0.6826 , -37.5555 , 6.0510 , 38.0399
5 , 2.7102 , 7.3526 , 6.6104 , 1.8700 , 6.7872 , 6.8270 , -0.1943 , -0.3946 , 0.4429 , 0.8402 , 0.5654 , -0.2166 , -0.6983 , -43.7966 , 15.3184 , 46.3983
7 , -0.0407 , 5.4947 , 7.5848 , 0.8630 , 5.8811 , 7.7999 , 0.0660 , -0.3610 , 0.2694 , -0.9037 , -0.3864 , -0.2151 , -0.6845 , -36.8489 , 6.3133 , 37.3858
5 , 2.2266 , 6.9743 , 6.9168 , 1.8754 , 6.7529 , 6.8594 , -0.3354 , -0.2492 , 0.5858 , 0.3512 , 0.2214 , 0.0575 , -0.6970 , -43.5201 , 15.2917 , 46.1284
7 , 1.0511 , 5.1404 , 7.2975 , 0.7083 , 5.8097 , 7.8687 , -0.0244 , -0.3097 , -0.0831 , 0.3428 , -0.6693 , -0.5712 , -0.6755 , -36.3292 , 5.1433 , 36.6914
2 , 2.2865 , 7.2233 , 5.3486 , 1.6071 , 7.4224 , 6.2045 , -0.3604 , 0.8076 , -0.1820 , 0.6794 , -0.1991 , -0.8559 , -0.7145 , -49.1893 , 14.5217 , 51.2880
8 , 0.3855 , 6.0166 , 7.2209 , 1.4326 , 6.4694 , 7.2294 , -0.3751 , -0.5021 , 0.3470 , -1.0471 , -0.4528 , -0.0085 , -0.7027 , -41.2770 , 11.2087 , 42.7718
1 , 0.8284 , 7.0342 , 4.5298 , 1.1925 , 7.4129 , 6.3085 , -0.1875 , 0.2211 , 0.4239 , -0.3641 , -0.3788 , -1.7786 , -0.7117 , -49.1048 , 10.7042 , 50.2580
3 , 1.3001 , 8.1307 , 6.8714 , 1.8175 , 7.7292 , 5.7556 , 0.3842 , -0.1888 , 0.4392 , -0.5175 , 0.4015 , 1.1157 , -0.7239 , -52.0134 , 13.2328 , 53.6703
6 , 3.3734 , 6.8594 , 5.6695 , 1.9059 , 7.0084 , 6.5894 , -0.1998 , 0.2498 , 0.1906 , 1.4675 , -0.1490 , -0.9199 , -0.7162 , -45.6151 , 16.1317 , 48.3836
5 , 2.3511 , 6.2441 , 7.1036 , 1.4262 , 6.5088 , 7.1953 , -0.2773 , -0.1674 , 0.3525 , 0.9249 , -0.2647 , -0.0917 , -0.7154 , -41.5837 , 11.2113 , 43.0685
7 , 0.5674 , 4.6088 , 7.5082 , 0.3429 , 5.5822 , 8.0555 , -0.2022 , 0.1051 , -0.9383 , 0.2245 , -0.9734 , -0.5473 , -0.6911 , -34.6963 , 2.4377 , 34.7818
9 , 2.4325 , 5.5306 , 6.9959 , 1.8017 , 5.8227 , 7.6825 , -0.0904 , 0.3629 , 0.2352 , 0.6308 , -0.2921 , -0.6866 , -0.7197 , -36.4235 , 13.1985 , 38.7411
10 , 2.5235 , 5.2098 , 8.9687 , 1.0551 , 5.5041 , 8.0475 , 0.1509 , 0.4386 , -0.1998 , 1.4684 , -0.2943 , 0.9212 , -0.6937 , -34.1432 , 7.4695 , 34.9507
9 , 1.9632 , 6.4548 , 7.2975 , 1.6515 , 6.4906 , 7.1635 , 0.4636 , 0.5993 , 0.1545 , 0.3118 , -0.0358 , 0.1341 , -0.7149 , -41.4417 , 12.9823 , 43.4276
9 , 4.3479 , 6.9049 , 7.7620 , 2.5030 , 6.6204 , 6.7879 , -0.1448 , 0.4154 , 0.1087 , 1.8448 , 0.2845 , 0.9741 , -0.7106 , -42.4616 , 20.2414 , 47.0394
10 , 2.0135 , 5.6479 , 8.8873 , 1.4328 , 6.0394 , 7.5923 , -0.0189 , -0.0660 , 0.0605 , 0.5807 , -0.3914 , 1.2949 , -0.6968 , -38.0132 , 10.6869 , 39.4868
2 , 1.1875 , 8.1786 , 6.5984 , 1.6690 , 7.4529 , 6.1514 , -0.0733 , 0.3213 , 0.7208 , -0.4815 , 0.7257 , 0.4470 , -0.7143 , -49.4626 , 15.1799 , 51.7396
9 , 1.1253 , 8.0254 , 7.9176 , 2.1912 , 6.9556 , 6.5566 , -0.0281 , -0.6720 , 0.6255 , -1.0659 , 1.0698 , 1.3610 , -0.7174 , -45.1758 , 18.4793 , 48.8092
6 , 1.6688 , 6.2537 , 8.5234 , 1.6808 , 7.1279 , 6.5221 , 0.2346 , 0.3549 , 0.4636 , -0.0121 , -0.8743 , 2.0012 , -0.7310 , -46.6226 , 14.4515 , 48.8110
3 , 3.6033 , 7.8841 , 7.4364 , 2.6260 , 7.1737 , 6.1492 , 0.5559 , 1.0629 , -0.1894 , 0.9773 , 0.7104 , 1.2872 , -0.7334 , -47.0136 , 23.1249 , 52.3931
5 , 1.6400 , 6.7014 , 7.3885 , 1.0734 , 7.0473 , 6.7345 , 0.4533 , 0.6750 , 0.3225 , 0.5666 , -0.3460 , 0.6540 , -0.7093 , -45.9413 , 9.0562 , 46.8254
1 , 1.0942 , 7.9511 , 3.5650 , 0.8751 , 7.6867 , 6.0265 , 0.4948 , -0.0629 , -0.1912 , 0.2191 , 0.2644 , -2.4615 , -0.6963 , -51.6124 , 8.2619 , 52.2695
9 , 3.6895 , 6.5960 , 8.4467 , 2.5301 , 6.5261 , 6.8687 , -0.0709 , 1.1332 , 0.0531 , 1.1594 , 0.0699 , 1.5780 , -0.6971 , -41.7188 , 20.2211 , 46.3611
9 , 3.6536 , 6.5338 , 8.2959 , 2.2895 , 6.6527 , 6.8316 , 0.2590 , 0.2132 , 0.2022 , 1.3641 , -0.1189 , 1.4643 , -0.6975 , -42.7174 , 18.5274 , 46.5622
2 , 1.5586 , 6.6391 , 4.4724 , 1.7285 , 7.4171 , 6.1781 , -0.0983 , 0.2413 , 0.5351 , -0.1699 , -0.7780 , -1.7058 , -0.6798 , -49.1420 , 15.6302 , 51.5678
2 , -0.4310 , 8.2384 , 7.4627 , 1.7804 , 7.5057 , 6.0552 , 0.3922 , -0.1167 , 0.7263 , -2.2114 , 0.7328 , 1.4075 , -0.6740 , -49.9393 , 16.3850 , 52.5586
1 , 1.5419 , 7.7596 , 3.8164 , 1.3193 , 7.7513 , 5.8607 , 0.4795 , 0.7172 , 0.0336 , 0.2225 , 0.0083 , -2.0443 , -0.6965 , -52.2238 , 9.6596 , 53.1096
3 , 2.9521 , 8.2720 , 6.6295 , 2.4382 , 7.7381 , 5.5088 , 0.3366 , 1.2578 , -0.1906 , 0.5138 , 0.5338 , 1.1207 , -0.7110 , -52.0986 , 17.4892 , 54.9557
3 , 2.4708 , 8.0086 , 4.2377 , 2.2593 , 7.6763 , 5.6692 , -0.2902 , 0.3512 , 0.3286 , 0.2115 , 0.3323 , -1.4315 , -0.7165 , -51.5145 , 21.7286 , 55.9095
10 , 4.5633 , 6.8402 , 9.0285 , 1.8691 , 6.5448 , 7.0599 , 0.2327 , 0.1869 , -0.4007 , 2.6943 , 0.2954 , 1.9687 , -0.6777 , -41.8658 , 14.8288 , 44.4144
2 , 3.4117 , 7.4196 , 6.8115 , 1.3279 , 7.7180 , 5.9025 , 0.3641 , 0.0739 , -0.2352 , 2.0839 , -0.2984 , 0.9090 , -0.7310 , -51.9080 , 9.7620 , 52.8180
1 , 0.8978 , 7.3981 , 2.4349 , 0.9841 , 7.8871 , 5.7441 , 0.4869 , 0.5901 , 0.2993 , -0.0863 , -0.4891 , -3.3092 , -0.7226 , -53.5393 , 7.1124 , 54.0096