3 , -2.7485 , 3.3327 , 8.3773 , -2.6697 , 3.4497 , 8.7831 , -0.0018 , 0.0348 , 0.0764 , -0.0789 , -0.1170 , -0.4058 , -0.8256 , -20.5960 , -16.9070 , 26.6466
1 , -5.4875 , 4.3838 , 6.8426 , -5.1704 , 4.2588 , 7.1624 , 0.0531 , -0.5150 , -0.1875 , -0.3171 , 0.1250 , -0.3198 , -0.7455 , -25.7390 , -35.8248 , 44.1125
6 , -1.8675 , 1.4198 , 9.7468 , -1.9432 , 1.9248 , 9.4175 , 0.2859 , 0.2584 , 0.1381 , 0.0757 , -0.5050 , 0.3293 , -0.8393 , -11.3191 , -11.6588 , 16.2496
4 , -2.9616 , 4.0558 , 7.6662 , -3.7170 , 3.4934 , 8.3756 , -0.0825 , -0.2120 , 0.0452 , 0.7554 , 0.5624 , -0.7094 , -0.7832 , -20.8684 , -23.9313 , 31.7522
4 , -4.1611 , 3.4860 , 8.5760 , -3.7757 , 3.5191 , 8.3385 , 0.0953 , -0.0739 , 0.1857 , -0.3854 , -0.0332 , 0.2376 , -0.7819 , -21.0297 , -24.3613 , 32.1826
10 , -2.0734 , 1.6161 , 10.0221 , -2.3968 , 1.9192 , 9.3135 , -0.0024 , 0.1100 , 0.0006 , 0.3235 , -0.3031 , 0.7086 , -0.8356 , -11.2860 , -14.4320 , 18.3209
6 , -1.4748 , 2.0949 , 8.3677 , -1.9959 , 2.0970 , 9.3696 , -0.0104 , 0.0360 , 0.0800 , 0.5211 , -0.0021 , -1.0019 , -0.8317 , -12.3473 , -12.0255 , 17.2357
10 , -1.6520 , 1.4605 , 9.1866 , -1.8650 , 1.6751 , 9.4808 , 0.3201 , 0.5156 , 0.1955 , 0.2130 , -0.2147 , -0.2943 , -0.8455 , -9.8352 , -11.1290 , 14.8521
6 , -1.6448 , 1.7454 , 9.2368 , -1.9062 , 2.2237 , 9.3591 , -0.1374 , 0.1930 , 0.2370 , 0.2614 , -0.4783 , -0.1222 , -0.8341 , -13.1060 , -11.5122 , 17.4442
4 , -3.2585 , 4.1635 , 6.5912 , -3.5547 , 3.1943 , 8.5633 , -0.3653 , -0.8790 , -0.1002 , 0.2962 , 0.9692 , -1.9721 , -0.8017 , -19.0098 , -22.5439 , 29.4890
8 , -2.3128 , 2.7629 , 8.9902 , -3.0858 , 2.8342 , 8.8665 , 0.0562 , 0.2883 , 0.0354 , 0.7730 , -0.0713 , 0.1237 , -0.8216 , -16.7986 , -19.1895 , 25.5035
9 , -1.6544 , 0.9673 , 9.2464 , -1.6851 , 1.5980 , 9.5277 , 0.0367 , 0.2022 , 0.2382 , 0.0307 , -0.6307 , -0.2813 , -0.8531 , -9.3781 , -10.0295 , 13.7310
7 , -2.2242 , 2.9161 , 6.6295 , -3.1210 , 1.9739 , 9.0848 , -0.4191 , -0.2963 , -0.2211 , 0.8968 , 0.9422 , -2.4552 , -0.8305 , -11.6122 , -18.9597 , 22.2332
10 , -2.5714 , 1.5874 , 9.1291 , -2.6466 , 1.5822 , 9.3093 , -0.0079 , 0.1637 , 0.0782 , 0.0752 , 0.0051 , -0.1802 , -0.8564 , -9.2849 , -15.8700 , 18.3866
3 , -1.6688 , 3.1627 , 6.9791 , -2.1227 , 2.9274 , 9.1156 , -0.8656 , -0.1057 , 0.0238 , 0.4540 , 0.2353 , -2.1365 , -0.8289 , -17.3684 , -13.1087 , 21.7600
9 , -1.1947 , 0.5411 , 10.0892 , -1.3753 , 1.1753 , 9.6383 , 0.0195 , 0.4881 , 0.1472 , 0.1806 , -0.6342 , 0.4508 , -0.8540 , -6.8831 , -8.1210 , 10.6456
9 , -2.8491 , 0.1341 , 10.1586 , -1.6402 , 1.0740 , 9.6087 , 0.3012 , -0.2089 , -0.0208 , -1.2089 , -0.9399 , 0.5499 , -0.8544 , -6.2876 , -9.6871 , 11.5487
3 , -2.0231 , 3.1819 , 9.1961 , -2.3887 , 2.9636 , 9.0378 , 0.1381 , 0.0189 , 0.0770 , 0.3656 , 0.2183 , 0.1583 , -0.8165 , -17.5900 , -14.8046 , 22.9909
5 , -2.3631 , 3.2609 , 8.7532 , -2.4126 , 3.0376 , 9.0068 , -0.3781 , -0.3219 , -0.3048 , 0.0496 , 0.2233 , -0.2536 , -0.8168 , -18.0442 , -14.9956 , 23.4619
6 , -1.8723 , 2.3559 , 9.3278 , -1.9401 , 2.2757 , 9.3396 , -0.2156 , 0.0171 , 0.1607 , 0.0678 , 0.0802 , -0.0118 , -0.8316 , -13.4183 , -11.7352 , 17.8259
7 , -3.1747 , 2.4421 , 9.3829 , -3.0176 , 2.6722 , 8.9400 , -0.1063 , 0.3079 , 0.1802 , -0.1571 , -0.2301 , 0.4428 , -0.8231 , -15.8121 , -18.6515 , 24.4520
6 , -2.4157 , 1.6137 , 9.0932 , -2.4356 , 2.2383 , 9.2319 , -0.5339 , 0.2046 , 0.1008 , 0.0199 , -0.6247 , -0.1387 , -0.8331 , -13.1939 , -14.7793 , 19.8118
3 , -2.4229 , 3.2154 , 7.9104 , -2.6341 , 3.0620 , 8.9362 , -0.0476 , -0.0849 , 0.1368 , 0.2111 , 0.1534 , -1.0258 , -0.8230 , -18.1939 , -16.4236 , 24.5103
7 , -3.5841 , 2.3008 , 9.5457 , -3.4208 , 2.2651 , 8.9072 , 0.1087 , -0.2828 , 0.1002 , -0.1633 , 0.0358 , 0.6385 , -0.8217 , -13.3543 , -21.0092 , 24.8943
9 , -1.4533 , 0.5794 , 8.3965 , -1.8214 , 1.5609 , 9.5088 , -0.5675 , 0.2541 , 0.1655 , 0.3681 , -0.9815 , -1.1123 , -0.8434 , -9.1587 , -10.8436 , 14.1939
2 , -2.9425 , 4.0869 , 7.3143 , -3.2849 , 3.3267 , 8.6205 , -0.1918 , -0.2205 , -0.0983 , 0.3424 , 0.7602 , -1.3062 , -0.8102 , -19.8299 , -20.8597 , 28.7811
10 , -2.5187 , 1.2186 , 8.5593 , -2.3848 , 1.9478 , 9.3107 , 0.0874 , 0.1820 , 0.1277 , -0.1339 , -0.7292 , -0.7514 , -0.8569 , -11.4564 , -14.3669 , 18.3755
8 , -1.8411 , 2.1261 , 9.8402 , -2.5288 , 2.1304 , 9.2324 , 0.0623 , 0.6322 , 0.1735 , 0.6877 , -0.0043 , 0.6078 , -0.8468 , -12.5469 , -15.3181 , 19.8007
7 , -3.3351 , 3.4668 , 10.0700 , -3.3979 , 3.3891 , 8.5521 , 0.3903 , 0.4759 , 0.2810 , 0.0628 , 0.0777 , 1.5179 , -0.8361 , -20.2180 , -21.6688 , 29.6362
4 , -2.8754 , 4.5322 , 7.9942 , -3.9540 , 3.5542 , 8.2404 , -0.1918 , -0.2596 , 0.0684 , 1.0785 , 0.9780 , -0.2462 , -0.8249 , -21.2494 , -25.6329 , 33.2954
7 , -3.9792 , 3.2896 , 7.3981 , -3.9547 , 3.2889 , 8.3495 , 0.3335 , 0.0531 , 0.0941 , -0.0245 , 0.0007 , -0.9514 , -0.8383 , -19.5952 , -25.3443 , 32.0360
4 , -4.4101 , 3.3279 , 8.4132 , -4.1801 , 3.5314 , 8.1380 , 0.0049 , 0.2150 , 0.1527 , -0.2301 , -0.2035 , 0.2753 , -0.8329 , -21.1068 , -27.1873 , 34.4187
8 , -1.5107 , 3.2226 , 9.3685 , -1.8471 , 3.0155 , 9.1469 , -0.0709 , 0.4429 , 0.0568 , 0.3364 , 0.2071 , 0.2216 , -0.8492 , -17.9081 , -11.4168 , 21.2378
3 , -1.6544 , 3.8666 , 9.5265 , -2.0917 , 3.3773 , 8.9660 , -0.0367 , 0.0385 , -0.0385 , 0.4373 , 0.4893 , 0.5605 , -0.8365 , -20.1444 , -13.1320 , 24.0468
3 , -1.8507 , 3.9145 , 8.8131 , -2.1223 , 3.4384 , 8.9355 , -0.1936 , 0.0324 , -0.0574 , 0.2715 , 0.4761 , -0.1225 , -0.8350 , -20.5251 , -13.3606 , 24.4905
9 , -1.7980 , 1.7765 , 9.6917 , -1.4068 , 2.4058 , 9.4023 , -0.3806 , 0.2572 , -0.0037 , -0.3913 , -0.6293 , 0.2894 , -0.8496 , -14.2007 , -8.5093 , 16.5550
1 , -5.2625 , 3.9528 , 7.4124 , -5.1441 , 3.9203 , 7.3715 , 0.2248 , -0.4392 , 0.1258 , -0.1183 , 0.0325 , 0.0409 , -0.7719 , -23.5632 , -34.9089 , 42.1171
1 , -4.9488 , 4.0582 , 7.3430 , -5.1131 , 3.9888 , 7.3564 , 0.0086 , -0.1570 , -0.0092 , 0.1643 , 0.0693 , -0.0133 , -0.7728 , -24.0007 , -34.8016 , 42.2751
1 , -5.1427 , 4.3790 , 6.7900 , -5.2492 , 4.0559 , 7.2226 , -0.0281 , -0.1136 , -0.0641 , 0.1064 , 0.3231 , -0.4327 , -0.7685 , -24.4301 , -36.0084 , 43.5136
3 , -1.6328 , 3.8092 , 9.1051 , -2.4444 , 3.2276 , 8.9318 , -0.0629 , -0.1252 , -0.1588 , 0.8116 , 0.5816 , 0.1733 , -0.8355 , -19.2157 , -15.3056 , 24.5663
3 , -2.0111 , 3.7110 , 9.2608 , -2.5450 , 3.3400 , 8.8622 , -0.0464 , 0.0379 , 0.0073 , 0.5339 , 0.3710 , 0.3986 , -0.8350 , -19.9125 , -16.0228 , 25.5586
10 , -2.9521 , 0.9697 , 6.4787 , -2.3473 , 1.8031 , 9.3493 , -0.1625 , 0.3024 , 0.0452 , -0.6048 , -0.8334 , -2.8706 , -0.8593 , -10.5947 , -14.0935 , 17.6316
5 , -1.7047 , 3.6536 , 10.1730 , -2.0464 , 3.3579 , 8.9837 , 0.3286 , 0.6988 , 0.1881 , 0.3417 , 0.2956 , 1.1893 , -0.8311 , -20.0241 , -12.8323 , 23.7830
1 , -3.6823 , 4.7285 , 7.1874 , -4.2087 , 4.2984 , 7.7448 , 0.0049 , -0.0354 , 0.0843 , 0.5264 , 0.4302 , -0.5574 , -0.7687 , -25.9963 , -28.5206 , 38.5906
6 , -3.4165 , 2.5283 , 9.1051 , -3.5146 , 2.6369 , 8.7673 , -0.1436 , -0.0855 , 0.0257 , 0.0980 , -0.1086 , 0.3379 , -0.8203 , -15.5979 , -21.8445 , 26.8417
6 , -3.9265 , 2.2051 , 8.5665 , -3.6229 , 2.5933 , 8.7361 , -0.0421 , -0.0733 , 0.1167 , -0.3036 , -0.3883 , -0.1697 , -0.8227 , -15.3341 , -22.5239 , 27.2482
8 , -3.0406 , 1.7526 , 9.8833 , -3.4161 , 2.2622 , 8.9097 , -0.0733 , 0.3983 , 0.1582 , 0.3755 , -0.5097 , 0.9735 , -0.8292 , -13.3372 , -20.9774 , 24.8583
10 , -2.3870 , 1.3096 , 9.4355 , -2.5353 , 1.5928 , 9.3384 , -0.0348 , 0.1735 , 0.0299 , 0.1483 , -0.2832 , 0.0972 , -0.8508 , -9.3476 , -15.1895 , 17.8354
10 , -2.2170 , 2.4086 , 8.6622 , -2.7712 , 1.7514 , 9.2425 , -0.2071 , 0.0244 , 0.0855 , 0.5542 , 0.6572 , -0.5803 , -0.8454 , -10.2878 , -16.6905 , 19.6064
7 , -3.8930 , 2.5857 , 9.8186 , -3.4101 , 2.5800 , 8.8253 , 0.4056 , 0.2706 , 0.4184 , -0.4829 , 0.0058 , 0.9934 , -0.8337 , -15.2531 , -21.1267 , 26.0576
3 , -2.5091 , 4.2808 , 8.8633 , -3.3227 , 3.5559 , 8.5138 , -0.0922 , -0.5003 , 0.0226 , 0.8136 , 0.7249 , 0.3495 , -0.8185 , -21.2602 , -21.3193 , 30.1083
4 , -3.4477 , 4.4029 , 6.0430 , -3.3486 , 4.2602 , 8.1736 , -0.2999 , 0.3671 , 0.3293 , -0.0990 , 0.1427 , -2.1306 , -0.8048 , -25.7484 , -22.2784 , 34.0486
1 , -3.8044 , 5.3798 , 7.4268 , -4.2052 , 4.5896 , 7.5778 , -0.2230 , -0.4154 , -0.1179 , 0.4008 , 0.7901 , -0.1509 , -0.7692 , -27.9053 , -29.0274 , 40.2653
9 , -1.6089 , 2.1596 , 9.2847 , -1.9234 , 1.8984 , 9.4269 , -0.0409 , -0.2969 , -0.0226 , 0.3145 , 0.2612 , -0.1422 , -0.8475 , -11.1619 , -11.5321 , 16.0492
10 , -2.0470 , 1.8028 , 9.0381 , -1.8523 , 2.2080 , 9.3736 , -0.3708 , -0.0831 , 0.2230 , -0.1948 , -0.4051 , -0.3355 , -0.8500 , -13.0118 , -11.1780 , 17.1538
10 , -1.6783 , 2.4229 , 8.0397 , -2.0050 , 2.4961 , 9.2693 , -0.1130 , 0.1087 , 0.1167 , 0.3267 , -0.0732 , -1.2296 , -0.8456 , -14.7459 , -12.2057 , 19.1421
3 , -1.6400 , 3.0502 , 10.7164 , -1.9074 , 2.8677 , 9.1820 , 0.7013 , 0.3122 , 0.0605 , 0.2673 , 0.1826 , 1.5345 , -0.8176 , -17.0028 , -11.7351 , 20.6594
1 , -3.6751 , 4.9560 , 7.2113 , -3.9587 , 4.2720 , 7.8898 , 0.2034 , -0.5852 , 0.1692 , 0.2836 , 0.6840 , -0.6785 , -0.7653 , -25.8249 , -26.6453 , 37.1065
2 , -3.3303 , 4.3551 , 7.4244 , -3.4518 , 4.1661 , 8.1792 , -0.0874 , -0.0403 , 0.0373 , 0.1214 , 0.1890 , -0.7548 , -0.7838 , -25.1392 , -22.8806 , 33.9927
5 , -2.4349 , 3.8283 , 8.8753 , -2.9836 , 3.6226 , 8.6108 , -0.1955 , 0.0330 , -0.0305 , 0.5487 , 0.2058 , 0.2645 , -0.8059 , -21.6785 , -19.1111 , 28.8996
10 , -2.8563 , 1.4700 , 8.7245 , -2.2197 , 2.2871 , 9.2743 , -1.0104 , 0.3018 , 0.2205 , -0.6366 , -0.8171 , -0.5498 , -0.8484 , -13.4869 , -13.4596 , 19.0541
5 , -1.6352 , 3.6105 , 8.0661 , -2.6625 , 2.7324 , 9.0341 , -0.3079 , -0.1374 , -0.2547 , 1.0273 , 0.8780 , -0.9680 , -0.8171 , -16.1786 , -16.4211 , 23.0521
5 , -2.3391 , 2.7653 , 8.7724 , -2.8293 , 2.5999 , 9.0225 , -0.0238 , 0.2822 , 0.1063 , 0.4901 , 0.1654 , -0.2502 , -0.8194 , -15.3737 , -17.4103 , 23.2265
1 , -4.7860 , 4.3359 , 6.8642 , -4.9747 , 3.9190 , 7.4876 , 0.1350 , -0.7092 , 0.1436 , 0.1887 , 0.4169 , -0.6234 , -0.7625 , -23.5550 , -33.5997 , 41.0339
3 , -4.2521 , 3.9073 , 8.6263 , -4.3240 , 3.7165 , 7.9788 , 0.0330 , -0.0831 , 0.0702 , 0.0719 , 0.1908 , 0.6475 , -0.7843 , -22.2705 , -28.4548 , 36.1338
8 , -2.9856 , 2.5091 , 8.8945 , -3.1958 , 2.9508 , 8.7892 , -0.1197 , 0.2132 , 0.1106 , 0.2102 , -0.4417 , 0.1053 , -0.8177 , -17.5114 , -19.9815 , 26.5690
8 , -2.7821 , 2.7845 , 8.8777 , -3.1517 , 3.0551 , 8.7695 , -0.1869 , 0.1753 , -0.0128 , 0.3697 , -0.2706 , 0.1082 , -0.8166 , -18.1515 , -19.7683 , 26.8377
10 , -2.0925 , 1.7837 , 10.5249 , -2.7644 , 1.5378 , 9.2824 , 0.1460 , 0.2358 , 0.2407 , 0.6718 , 0.2459 , 1.2425 , -0.8468 , -9.0219 , -16.5838 , 18.8790
8 , -2.6240 , 1.9297 , 9.5744 , -2.8700 , 2.0578 , 9.1487 , 0.0721 , -0.0428 , 0.1423 , 0.2460 , -0.1281 , 0.4257 , -0.8413 , -12.1130 , -17.4170 , 21.2150
6 , -2.7916 , 1.7669 , 8.4467 , -2.7034 , 2.1362 , 9.1814 , 0.1222 , 0.1277 , 0.0489 , -0.0883 , -0.3693 , -0.7347 , -0.8356 , -12.5816 , -16.4066 , 20.6754
9 , -0.9936 , 1.0630 , 9.3087 , -1.0711 , 1.3756 , 9.6504 , -0.3855 , 0.3812 , -0.0843 , 0.0775 , -0.3125 , -0.3418 , -0.8357 , -8.0634 , -6.3332 , 10.2532
3 , -1.8172 , 3.1460 , 7.7907 , -2.1784 , 2.7370 , 9.1615 , -0.1038 , -0.1442 , 0.1484 , 0.3612 , 0.4090 , -1.3708 , -0.8111 , -16.2062 , -13.3755 , 21.0130
10 , -1.3671 , 2.1907 , 9.8258 , -1.5930 , 2.1769 , 9.4284 , -0.0043 , 0.1032 , 0.2456 , 0.2259 , 0.0138 , 0.3974 , -0.8350 , -12.8252 , -9.5900 , 16.0142
8 , -1.3144 , 2.4062 , 9.1099 , -1.6942 , 2.4596 , 9.3408 , -0.2621 , 0.2547 , 0.1802 , 0.3798 , -0.0535 , -0.2308 , -0.8327 , -14.5257 , -10.2804 , 17.7956
1 , -3.6344 , 4.5226 , 7.1132 , -4.0888 , 3.7913 , 8.0671 , -0.2663 , -0.7043 , 0.1020 , 0.4544 , 0.7313 , -0.9539 , -0.7815 , -22.7437 , -26.8779 , 35.2093
7 , -2.1189 , 2.2841 , 8.5976 , -2.4823 , 2.2256 , 9.2225 , -0.0049 , 0.1790 , -0.1148 , 0.3634 , 0.0585 , -0.6250 , -0.8285 , -13.1173 , -15.0646 , 19.9751
6 , -1.2881 , 1.9728 , 9.2057 , -1.2075 , 2.3760 , 9.4375 , 0.2731 , 0.5027 , 0.1686 , -0.0805 , -0.4032 , -0.2318 , -0.8222 , -14.0216 , -7.2915 , 15.8042
1 , -3.3926 , 4.5586 , 7.0246 , -4.0720 , 3.9751 , 7.9867 , -0.0880 , -0.4154 , 0.2004 , 0.6794 , 0.5835 , -0.9621 , -0.7545 , -23.9129 , -27.0146 , 36.0779
2 , -2.9808 , 3.7397 , 8.8969 , -3.0981 , 3.4178 , 8.6540 , 0.0507 , -0.0018 , -0.0501 , 0.1173 , 0.3220 , 0.2429 , -0.7886 , -20.3965 , -19.6973 , 28.3549
7 , -2.9664 , 2.0279 , 8.6383 , -3.0266 , 2.5342 , 8.9771 , 0.3280 , 0.5828 , 0.3085 , 0.0602 , -0.5063 , -0.3388 , -0.8068 , -14.9761 , -18.6315 , 23.9043
4 , -2.3008 , 4.2401 , 7.3813 , -3.1669 , 3.4691 , 8.6085 , -0.3653 , -0.3476 , -0.2517 , 0.8661 , 0.7710 , -1.2272 , -0.7796 , -20.7171 , -20.1976 , 28.9334
8 , -2.0901 , 2.3391 , 8.3151 , -2.3602 , 2.4726 , 9.1916 , -0.4221 , 0.1741 , 0.0342 , 0.2700 , -0.1335 , -0.8766 , -0.8244 , -14.6042 , -14.4008 , 20.5101
3 , -2.3320 , 2.4708 , 8.6838 , -2.3765 , 2.5682 , 9.1611 , -0.1576 , -0.0556 , 0.0428 , 0.0446 , -0.0974 , -0.4774 , -0.8235 , -15.1820 , -14.5428 , 21.0235
6 , -2.3750 , 2.5570 , 7.4148 , -2.5807 , 2.5826 , 9.1017 , -0.1888 , 0.4081 , -0.0086 , 0.2057 , -0.0256 , -1.6868 , -0.8241 , -15.2693 , -15.8305 , 21.9945
7 , -2.4421 , 2.5762 , 10.6398 , -2.9827 , 2.2691 , 9.0623 , 0.1436 , 0.0794 , -0.1545 , 0.5406 , 0.3071 , 1.5775 , -0.7995 , -13.3786 , -18.2178 , 22.6026
1 , -4.3646 , 2.8706 , 7.0988 , -4.2576 , 2.8943 , 8.3467 , 0.1735 , 0.0061 , 0.0586 , -0.1071 , -0.0236 , -1.2478 , -0.7745 , -17.1657 , -27.0258 , 32.0165
2 , -3.2825 , 3.5937 , 8.4132 , -3.9452 , 2.8826 , 8.5027 , 0.1381 , 0.0409 , -0.2401 , 0.6628 , 0.7111 , -0.0895 , -0.7821 , -17.0944 , -24.8910 , 30.1957
9 , -1.7334 , 0.8164 , 9.7636 , -2.1354 , 0.8202 , 9.5361 , 0.2376 , -0.1014 , -0.1588 , 0.4020 , -0.0038 , 0.2274 , -0.8447 , -4.7977 , -12.6220 , 13.5031
10 , -1.2929 , 0.3208 , 10.4196 , -1.4730 , 0.4231 , 9.6862 , 0.0886 , 0.0788 , -0.1484 , 0.1802 , -0.1023 , 0.7334 , -0.8432 , -2.4726 , -8.6471 , 8.9937
6 , -1.3168 , 0.4429 , 8.4276 , -1.4628 , 0.5133 , 9.6833 , 0.1979 , -0.0006 , 0.0959 , 0.1460 , -0.0703 , -1.2558 , -0.8386 , -3.0001 , -8.5903 , 9.0991
7 , -0.9912 , 4.7142 , 7.3837 , -1.6003 , 3.7992 , 8.8981 , -0.2382 , -0.3183 , 0.0079 , 0.6091 , 0.9150 , -1.5144 , -0.8369 , -22.7933 , -10.1956 , 24.9697
7 , -1.4844 , 4.0630 , 9.5936 , -2.2500 , 3.6051 , 8.8381 , 0.2676 , 0.1307 , 0.1839 , 0.7656 , 0.4579 , 0.7555 , -0.8200 , -21.5686 , -14.2827 , 25.8689
2 , -1.7741 , 4.8937 , 9.2943 , -2.7777 , 3.3981 , 8.7697 , 0.1014 , -0.0519 , -0.1949 , 1.0036 , 1.4957 , 0.5246 , -0.8204 , -20.2738 , -17.5751 , 26.8312
8 , -2.3152 , 2.0877 , 9.8617 , -2.2613 , 2.3965 , 9.2365 , 0.1943 , 0.4716 , 0.3274 , -0.0539 , -0.3088 , 0.6252 , -0.8489 , -14.1450 , -13.7564 , 19.7312
6 , -1.5921 , 1.9513 , 9.7444 , -1.7613 , 1.9915 , 9.4394 , 0.1820 , 0.0446 , 0.0617 , 0.1692 , -0.0402 , 0.3050 , -0.8512 , -11.7167 , -10.5694 , 15.7795
7 , -2.5019 , 3.5985 , 9.1650 , -3.4358 , 2.8204 , 8.7413 , -0.0128 , 0.0061 , 0.0061 , 0.9338 , 0.7781 , 0.4237 , -0.8267 , -16.7145 , -21.4573 , 27.1990
3 , -2.9592 , 3.1699 , 8.0589 , -3.3195 , 3.0662 , 8.7034 , 0.1087 , -0.1814 , 0.1668 , 0.3603 , 0.1037 , -0.6445 , -0.8260 , -18.2202 , -20.8772 , 27.7098
1 , -3.9385 , 4.2210 , 6.7756 , -4.7327 , 3.8122 , 7.6967 , 0.1063 , 0.0342 , 0.2724 , 0.7942 , 0.4088 , -0.9211 , -0.7781 , -22.8759 , -31.5871 , 39.0006
1 , -5.3534 , 3.4309 , 7.4867 , -4.7383 , 3.8414 , 7.6787 , 0.0941 , -0.3464 , 0.1472 , -0.6151 , -0.4105 , -0.1920 , -0.7766 , -23.0611 , -31.6778 , 39.1829
7 , -2.3224 , 3.8810 , 8.3342 , -3.0689 , 3.1551 , 8.7634 , -0.1399 , -0.0599 , 0.1655 , 0.7465 , 0.7259 , -0.4292 , -0.8206 , -18.7676 , -19.3000 , 26.9205
9 , -1.9249 , 0.4334 , 10.2017 , -1.7974 , 1.2080 , 9.5645 , 0.2773 , 0.0318 , 0.1155 , -0.1275 , -0.7746 , 0.6371 , -0.8615 , -7.0755 , -10.6431 , 12.7804
10 , -2.1045 , 1.7861 , 9.6510 , -1.9817 , 1.7338 , 9.4465 , 0.0550 , 0.0770 , 0.1564 , -0.1228 , 0.0522 , 0.2045 , -0.8545 , -10.1835 , -11.8476 , 15.6227
6 , -2.0638 , 1.7813 , 9.2273 , -2.0170 , 1.9151 , 9.4040 , 0.1051 , -0.0214 , 0.1839 , -0.0468 , -0.1338 , -0.1767 , -0.8476 , -11.2615 , -12.1056 , 16.5338
10 , -2.4972 , 1.3312 , 8.0565 , -2.7600 , 1.8430 , 9.2280 , 0.2804 , 0.2663 , 0.1784 , 0.2629 , -0.5119 , -1.1715 , -0.8414 , -10.8324 , -16.6517 , 19.8651
1 , -4.2808 , 4.3096 , 4.1324 , -4.5196 , 3.9765 , 7.7415 , -0.1814 , -0.0452 , 0.3995 , 0.2388 , 0.3331 , -3.6091 , -0.7724 , -23.9216 , -30.2768 , 38.5866
9 , -1.1779 , 0.8595 , 10.0772 , -1.5224 , 1.4696 , 9.5756 , -0.2767 , 0.1943 , 0.1289 , 0.3445 , -0.6101 , 0.5016 , -0.8545 , -8.6186 , -9.0339 , 12.4856
1 , -3.6224 , 4.4341 , 7.0892 , -3.9576 , 4.2056 , 7.9260 , -0.0360 , -0.7049 , 0.0825 , 0.3352 , 0.2285 , -0.8367 , -0.7553 , -25.3946 , -26.5340 , 36.7280
4 , -2.1356 , 4.6208 , 7.5633 , -3.3901 , 3.6993 , 8.4257 , 0.0733 , -0.2395 , -0.0122 , 1.2545 , 0.9216 , -0.8625 , -0.7756 , -22.1615 , -21.9174 , 31.1690
8 , -2.4852 , 3.4548 , 8.3031 , -2.7641 , 3.1806 , 8.8552 , -0.0696 , 0.3800 , 0.1472 , 0.2790 , 0.2743 , -0.5521 , -0.8074 , -18.9248 , -17.3358 , 25.6647
5 , -1.8292 , 3.9073 , 7.6926 , -2.7308 , 3.3879 , 8.7884 , -0.2810 , -0.1979 , -0.2627 , 0.9017 , 0.5195 , -1.0958 , -0.8085 , -20.2102 , -17.2617 , 26.5786
8 , -2.4924 , 3.6943 , 9.4739 , -2.8955 , 3.1406 , 8.8274 , 0.1851 , 0.0861 , 0.1020 , 0.4032 , 0.5536 , 0.6465 , -0.8148 , -18.6784 , -18.1604 , 26.0515
4 , -2.7246 , 3.9863 , 8.2049 , -3.3083 , 3.3517 , 8.6018 , -0.1949 , -0.4557 , -0.1020 , 0.5837 , 0.6347 , -0.3969 , -0.7969 , -19.9852 , -21.0368 , 29.0165
8 , -2.8563 , 2.7198 , 10.0078 , -3.0279 , 2.8126 , 8.8933 , 0.2376 , 0.2132 , 0.2523 , 0.1716 , -0.0928 , 1.1144 , -0.8202 , -16.6669 , -18.8020 , 25.1258
2 , -2.9305 , 3.6751 , 7.9128 , -3.1583 , 3.4682 , 8.6121 , 0.0666 , 0.0648 , -0.0189 , 0.2278 , 0.2069 , -0.6992 , -0.7998 , -20.7110 , -20.1394 , 28.8885
3 , -3.1173 , 3.3375 , 9.3374 , -3.3631 , 3.1141 , 8.6696 , 0.2712 , 0.0269 , 0.0293 , 0.2459 , 0.2234 , 0.6678 , -0.8013 , -18.5150 , -21.2025 , 28.1487
5 , -2.5929 , 3.4596 , 7.7189 , -3.1443 , 3.2331 , 8.7081 , 0.1258 , 0.3574 , -0.0617 , 0.5514 , 0.2265 , -0.9892 , -0.8008 , -19.2495 , -19.8538 , 27.6535
4 , -2.3846 , 4.2018 , 8.0349 , -3.6723 , 3.5327 , 8.3788 , -0.0910 , -0.2144 , 0.0837 , 1.2877 , 0.6691 , -0.3439 , -0.7852 , -21.1146 , -23.6672 , 31.7169
8 , -2.8491 , 2.8754 , 8.8585 , -3.0470 , 2.7381 , 8.9101 , -0.1692 , 0.3867 , 0.0360 , 0.1979 , 0.1374 , -0.0515 , -0.8189 , -16.2129 , -18.8790 , 24.8852
7 , -2.9377 , 3.7493 , 7.6830 , -3.7508 , 3.1352 , 8.5013 , -0.1943 , 0.4111 , -0.3085 , 0.8131 , 0.6142 , -0.8183 , -0.8051 , -18.6447 , -23.8070 , 30.2390
10 , -2.8826 , 1.5778 , 8.4803 , -2.5627 , 1.8162 , 9.2900 , -0.0006 , -0.2572 , -0.0983 , -0.3199 , -0.2384 , -0.8097 , -0.8476 , -10.6730 , -15.4221 , 18.7551
10 , -1.9058 , 2.1261 , 8.8011 , -2.4959 , 2.1649 , 9.2333 , 0.0470 , 0.2877 , 0.0654 , 0.5901 , -0.0388 , -0.4322 , -0.8447 , -12.7536 , -15.1264 , 19.7854
6 , -1.0487 , 1.3982 , 10.0580 , -1.7943 , 1.3108 , 9.5516 , 0.2230 , 0.2633 , -0.0556 , 0.7456 , 0.0874 , 0.5065 , -0.8352 , -7.6814 , -10.6392 , 13.1223
5 , -1.9513 , 2.5953 , 9.0237 , -2.4545 , 2.2527 , 9.2234 , 0.3042 , 0.3079 , 0.1222 , 0.5032 , 0.3426 , -0.1997 , -0.8211 , -13.2800 , -14.9018 , 19.9605
1 , -3.3998 , 4.7549 , 7.4005 , -4.7619 , 3.8968 , 7.6361 , -0.3451 , -0.9395 , 0.0635 , 1.3621 , 0.8581 , -0.2356 , -0.7515 , -23.4135 , -31.9478 , 39.6088
4 , -3.8307 , 3.3591 , 10.2927 , -4.1360 , 3.4724 , 8.1857 , 0.2046 , -0.0867 , 0.0580 , 0.3053 , -0.1133 , 2.1069 , -0.7749 , -20.7373 , -26.8062 , 33.8911
4 , -2.0423 , 5.1834 , 8.2169 , -3.7047 , 4.0081 , 8.1474 , 0.0079 , -0.0867 , 0.0183 , 1.6625 , 1.1754 , 0.0695 , -0.7701 , -24.1237 , -24.4518 , 34.3488
4 , -2.6001 , 4.6160 , 8.1307 , -3.5588 , 4.0627 , 8.1854 , 0.2065 , 0.0031 , -0.0947 , 0.9587 , 0.5533 , -0.0547 , -0.7692 , -24.4739 , -23.4980 , 33.9283
10 , -1.6400 , 1.7645 , 12.7419 , -2.0240 , 1.4402 , 9.4868 , 0.5412 , 0.0709 , 0.1271 , 0.3840 , 0.3243 , 3.2551 , -0.8341 , -8.4449 , -12.0436 , 14.7093
2 , -2.8108 , 2.8204 , 9.1889 , -2.9534 , 3.0566 , 8.8377 , -0.0189 , -0.0397 , 0.1240 , 0.1427 , -0.2363 , 0.3513 , -0.7996 , -18.1612 , -18.4790 , 25.9095
7 , -1.8268 , 3.5937 , 7.9799 , -2.7512 , 2.6653 , 9.0276 , 0.1753 , 0.3207 , 0.1588 , 0.9244 , 0.9284 , -1.0477 , -0.8016 , -15.7708 , -16.9485 , 23.1510
6 , -1.7597 , 2.5833 , 9.0070 , -2.2770 , 2.4400 , 9.2213 , -0.1991 , -0.2352 , -0.0208 , 0.5173 , 0.1434 , -0.2143 , -0.8044 , -14.4071 , -13.8706 , 19.9989
6 , -1.7573 , 1.3862 , 8.5377 , -1.8678 , 1.5518 , 9.5012 , 0.0018 , 0.3971 , 0.0764 , 0.1104 , -0.1656 , -0.9635 , -0.7979 , -9.1050 , -11.1214 , 14.3732
5 , -2.1165 , 1.6305 , 10.0293 , -2.3866 , 1.6514 , 9.3674 , -0.2272 , 0.1881 , -0.2340 , 0.2701 , -0.0209 , 0.6619 , -0.7954 , -9.6944 , -14.2936 , 17.2710
3 , -2.8563 , 2.0159 , 8.6335 , -2.6308 , 2.1715 , 9.1942 , 0.1344 , -0.0611 , 0.0525 , -0.2255 , -0.1556 , -0.5607 , -0.7976 , -12.7934 , -15.9678 , 20.4607
5 , -2.5043 , 2.3607 , 8.1954 , -2.6842 , 2.2229 , 9.1665 , -0.1411 , -0.1826 , -0.0348 , 0.1799 , 0.1378 , -0.9711 , -0.7954 , -13.1012 , -16.3217 , 20.9294
5 , -2.9018 , 1.4748 , 10.3669 , -2.3874 , 2.2149 , 9.2501 , 0.6481 , 0.4569 , 0.0232 , -0.5144 , -0.7401 , 1.1168 , -0.7990 , -13.0533 , -14.4718 , 19.4891
2 , -3.1580 , 2.7845 , 9.0668 , -2.9449 , 2.9010 , 8.8928 , -0.0654 , 0.1277 , 0.2364 , -0.2130 , -0.1166 , 0.1740 , -0.7853 , -17.2069 , -18.3226 , 25.1356
2 , -1.9393 , 4.4125 , 5.6216 , -3.0469 , 3.3343 , 8.7045 , -0.4129 , 0.0428 , -0.0525 , 1.1076 , 1.0782 , -3.0830 , -0.7835 , -19.8772 , -19.2919 , 27.6999
10 , -1.8507 , 1.0439 , 6.4284 , -2.1453 , 1.1516 , 9.4996 , -0.6072 , -0.1655 , 0.1741 , 0.2946 , -0.1077 , -3.0711 , -0.8358 , -6.7436 , -12.7256 , 14.4020
1 , -3.9169 , 3.9528 , 7.0054 , -4.0036 , 3.4547 , 8.2587 , -0.1020 , -0.3793 , 0.1032 , 0.0867 , 0.4981 , -1.2533 , -0.7615 , -20.6269 , -25.8626 , 33.0808
3 , -4.2497 , 3.1723 , 10.4435 , -3.6556 , 3.1751 , 8.5279 , 0.1289 , -0.1148 , 0.2462 , -0.5941 , -0.0028 , 1.9156 , -0.7762 , -18.8911 , -23.2030 , 29.9207
9 , -1.8435 , 1.2234 , 9.5289 , -2.0530 , 1.7621 , 9.4260 , 0.0727 , 0.2266 , 0.1686 , 0.2095 , -0.5387 , 0.1029 , -0.8267 , -10.3516 , -12.2873 , 16.0665
6 , -1.9632 , 1.9992 , 9.6319 , -2.2856 , 1.6344 , 9.3955 , 0.0599 , -0.1454 , -0.1216 , 0.3224 , 0.3648 , 0.2364 , -0.8176 , -9.5937 , -13.6727 , 16.7027
1 , -4.0534 , 4.4317 , 8.2672 , -4.5862 , 3.4393 , 7.9567 , -0.2566 , -0.6585 , 0.1814 , 0.5328 , 0.9924 , 0.3105 , -0.7526 , -20.5308 , -29.9591 , 36.3188
7 , -3.1891 , 1.4461 , 11.2839 , -3.0772 , 1.9888 , 9.0965 , 0.4716 , 0.3372 , 0.1417 , -0.1119 , -0.5427 , 2.1874 , -0.8069 , -11.7007 , -18.6900 , 22.0504
2 , -2.7390 , 3.0263 , 8.1259 , -2.9858 , 3.1324 , 8.8002 , -0.1735 , -0.3506 , -0.0867 , 0.2469 , -0.1061 , -0.6743 , -0.7836 , -18.6276 , -18.7416 , 26.4242
7 , -2.2170 , 3.0311 , 9.6965 , -2.9566 , 2.4014 , 9.0367 , 0.1038 , 0.1478 , -0.0800 , 0.7396 , 0.6297 , 0.6598 , -0.7916 , -14.1744 , -18.1168 , 23.0029
4 , -1.8842 , 4.1348 , 8.6024 , -3.0089 , 3.0372 , 8.8257 , -0.3738 , -0.1032 , 0.1026 , 1.1246 , 1.0976 , -0.2233 , -0.7724 , -18.0416 , -18.8255 , 26.0748
10 , -1.7813 , 1.8914 , 11.8130 , -1.9763 , 1.3878 , 9.5047 , -0.3170 , -0.3427 , -0.1197 , 0.1951 , 0.5036 , 2.3083 , -0.8192 , -8.1356 , -11.7464 , 14.2886
7 , -1.2617 , 3.5698 , 7.9559 , -2.7923 , 2.5313 , 9.0535 , -0.1924 , -0.1014 , 0.0910 , 1.5305 , 1.0384 , -1.0976 , -0.7899 , -14.9587 , -17.1408 , 22.7502
2 , -2.5307 , 3.6105 , 8.5377 , -3.1021 , 3.3695 , 8.6714 , 0.2938 , 0.0892 , 0.2095 , 0.5714 , 0.2410 , -0.1337 , -0.7738 , -20.0958 , -19.6841 , 28.1301
5 , -2.3679 , 2.3056 , 7.5489 , -2.3409 , 2.5056 , 9.1876 , -0.2065 , 0.4429 , 0.0525 , -0.0270 , -0.2000 , -1.6387 , -0.7997 , -14.8033 , -14.2941 , 20.5781
10 , -2.0039 , 1.2210 , 7.8769 , -2.1209 , 1.4628 , 9.4622 , -0.7129 , -0.2034 , 0.1594 , 0.1169 , -0.2417 , -1.5852 , -0.8269 , -8.5783 , -12.6335 , 15.2706
4 , -2.6552 , 3.5099 , 8.3246 , -3.1292 , 3.0369 , 8.7838 , 0.0702 , 0.1332 , 0.1625 , 0.4741 , 0.4730 , -0.4592 , -0.7744 , -18.0401 , -19.6085 , 26.6446
1 , -4.2210 , 3.1843 , 9.9671 , -3.5666 , 3.3277 , 8.5074 , 0.0849 , -0.0470 , 0.5174 , -0.6544 , -0.1434 , 1.4597 , -0.7545 , -19.8364 , -22.7452 , 30.1799
6 , -2.5594 , 0.7661 , 8.3941 , -2.1242 , 1.6158 , 9.4365 , 0.3146 , 0.2358 , 0.1515 , -0.4352 , -0.8497 , -1.0424 , -0.7932 , -9.4838 , -12.6859 , 15.8391
9 , -1.8459 , 1.2186 , 8.3701 , -1.6990 , 1.4791 , 9.5444 , -0.3867 , 0.3195 , 0.0122 , -0.1470 , -0.2605 , -1.1743 , -0.8014 , -8.6749 , -10.0933 , 13.3090
3 , -1.9489 , 2.4636 , 9.2249 , -2.3250 , 2.4254 , 9.2132 , -0.1374 , 0.1301 , 0.2236 , 0.3761 , 0.0383 , 0.0117 , -0.7765 , -14.3189 , -14.1632 , 20.1402
5 , -2.3200 , 2.5929 , 8.8274 , -2.4028 , 2.5976 , 9.1460 , 0.1429 , 0.2608 , 0.2193 , 0.0828 , -0.0047 , -0.3186 , -0.7681 , -15.3599 , -14.7196 , 21.2743
10 , -2.3535 , 0.7733 , 7.9799 , -1.9946 , 0.9623 , 9.5533 , -0.1686 , -0.4581 , -0.1668 , -0.3589 , -0.1890 , -1.5735 , -0.8181 , -5.6313 , -11.7929 , 13.0685
1 , -2.0279 , 5.1356 , 8.5186 , -3.0904 , 3.8286 , 8.4830 , -0.0690 , -0.2810 , 0.0061 , 1.0625 , 1.3070 , 0.0355 , -0.7488 , -22.9798 , -20.0169 , 30.4754
8 , -0.8667 , 2.5355 , 7.5537 , -1.5170 , 2.5476 , 9.3477 , -0.3219 , 0.3103 , -0.0305 , 0.6503 , -0.0122 , -1.7940 , -0.8200 , -15.0573 , -9.2179 , 17.6547
7 , -1.6496 , 3.4022 , 7.2880 , -2.3571 , 2.5329 , 9.1760 , -0.6677 , -0.5052 , -0.4013 , 0.7075 , 0.8692 , -1.8880 , -0.8047 , -14.9685 , -14.4067 , 20.7752
3 , -2.1763 , 1.9896 , 9.6630 , -2.0873 , 1.9183 , 9.3880 , 0.0849 , 0.0831 , 0.0531 , -0.0891 , 0.0713 , 0.2750 , -0.8161 , -11.2803 , -12.5349 , 16.8633
5 , -1.9106 , 1.5802 , 11.4826 , -2.1704 , 1.9626 , 9.3599 , 0.1130 , 0.6493 , 0.1240 , 0.2599 , -0.3824 , 2.1227 , -0.8120 , -11.5444 , -13.0554 , 17.4275
10 , -1.0798 , 1.1947 , 9.4667 , -1.6361 , 0.6366 , 9.6482 , -0.6249 , -0.3323 , -0.2260 , 0.5563 , 0.5581 , -0.1816 , -0.8448 , -3.7218 , -9.6245 , 10.3191
1 , -1.6209 , 4.6471 , 5.8634 , -3.5620 , 3.1605 , 8.5729 , 0.0079 , -0.2334 , -0.0122 , 1.9411 , 1.4867 , -2.7095 , -0.7765 , -18.8008 , -22.5628 , 29.3692
6 , -0.9697 , 1.2043 , 10.3022 , -1.1391 , 1.2801 , 9.6558 , 0.2853 , 0.3054 , 0.0079 , 0.1695 , -0.0758 , 0.6465 , -0.8250 , -7.5003 , -6.7283 , 10.0760
5 , -1.7142 , 2.5402 , 8.6574 , -2.1033 , 2.3494 , 9.2858 , -0.3586 , 0.1710 , -0.2388 , 0.3890 , 0.1908 , -0.6284 , -0.7886 , -13.8613 , -12.7624 , 18.8418
1 , -4.0749 , 4.2928 , 8.8370 , -4.0267 , 3.5744 , 8.1963 , -0.3977 , -1.5174 , 0.1973 , -0.0482 , 0.7184 , 0.6407 , -0.7439 , -21.3758 , -26.1639 , 33.7857
8 , -2.7078 , 1.9273 , 9.6007 , -2.5289 , 2.2945 , 9.1929 , 0.2950 , -0.0660 , 0.1863 , -0.1789 , -0.3672 , 0.4078 , -0.8041 , -13.5314 , -15.3811 , 20.4860
7 , -3.1244 , 0.6321 , 9.6055 , -2.6384 , 2.4222 , 9.1292 , 1.0427 , 0.8375 , 0.5534 , -0.4860 , -1.7901 , 0.4763 , -0.8009 , -14.2995 , -16.1196 , 21.5481
4 , -3.0263 , 3.2705 , 8.6359 , -3.0005 , 3.3830 , 8.7019 , -0.1319 , -0.1063 , 0.3512 , -0.0257 , -0.1125 , -0.0660 , -0.7740 , -20.1799 , -19.0250 , 27.7340
2 , -2.4828 , 3.2250 , 5.2002 , -2.6436 , 3.3451 , 8.8313 , -0.4300 , 0.1558 , 0.0079 , 0.1608 , -0.1201 , -3.6311 , -0.7720 , -19.9445 , -16.6650 , 25.9904
9 , -1.2019 , 1.5060 , 8.4731 , -1.5925 , 1.4688 , 9.5644 , -0.1399 , 0.0012 , 0.0397 , 0.3906 , 0.0371 , -1.0913 , -0.8195 , -8.6141 , -9.4532 , 12.7893
2 , -1.6927 , 4.1563 , 7.5322 , -2.9429 , 3.2676 , 8.7654 , -0.0220 , 0.0538 , -0.1112 , 1.2502 , 0.8887 , -1.2332 , -0.7563 , -19.4636 , -18.5589 , 26.8935
2 , -2.4014 , 3.5769 , 7.2640 , -2.9338 , 3.4355 , 8.7041 , -0.1252 , -0.0379 , -0.0739 , 0.5324 , 0.1414 , -1.4400 , -0.7572 , -20.5071 , -18.6270 , 27.7039
4 , -3.2585 , 3.0981 , 8.9328 , -3.0579 , 2.7532 , 8.9017 , -0.1142 , -0.0403 , 0.1973 , -0.2006 , 0.3449 , 0.0311 , -0.7664 , -16.3050 , -18.9586 , 25.0056
4 , -2.4756 , 3.3040 , 8.0158 , -2.9025 , 2.9726 , 8.8831 , -0.1796 , -0.0458 , -0.0031 , 0.4269 , 0.3314 , -0.8673 , -0.7623 , -17.6452 , -18.0948 , 25.2740
7 , -1.8890 , 2.4780 , 7.3622 , -2.4538 , 1.9602 , 9.2902 , -0.1778 , -0.2266 , -0.0977 , 0.5648 , 0.5178 , -1.9280 , -0.7961 , -11.5301 , -14.7957 , 18.7578
4 , -1.4724 , 4.1204 , 7.7333 , -2.7185 , 2.8964 , 8.9661 , -0.6084 , 0.2963 , 0.2077 , 1.2461 , 1.2240 , -1.2328 , -0.7628 , -17.1787 , -16.8672 , 24.0751
9 , -1.0702 , 0.8835 , 7.8673 , -1.0219 , 1.2638 , 9.6710 , -0.6774 , 0.0599 , 0.1552 , -0.0483 , -0.3803 , -1.8037 , -0.8205 , -7.4043 , -6.0317 , 9.5501
6 , -1.0702 , 1.1564 , 10.0245 , -1.0765 , 1.3760 , 9.6498 , 0.1686 , 0.3140 , 0.3549 , 0.0063 , -0.2196 , 0.3748 , -0.8130 , -8.0659 , -6.3657 , 10.2753
10 , -1.2785 , 0.6225 , 9.2512 , -1.4481 , 1.1706 , 9.6283 , 0.8027 , 0.8662 , 0.4307 , 0.1696 , -0.5481 , -0.3771 , -0.8265 , -6.8554 , -8.5530 , 10.9613
1 , -1.1756 , 6.1411 , 6.7995 , -3.4739 , 3.9880 , 8.2583 , -0.3231 , -0.4313 , -0.0959 , 2.2983 , 2.1532 , -1.4587 , -0.7414 , -23.9951 , -22.8142 , 33.1097
7 , -2.0973 , 1.6640 , 10.2113 , -2.3546 , 1.6600 , 9.3739 , 0.2553 , -0.3647 , -0.0525 , 0.2573 , 0.0039 , 0.8374 , -0.8114 , -9.7458 , -14.1004 , 17.1406
1 , -2.8754 , 3.7709 , 5.9304 , -3.1619 , 3.5174 , 8.5908 , 0.1234 , -0.3983 , -0.0727 , 0.2864 , 0.2535 , -2.6603 , -0.7597 , -21.0186 , -20.2064 , 29.1561
10 , -2.7509 , -0.7087 , 10.8409 , -1.6278 , 0.5961 , 9.6522 , -0.3225 , 0.0476 , -0.0959 , -1.1231 , -1.3048 , 1.1887 , -0.8263 , -3.4848 , -9.5726 , 10.1871
5 , -2.3296 , 0.9409 , 11.1139 , -2.2401 , 1.1638 , 9.4762 , 0.4966 , 0.2364 , -0.1967 , -0.0894 , -0.2229 , 1.6377 , -0.8131 , -6.8155 , -13.3002 , 14.9448
9 , -2.4349 , 0.5507 , 8.9064 , -1.1884 , 1.2529 , 9.6534 , -0.3592 , -0.0916 , 0.2889 , -1.2465 , -0.7022 , -0.7470 , -0.8278 , -7.3399 , -7.0180 , 10.1551
1 , -2.6839 , 5.0111 , 9.5696 , -3.3978 , 3.3153 , 8.5810 , -0.1295 , 0.3268 , 0.3067 , 0.7139 , 1.6958 , 0.9886 , -0.7602 , -19.7591 , -21.6022 , 29.2759
7 , -2.8826 , 0.9577 , 9.2320 , -2.4593 , 1.7304 , 9.3342 , 0.0782 , 0.1790 , 0.5412 , -0.4233 , -0.7727 , -0.1022 , -0.8074 , -10.1630 , -14.7602 , 17.9207
3 , -0.7302 , 2.5091 , 8.3821 , -2.6397 , 2.5565 , 9.0921 , -0.8485 , -0.2388 , 0.2627 , 1.9094 , -0.0474 , -0.7100 , -0.8015 , -15.1111 , -16.1892 , 22.1458
2 , -2.5570 , 2.9018 , 8.6455 , -2.5850 , 2.4259 , 9.1435 , -0.4685 , -0.2560 , -0.3451 , 0.0280 , 0.4759 , -0.4980 , -0.7906 , -14.3221 , -15.7866 , 21.3152
6 , -2.6719 , 1.5443 , 9.5577 , -2.3897 , 1.6476 , 9.3673 , -0.0232 , -0.3012 , -0.2908 , -0.2823 , -0.1033 , 0.1904 , -0.8115 , -9.6719 , -14.3113 , 17.2731
2 , -2.0087 , 3.5817 , 8.1499 , -2.7261 , 2.5629 , 9.0648 , -0.1625 , -0.2279 , -0.2908 , 0.7173 , 1.0189 , -0.9149 , -0.7894 , -15.1495 , -16.7376 , 22.5755
10 , -0.9840 , -0.6201 , 8.6431 , -1.4245 , -0.1324 , 9.7017 , -0.2828 , 0.0305 , -0.3830 , 0.4404 , -0.4877 , -1.0587 , -0.8464 , 0.7737 , -8.3527 , 8.3885
1 , -4.3527 , 3.0191 , 7.7812 , -3.8614 , 2.5895 , 8.6345 , -0.1826 , -0.7801 , 0.3280 , -0.4912 , 0.4296 , -0.8533 , -0.7741 , -15.3106 , -24.0946 , 28.5476
8 , -2.9975 , 1.1708 , 10.8362 , -2.6247 , 1.7344 , 9.2883 , 0.1075 , -0.0012 , 0.0831 , -0.3728 , -0.5636 , 1.5478 , -0.8076 , -10.1869 , -15.7792 , 18.7818
7 , -2.4565 , 1.9321 , 11.4036 , -2.2997 , 1.7894 , 9.3637 , 0.1961 , 0.3348 , 0.0800 , -0.1567 , 0.1427 , 2.0398 , -0.8084 , -10.5136 , -13.7988 , 17.3477
8 , -1.8507 , 2.0925 , 10.1945 , -2.3206 , 1.8512 , 9.3465 , 0.0446 , 0.2810 , 0.0031 , 0.4699 , 0.2413 , 0.8480 , -0.8182 , -10.8812 , -13.9439 , 17.6871
8 , -2.0758 , 1.2139 , 9.4547 , -2.0508 , 1.6179 , 9.4524 , 0.0171 , 0.3983 , 0.1332 , -0.0250 , -0.4040 , 0.0023 , -0.8288 , -9.4959 , -12.2412 , 15.4925
2 , -2.0135 , 2.7940 , 8.1116 , -2.5440 , 2.6404 , 9.0954 , 0.0348 , -0.0947 , 0.2663 , 0.5305 , 0.1536 , -0.9839 , -0.8107 , -15.6193 , -15.6264 , 22.0941
5 , -2.0279 , 2.2458 , 7.8123 , -2.3409 , 2.2335 , 9.2575 , -0.2944 , 0.1985 , 0.0538 , 0.3130 , 0.0122 , -1.4453 , -0.8176 , -13.1651 , -14.1905 , 19.3569
4 , -2.7270 , 3.2274 , 8.4731 , -3.1320 , 2.5148 , 8.9463 , -0.3164 , 0.0611 , 0.0220 , 0.4050 , 0.7125 , -0.4732 , -0.7944 , -14.8591 , -19.2945 , 24.3530
7 , -1.5036 , 2.5881 , 9.3398 , -2.6027 , 1.9742 , 9.2465 , -0.0953 , 0.0757 , -0.1839 , 1.0992 , 0.6139 , 0.0932 , -0.8108 , -11.6137 , -15.7210 , 19.5455
6 , -1.7334 , 1.2570 , 9.2512 , -2.0250 , 1.5860 , 9.4633 , -0.1368 , 0.1521 , 0.1924 , 0.2916 , -0.3290 , -0.2121 , -0.8273 , -9.3071 , -12.0784 , 15.2482
9 , -2.3391 , 0.5411 , 10.8242 , -2.0599 , 1.1848 , 9.5144 , 0.1026 , 0.2914 , 0.1521 , -0.2792 , -0.6437 , 1.3098 , -0.8283 , -6.9393 , -12.2163 , 14.0496
7 , -1.9249 , 2.7366 , 8.2361 , -2.5825 , 1.6983 , 9.3068 , -0.1985 , -0.0263 , -0.1784 , 0.6575 , 1.0383 , -1.0708 , -0.8056 , -9.9725 , -15.5083 , 18.4380
5 , -2.1955 , 2.2745 , 7.8003 , -2.4889 , 2.0155 , 9.2689 , -0.2468 , 0.3622 , 0.0373 , 0.2934 , 0.2590 , -1.4686 , -0.8125 , -11.8602 , -15.0306 , 19.1464
4 , -2.3008 , 3.0933 , 7.7692 , -3.0640 , 2.4775 , 8.9802 , -0.3952 , 0.3366 , 0.1558 , 0.7631 , 0.6158 , -1.2110 , -0.7941 , -14.6337 , -18.8391 , 23.8549
10 , -1.8028 , -1.2546 , 11.0038 , -1.4042 , 0.0146 , 9.7056 , 1.0177 , 0.8851 , 0.3958 , -0.3986 , -1.2691 , 1.2982 , -0.8487 , -0.0852 , -8.2324 , 8.2329
7 , -3.3998 , 2.1787 , 11.1354 , -2.2454 , 2.3349 , 9.2562 , 0.2285 , 0.1332 , 0.1344 , -1.1544 , -0.1561 , 1.8792 , -0.8210 , -13.7738 , -13.6357 , 19.3817
5 , -2.2410 , 2.6576 , 9.7037 , -2.2595 , 2.4246 , 9.2296 , -0.3958 , -0.0195 , 0.2963 , 0.0185 , 0.2329 , 0.4740 , -0.8173 , -14.3144 , -13.7558 , 19.8525
8 , -1.0463 , 2.0135 , 11.1378 , -1.7024 , 2.0469 , 9.4383 , 0.4423 , 0.4942 , 0.0440 , 0.6561 , -0.0334 , 1.6995 , -0.8166 , -12.0479 , -10.2246 , 15.8017
3 , -1.8507 , 2.5786 , 8.2815 , -1.7144 , 2.7321 , 9.2610 , -0.1246 , 0.3293 , 0.3317 , -0.1363 , -0.1535 , -0.9795 , -0.8058 , -16.1764 , -10.4879 , 19.2788
7 , -1.6496 , 2.9568 , 11.3605 , -2.7637 , 2.3338 , 9.1151 , 0.4801 , -0.0715 , 0.3335 , 1.1140 , 0.6230 , 2.2453 , -0.7987 , -13.7677 , -16.8670 , 21.7726
2 , -2.8826 , 2.6576 , 9.9144 , -2.6698 , 3.0575 , 8.9272 , -0.2731 , 0.1338 , 0.1362 , -0.2128 , -0.3999 , 0.9872 , -0.7974 , -18.1663 , -16.6501 , 24.6423
5 , -2.0686 , 2.6600 , 8.5473 , -2.5329 , 2.6089 , 9.1076 , 0.0012 , -0.0275 , 0.0782 , 0.4643 , 0.0510 , -0.5603 , -0.8016 , -15.4286 , -15.5415 , 21.8993
1 , -3.1651 , 3.0430 , 7.9344 , -3.8881 , 2.7892 , 8.5600 , -0.1735 , -0.6103 , 0.2578 , 0.7230 , 0.2538 , -0.6256 , -0.7848 , -16.5244 , -24.4284 , 29.4924
10 , -2.3152 , 0.6129 , 12.1578 , -2.4335 , 1.1355 , 9.4318 , 0.2095 , 1.0348 , 0.6267 , 0.1183 , -0.5226 , 2.7259 , -0.8360 , -6.6491 , -14.4672 , 15.9220
5 , -1.9345 , 2.3535 , 8.9495 , -2.9140 , 2.1593 , 9.1113 , 0.0684 , 0.3409 , 0.0177 , 0.9795 , 0.1942 , -0.1618 , -0.8184 , -12.7203 , -17.7356 , 21.8256
1 , -2.8371 , 3.8116 , 7.8506 , -3.5828 , 2.6475 , 8.7364 , -0.4991 , -0.6390 , -0.1106 , 0.7457 , 1.1641 , -0.8858 , -0.7912 , -15.6625 , -22.2986 , 27.2496
5 , -5.0182 , 1.3767 , 9.4523 , -2.9042 , 1.9483 , 9.1619 , 0.0360 , 0.3842 , 0.0916 , -2.1141 , -0.5716 , 0.2904 , -0.8218 , -11.4590 , -17.5877 , 20.9913
9 , -1.3503 , 0.0718 , 9.9407 , -1.2161 , 1.1232 , 9.6659 , 0.3641 , 0.2077 , 0.1894 , -0.1343 , -1.0514 , 0.2748 , -0.8467 , -6.5767 , -7.1706 , 9.7299
5 , -1.5179 , 2.7198 , 8.0804 , -2.3510 , 1.9986 , 9.3085 , -0.0929 , -0.0367 , 0.1038 , 0.8331 , 0.7212 , -1.2281 , -0.8256 , -11.7593 , -14.1747 , 18.4175
9 , -2.1596 , -0.2825 , 7.9966 , -1.7341 , 1.3926 , 9.5511 , 0.0690 , 0.1423 , 0.5773 , -0.4255 , -1.6751 , -1.5545 , -0.8325 , -8.1640 , -10.2904 , 13.1356
5 , -1.6592 , 1.7717 , 8.8322 , -2.3297 , 1.9530 , 9.3236 , -0.5583 , 0.8515 , -0.2297 , 0.6705 , -0.1813 , -0.4913 , -0.8153 , -11.4874 , -14.0293 , 18.1323
10 , -2.5235 , 0.8954 , 8.8059 , -2.1155 , 1.2174 , 9.4981 , 0.1692 , -0.1668 , 0.2877 , -0.4080 , -0.3220 , -0.6922 , -0.8319 , -7.1310 , -12.5563 , 14.4399
8 , -1.7310 , 2.1739 , 9.2464 , -2.1731 , 1.9938 , 9.3527 , -0.2224 , 0.1161 , 0.0715 , 0.4421 , 0.1801 , -0.1063 , -0.8190 , -11.7309 , -13.0806 , 17.5703
7 , -2.6552 , 2.4493 , 9.1459 , -2.6597 , 2.2621 , 9.1640 , -0.3671 , 0.4331 , 0.1008 , 0.0045 , 0.1872 , -0.0182 , -0.8033 , -13.3364 , -16.1844 , 20.9713
9 , -1.1827 , -0.0766 , 10.5776 , -1.4516 , 1.0163 , 9.6452 , 0.2382 , 0.3170 , 0.0586 , 0.2688 , -1.0929 , 0.9323 , -0.8268 , -5.9483 , -8.5585 , 10.4226
9 , -1.9489 , 0.5291 , 9.0166 , -1.6579 , 1.0863 , 9.6042 , -0.0147 , 0.3696 , 0.1943 , -0.2910 , -0.5572 , -0.5877 , -0.8233 , -6.3600 , -9.7940 , 11.6779
2 , -2.4205 , 3.4261 , 8.1810 , -2.5491 , 3.2966 , 8.8772 , -0.0751 , 0.0415 , -0.1002 , 0.1286 , 0.1295 , -0.6962 , -0.7822 , -19.6433 , -16.0215 , 25.3485
9 , -1.5658 , 0.2586 , 9.5624 , -1.5811 , 1.1917 , 9.6047 , -0.0006 , 0.4331 , 0.1362 , 0.0153 , -0.9331 , -0.0423 , -0.8130 , -6.9796 , -9.3483 , 11.6664
5 , -2.2218 , 2.7390 , 9.0764 , -2.5149 , 2.5740 , 9.1225 , -0.2547 , 0.0593 , -0.1906 , 0.2931 , 0.1650 , -0.0461 , -0.7925 , -15.2169 , -15.4126 , 21.6588
9 , -1.7693 , 0.3041 , 10.6135 , -1.7258 , 1.1320 , 9.5870 , 0.3971 , 0.0947 , 0.2254 , -0.0435 , -0.8279 , 1.0265 , -0.8147 , -6.6285 , -10.2051 , 12.1689
7 , -2.0542 , 2.5235 , 8.2648 , -3.0330 , 2.2373 , 9.0535 , -0.4581 , 0.2731 , -0.0751 , 0.9788 , 0.2862 , -0.7887 , -0.7900 , -13.1875 , -18.5215 , 22.7367
5 , -3.1532 , 1.7861 , 9.4906 , -3.1278 , 2.3649 , 8.9886 , 0.0757 , 0.2126 , 0.2450 , -0.0254 , -0.5789 , 0.5020 , -0.7893 , -13.9548 , -19.1866 , 23.7247
7 , -1.8148 , 2.9066 , 10.0628 , -2.9318 , 1.9253 , 9.1579 , -0.1881 , 0.0513 , -0.1466 , 1.1170 , 0.9812 , 0.9049 , -0.7866 , -11.3224 , -17.7521 , 21.0555
7 , -1.4102 , 3.1412 , 9.6079 , -2.8799 , 2.1872 , 9.1155 , 0.0055 , 0.2071 , 0.0800 , 1.4697 , 0.9540 , 0.4924 , -0.7818 , -12.8874 , -17.5330 , 21.7598
8 , -2.3750 , 1.5347 , 8.9328 , -2.5178 , 1.9377 , 9.2777 , -0.1051 , 0.5412 , 0.0214 , 0.1427 , -0.4030 , -0.3450 , -0.8034 , -11.3960 , -15.1832 , 18.9841
9 , -1.2570 , 0.8356 , 9.9647 , -1.7067 , 1.0597 , 9.5987 , -0.5877 , 0.2022 , 0.1582 , 0.4498 , -0.2241 , 0.3660 , -0.8075 , -6.2035 , -10.0824 , 11.8379
3 , -2.1787 , 2.5355 , 9.3063 , -2.3889 , 2.0513 , 9.2874 , -0.0263 , -0.0116 , -0.1161 , 0.2102 , 0.4842 , 0.0189 , -0.7869 , -12.0740 , -14.4249 , 18.8112
9 , -1.7238 , 1.0295 , 9.6917 , -2.0768 , 0.9133 , 9.5406 , -0.1521 , 0.1264 , 0.0348 , 0.3530 , 0.1162 , 0.1511 , -0.7994 , -5.3438 , -12.2806 , 13.3929
9 , -2.1787 , 0.0766 , 10.6710 , -1.9915 , 0.8387 , 9.5656 , 0.1081 , 0.5571 , -0.0574 , -0.1873 , -0.7621 , 1.1053 , -0.8042 , -4.9061 , -11.7603 , 12.7427
2 , -2.5546 , 3.6583 , 8.4156 , -3.5252 , 2.7370 , 8.7323 , -0.0312 , -0.1619 , 0.0312 , 0.9706 , 0.9213 , -0.3166 , -0.7704 , -16.2063 , -21.9837 , 27.3116
2 , -2.6719 , 3.1603 , 9.8521 , -3.3717 , 2.7877 , 8.7767 , -0.1210 , 0.7398 , -0.3488 , 0.6997 , 0.3726 , 1.0754 , -0.7745 , -16.5152 , -21.0148 , 26.7277
1 , -5.8083 , 2.2362 , 8.3127 , -5.2624 , 2.6120 , 7.8520 , 0.2083 , -0.1869 , 0.1338 , -0.5459 , -0.3759 , 0.4606 , -0.7529 , -15.4475 , -33.8299 , 37.1899
8 , -2.7916 , 1.1660 , 11.1594 , -3.0353 , 2.0364 , 9.1000 , 0.7685 , 1.0269 , 0.5308 , 0.2436 , -0.8705 , 2.0594 , -0.8027 , -11.9851 , -18.4460 , 21.9977
1 , -4.6400 , 3.6392 , 6.5050 , -4.7442 , 3.2264 , 7.9532 , 0.1197 , 0.2004 , 0.3323 , 0.1043 , 0.4128 , -1.4481 , -0.7418 , -19.2079 , -30.8169 , 36.3129
2 , -2.3391 , 2.7940 , 8.4994 , -3.2621 , 2.7894 , 8.8175 , 0.3103 , 0.1857 , 0.0031 , 0.9229 , 0.0046 , -0.3181 , -0.7869 , -16.5256 , -20.3021 , 26.1777
2 , -3.6512 , 2.4110 , 9.4786 , -3.4394 , 2.8224 , 8.7393 , 0.1136 , -0.0299 , 0.2016 , -0.2117 , -0.4114 , 0.7394 , -0.7879 , -16.7266 , -21.4827 , 27.2265
5 , -1.8675 , 2.5738 , 9.9479 , -2.1961 , 2.2336 , 9.2929 , -0.0531 , -0.1167 , -0.0525 , 0.3286 , 0.3402 , 0.6550 , -0.7990 , -13.1654 , -13.2961 , 18.7114
3 , -1.7669 , 2.4134 , 10.0269 , -2.2224 , 2.4919 , 9.2207 , 0.2578 , -0.0825 , 0.1381 , 0.4554 , -0.0786 , 0.8062 , -0.7911 , -14.7205 , -13.5509 , 20.0080
6 , -1.9178 , 1.2186 , 10.4579 , -1.8831 , 1.4224 , 9.5185 , 0.4368 , 0.2010 , 0.0916 , -0.0347 , -0.2037 , 0.9394 , -0.7946 , -8.3398 , -11.1904 , 13.9563
2 , -2.1213 , 3.9169 , 8.8514 , -3.0093 , 2.9185 , 8.8655 , -0.1393 , 0.1020 , -0.0024 , 0.8880 , 0.9984 , -0.0141 , -0.7731 , -17.3138 , -18.7490 , 25.5204
3 , -1.2546 , 2.9137 , 9.7157 , -2.4867 , 2.2226 , 9.2221 , 0.0195 , -0.1264 , 0.0898 , 1.2321 , 0.6911 , 0.4936 , -0.7772 , -13.0997 , -15.0905 , 19.9831
5 , -2.0063 , 2.6863 , 8.8538 , -2.7624 , 2.2914 , 9.1263 , -0.1063 , 0.3225 , -0.0061 , 0.7560 , 0.3949 , -0.2725 , -0.7733 , -13.5123 , -16.8401 , 21.5911
8 , -1.7214 , 2.4157 , 8.3462 , -2.4450 , 2.0472 , 9.2737 , -0.3604 , 0.0935 , 0.1057 , 0.7236 , 0.3685 , -0.9275 , -0.7861 , -12.0497 , -14.7699 , 19.0616
7 , -1.0750 , 3.0861 , 11.4539 , -2.6668 , 2.2392 , 9.1676 , -0.1387 , 0.2932 , 0.0348 , 1.5918 , 0.8469 , 2.2863 , -0.7731 , -13.1993 , -16.2196 , 20.9116
8 , -2.1548 , 1.9680 , 10.3406 , -2.4732 , 2.0687 , 9.2614 , 0.4655 , 0.3867 , 0.2486 , 0.3184 , -0.1007 , 1.0791 , -0.7827 , -12.1781 , -14.9515 , 19.2835
3 , -2.1931 , 2.5187 , 7.7596 , -2.4742 , 2.4974 , 9.1549 , 0.1851 , 0.1020 , 0.1454 , 0.2811 , 0.0213 , -1.3953 , -0.7741 , -14.7534 , -15.1232 , 21.1276
10 , -1.6640 , 0.7278 , 9.9216 , -1.6457 , 1.1486 , 9.5991 , 0.1686 , 0.4258 , 0.4557 , -0.0183 , -0.4208 , 0.3225 , -0.8072 , -6.7264 , -9.7282 , 11.8272
4 , -2.3774 , 3.2872 , 6.6439 , -3.1345 , 2.7079 , 8.8889 , -0.6610 , -0.1704 , 0.1851 , 0.7571 , 0.5794 , -2.2450 , -0.7631 , -16.0291 , -19.4243 , 25.1840
8 , -1.6328 , 2.2003 , 9.3661 , -1.8702 , 2.0272 , 9.4108 , 0.0287 , 0.1552 , -0.0189 , 0.2374 , 0.1731 , -0.0447 , -0.7894 , -11.9299 , -11.2399 , 16.3908
5 , -2.0973 , 2.2697 , 9.7229 , -2.1934 , 2.2875 , 9.2804 , -0.2309 , 0.2792 , 0.0794 , 0.0961 , -0.0178 , 0.4424 , -0.7843 , -13.4894 , -13.2979 , 18.9420
6 , -1.4748 , 1.9968 , 9.7588 , -1.7141 , 1.8493 , 9.4769 , -0.0104 , 0.1106 , 0.0525 , 0.2393 , 0.1475 , 0.2818 , -0.7922 , -10.8697 , -10.2522 , 14.9418
8 , -1.4269 , 1.9609 , 10.3286 , -1.9500 , 2.0237 , 9.3954 , 0.1155 , 0.7123 , 0.0965 , 0.5230 , -0.0629 , 0.9332 , -0.7911 , -11.9091 , -11.7251 , 16.7124
1 , -3.2968 , 3.6296 , 7.7692 , -4.1965 , 2.9499 , 8.3581 , -0.1747 , -0.8283 , -0.2004 , 0.8997 , 0.6797 , -0.5889 , -0.7807 , -17.5061 , -26.6609 , 31.8946
5 , -3.0885 , 3.0478 , 5.6790 , -3.6472 , 2.5334 , 8.7436 , -0.3415 , 0.6976 , 0.3403 , 0.5587 , 0.5144 , -3.0645 , -0.7973 , -14.9715 , -22.6423 , 27.1444
2 , -2.0446 , 3.4500 , 8.6933 , -3.0242 , 2.7243 , 8.9220 , -0.0208 , 0.1888 , -0.0702 , 0.9796 , 0.7258 , -0.2287 , -0.8007 , -16.1289 , -18.7247 , 24.7135
7 , -5.3247 , 0.0886 , 11.4922 , -3.6073 , 1.4942 , 8.9958 , 0.4979 , 0.5559 , 0.3732 , -1.7174 , -1.4056 , 2.4963 , -0.8175 , -8.7641 , -21.8507 , 23.5428
10 , -2.3655 , 0.5411 , 6.2584 , -1.6631 , 0.5967 , 9.6462 , -0.0898 , 0.3842 , 0.2529 , -0.7024 , -0.0556 , -3.3877 , -0.8378 , -3.4884 , -9.7823 , 10.3857
6 , -1.7933 , -0.1484 , 9.5217 , -1.3800 , 0.0776 , 9.7088 , 0.4740 , 0.3934 , 0.1936 , -0.4132 , -0.2261 , -0.1870 , -0.8321 , -0.4535 , -8.0900 , 8.1027
8 , -2.0446 , 0.8284 , 9.6845 , -2.2676 , 0.7976 , 9.5075 , -0.7184 , 0.3115 , 0.0324 , 0.2229 , 0.0308 , 0.1771 , -0.8095 , -4.6653 , -13.4147 , 14.2028
3 , -2.2314 , 0.1341 , 10.2855 , -2.1149 , 0.6626 , 9.5529 , 0.4392 , 0.2443 , 0.1881 , -0.1165 , -0.5285 , 0.7325 , -0.8103 , -3.8743 , -12.4830 , 13.0704
9 , -1.8890 , -0.4238 , 10.0987 , -1.3669 , 0.3012 , 9.7063 , -0.0134 , 0.4081 , 0.1374 , -0.5222 , -0.7249 , 0.3925 , -0.8167 , -1.7598 , -8.0158 , 8.2067
10 , -1.0463 , 0.6057 , 7.7716 , -1.5506 , 0.0449 , 9.6832 , -0.4924 , 0.4465 , 0.0983 , 0.5043 , 0.5608 , -1.9116 , -0.8134 , -0.2625 , -9.0977 , 9.1015
5 , -3.1987 , 0.3783 , 8.4228 , -2.5485 , 0.7259 , 9.4418 , 0.4459 , 0.0403 , 0.1216 , -0.6501 , -0.3476 , -1.0190 , -0.7957 , -4.2451 , -15.1052 , 15.6903
6 , -2.5139 , 0.6967 , 10.7236 , -1.9717 , 0.5832 , 9.5887 , 0.2663 , 0.1197 , -0.0183 , -0.5423 , 0.1135 , 1.1349 , -0.7946 , -3.4096 , -11.6194 , 12.1093
8 , -3.3591 , 0.5794 , 8.8322 , -2.7684 , 1.5625 , 9.2771 , -0.1075 , 0.7031 , 0.4368 , -0.5907 , -0.9831 , -0.4449 , -0.7941 , -9.1679 , -16.6158 , 18.9772
10 , -2.4636 , -0.0646 , 9.7516 , -1.7977 , 0.3572 , 9.6339 , 0.0544 , 0.1607 , 0.3616 , -0.6659 , -0.4218 , 0.1177 , -0.8171 , -2.0874 , -10.5699 , 10.7740
6 , -0.8092 , 1.9513 , 8.2241 , -1.1974 , 1.4034 , 9.6316 , 0.1442 , 0.5253 , 0.1906 , 0.3882 , 0.5479 , -1.4075 , -0.7970 , -8.2276 , -7.0867 , 10.8588
4 , -2.7581 , 2.8946 , 7.2161 , -3.1476 , 2.4486 , 8.9592 , -0.7055 , -0.0287 , 0.1949 , 0.3895 , 0.4459 , -1.7431 , -0.7700 , -14.4593 , -19.3576 , 24.1617
10 , -1.1349 , 1.5131 , 9.1889 , -1.6997 , 1.0530 , 9.6007 , -0.0898 , -0.2077 , -0.0275 , 0.5648 , 0.4601 , -0.4117 , -0.8010 , -6.1643 , -10.0395 , 11.7809
5 , -3.0191 , 1.1492 , 8.7245 , -2.5817 , 1.5393 , 9.3347 , -0.1051 , 0.2279 , 0.2957 , -0.4374 , -0.3901 , -0.6102 , -0.7894 , -9.0308 , -15.4598 , 17.9042
5 , -2.5307 , 1.6735 , 8.9687 , -2.6880 , 1.5051 , 9.3102 , -0.2456 , 0.0886 , 0.0257 , 0.1574 , 0.1685 , -0.3415 , -0.7837 , -8.8282 , -16.1045 , 18.3655
1 , -3.4620 , 3.5243 , 7.1587 , -4.3034 , 2.7771 , 8.3629 , -0.1026 , -0.4527 , -0.0867 , 0.8414 , 0.7472 , -1.2043 , -0.7406 , -16.4502 , -27.2297 , 31.8130
4 , -3.7924 , 1.8986 , 10.6566 , -3.6038 , 2.5600 , 8.7538 , 0.4966 , 0.0403 , 0.2193 , -0.1886 , -0.6614 , 1.9028 , -0.7548 , -15.1323 , -22.3761 , 27.0126
5 , -2.4014 , 2.9090 , 8.2648 , -3.0173 , 2.4759 , 8.9964 , -0.1772 , 0.0617 , 0.0159 , 0.6159 , 0.4330 , -0.7317 , -0.7763 , -14.6239 , -18.5410 , 23.6141
8 , -2.7054 , 2.2529 , 8.6933 , -2.9466 , 2.0620 , 9.1234 , -0.5046 , 0.4129 , 0.0886 , 0.2411 , 0.1909 , -0.4300 , -0.7877 , -12.1382 , -17.8988 , 21.6264
2 , -2.6600 , 2.7126 , 7.9847 , -2.9073 , 2.6686 , 8.9776 , 0.1949 , -0.0348 , 0.0874 , 0.2473 , 0.0441 , -0.9929 , -0.7860 , -15.7904 , -17.9440 , 23.9024
3 , -2.6336 , 2.2027 , 8.8442 , -2.8413 , 2.5168 , 9.0423 , -0.3018 , 0.0037 , -0.0232 , 0.2076 , -0.3141 , -0.1981 , -0.7863 , -14.8709 , -17.4437 , 22.9222
6 , -2.2314 , 1.5467 , 9.3230 , -2.2819 , 1.6792 , 9.3885 , 0.1674 , 0.0128 , 0.1106 , 0.0505 , -0.1325 , -0.0655 , -0.8024 , -9.8593 , -13.6608 , 16.8471
4 , -3.7110 , 2.9544 , 8.0421 , -3.5803 , 2.6411 , 8.7393 , -0.3531 , 0.5235 , 0.0562 , -0.1307 , 0.3133 , -0.6972 , -0.7786 , -15.6238 , -22.2778 , 27.2104
8 , -1.9848 , 1.9130 , 8.9878 , -2.0990 , 1.8102 , 9.4068 , -0.4331 , 0.0812 , 0.1063 , 0.1142 , 0.1028 , -0.4190 , -0.8114 , -10.6369 , -12.5789 , 16.4734
6 , -1.3815 , 1.7861 , 9.2727 , -2.0940 , 1.6963 , 9.4291 , -0.1668 , 0.2584 , 0.0733 , 0.7125 , 0.0898 , -0.1564 , -0.8076 , -9.9605 , -12.5209 , 15.9996
7 , -2.8299 , 1.6975 , 9.9958 , -2.6649 , 1.4958 , 9.3183 , -0.1631 , 0.1466 , 0.0574 , -0.1651 , 0.2017 , 0.6775 , -0.7992 , -8.7736 , -15.9596 , 18.2122
6 , -1.8651 , 1.6496 , 8.9878 , -2.2167 , 1.6696 , 9.4058 , -0.0171 , 0.0348 , 0.0916 , 0.3516 , -0.0200 , -0.4180 , -0.8013 , -9.8027 , -13.2610 , 16.4908
6 , -1.9752 , 1.4006 , 8.8873 , -2.4405 , 1.6194 , 9.3591 , 0.2700 , 0.2279 , 0.0678 , 0.4653 , -0.2188 , -0.4718 , -0.7968 , -9.5052 , -14.6150 , 17.4341
6 , -2.2410 , 1.4293 , 9.9886 , -2.4033 , 1.5813 , 9.3752 , -0.0586 , 0.3341 , 0.0922 , 0.1623 , -0.1520 , 0.6134 , -0.7979 , -9.2796 , -14.3781 , 17.1126
1 , -3.4500 , 3.4477 , 8.1786 , -4.3119 , 3.0258 , 8.2718 , -0.1979 , -0.2358 , -0.2321 , 0.8618 , 0.4218 , -0.0932 , -0.7494 , -17.9716 , -27.5319 , 32.8784
10 , -2.0925 , 0.2825 , 9.6582 , -2.0769 , 0.7853 , 9.5520 , 0.3946 , 0.2792 , 0.1332 , -0.0156 , -0.5028 , 0.1062 , -0.8222 , -4.5931 , -12.2670 , 13.0987
1 , -2.4612 , 4.7142 , 5.8466 , -4.5226 , 2.8347 , 8.2268 , -0.4691 , 0.0629 , -0.2175 , 2.0614 , 1.8795 , -2.3802 , -0.7431 , -16.8018 , -28.7992 , 33.3421
8 , -3.3088 , 1.2570 , 10.3334 , -3.2023 , 2.0912 , 9.0301 , 0.0910 , 0.3409 , -0.0092 , -0.1065 , -0.8342 , 1.3033 , -0.7844 , -12.3124 , -19.5257 , 23.0835
4 , -3.1484 , 2.5881 , 9.1985 , -3.1667 , 2.2140 , 9.0133 , -0.2211 , 0.0220 , 0.0562 , 0.0183 , 0.3741 , 0.1852 , -0.7892 , -13.0480 , -19.3582 , 23.3450
6 , -1.8938 , 0.8092 , 8.3989 , -2.0615 , 0.7683 , 9.5567 , -0.1570 , 0.3867 , 0.0159 , 0.1677 , 0.0410 , -1.1578 , -0.8142 , -4.4933 , -12.1730 , 12.9758
9 , -1.3216 , 1.0127 , 8.6862 , -1.8335 , 0.6965 , 9.6085 , -0.2486 , 0.2950 , 0.0165 , 0.5119 , 0.3163 , -0.9224 , -0.8172 , -4.0726 , -10.8031 , 11.5453
2 , -1.4269 , 3.1316 , 7.7572 , -2.8453 , 1.3166 , 9.2920 , -0.6414 , -0.1216 , -0.5479 , 1.4183 , 1.8150 , -1.5348 , -0.7912 , -7.7159 , -17.0250 , 18.6919
4 , -2.2625 , 2.6647 , 9.6151 , -2.7796 , 2.0696 , 9.1739 , -0.1991 , -0.0397 , 0.0195 , 0.5170 , 0.5951 , 0.4412 , -0.7907 , -12.1835 , -16.8560 , 20.7981
9 , -0.9840 , 0.8691 , 9.3709 , -1.3328 , 0.9100 , 9.6729 , -0.4264 , 0.2315 , 0.0495 , 0.3488 , -0.0409 , -0.3020 , -0.8149 , -5.3243 , -7.8453 , 9.4813
6 , -1.7909 , 0.7638 , 10.0772 , -1.5841 , 1.2065 , 9.6024 , 0.2505 , 0.2566 , 0.0635 , -0.2068 , -0.4427 , 0.4748 , -0.8108 , -7.0667 , -9.3676 , 11.7342
2 , -3.3327 , 1.1827 , 8.0325 , -3.2069 , 1.3451 , 9.1693 , -0.2987 , -0.0159 , 0.0574 , -0.1258 , -0.1624 , -1.1368 , -0.7913 , -7.8836 , -19.2769 , 20.8267
5 , -2.5091 , 1.4653 , 8.4922 , -2.7803 , 1.2954 , 9.3146 , -0.2688 , 0.1313 , 0.0519 , 0.2712 , 0.1699 , -0.8224 , -0.7902 , -7.5906 , -16.6197 , 18.2711
8 , -2.6121 , 1.1708 , 9.7037 , -2.6748 , 1.2672 , 9.3493 , -0.0898 , 0.0715 , -0.0635 , 0.0628 , -0.0964 , 0.3544 , -0.7947 , -7.4242 , -15.9658 , 17.6075
6 , -2.3798 , 1.2163 , 9.3446 , -2.4179 , 1.0451 , 9.4463 , 0.1234 , 0.1613 , 0.0635 , 0.0381 , 0.1711 , -0.1017 , -0.8034 , -6.1178 , -14.3575 , 15.6066
9 , -0.7781 , 0.6225 , 8.2097 , -0.7016 , 0.7970 , 9.7490 , -0.3433 , 0.4105 , 0.1808 , -0.0765 , -0.1745 , -1.5393 , -0.8271 , -4.6615 , -4.1161 , 6.2187
7 , -2.1668 , 2.4995 , 6.6607 , -2.3519 , 2.3515 , 9.2255 , 0.1436 , -0.1038 , 0.3390 , 0.1851 , 0.1481 , -2.5648 , -0.7739 , -13.8738 , -14.3019 , 19.9256 
3 , -0.7590 , 2.9185 , 8.6622 , -0.8919 , 2.6059 , 9.4119 , 0.1857 , -0.1118 , 0.0373 , 0.1329 , 0.3126 , -0.7497 , -0.8040 , -15.4103 , -5.4133 , 16.3335
5 , -0.7087 , 2.8946 , 9.3948 , -0.8540 , 2.6486 , 9.4035 , -0.1307 , -0.0104 , 0.0110 , 0.1453 , 0.2460 , -0.0087 , -0.8051 , -15.6692 , -5.1890 , 16.5060
8 , -0.3926 , 3.1460 , 9.0932 , -0.5818 , 2.7639 , 9.3911 , -0.1918 , -0.0415 , 0.0727 , 0.1892 , 0.3820 , -0.2979 , -0.8098 , -16.3703 , -3.5452 , 16.7497
10 , -0.3879 , 2.2505 , 9.6343 , -0.4237 , 2.6366 , 9.4361 , -0.2572 , -0.0983 , 0.1515 , 0.0359 , -0.3860 , 0.1982 , -0.8091 , -15.5962 , -2.5711 , 15.8067
3 , -0.1963 , 3.0047 , 9.2919 , -0.4764 , 2.8106 , 9.3832 , -0.2486 , 0.0910 , 0.0073 , 0.2801 , 0.1942 , -0.0913 , -0.8024 , -16.6544 , -2.9065 , 16.9061
6 , -0.0910 , 2.9329 , 8.4108 , -0.4984 , 2.7092 , 9.4118 , -0.4508 , -0.0812 , 0.1826 , 0.4074 , 0.2237 , -1.0010 , -0.8029 , -16.0374 , -3.0310 , 16.3213
4 , -0.6680 , 3.4117 , 8.4132 , -0.7725 , 3.0231 , 9.2970 , -0.1319 , -0.1307 , -0.0996 , 0.1045 , 0.3887 , -0.8838 , -0.8072 , -17.9548 , -4.7499 , 18.5725
7 , -0.3472 , 2.9257 , 9.2799 , -0.7212 , 2.9528 , 9.3237 , -0.3629 , -0.0586 , 0.0501 , 0.3740 , -0.0271 , -0.0438 , -0.8073 , -17.5238 , -4.4231 , 18.0734
3 , -0.5267 , 3.0119 , 8.8729 , -0.6757 , 2.9319 , 9.3337 , -0.1466 , -0.1020 , 0.0837 , 0.1490 , 0.0800 , -0.4608 , -0.8089 , -17.3957 , -4.1409 , 17.8818
10 , 0.0503 , 3.2082 , 9.3901 , -0.5106 , 2.8020 , 9.3840 , -0.6127 , -0.0073 , 0.1478 , 0.5609 , 0.4063 , 0.0061 , -0.8091 , -16.6020 , -3.1145 , 16.8916
1 , -4.3694 , 4.2880 , 10.1107 , -3.9391 , 3.4694 , 8.2836 , 0.2254 , 0.2437 , 0.0745 , -0.4304 , 0.8186 , 1.8272 , -0.8038 , -20.7188 , -25.4324 , 32.8036
1 , -3.3902 , 4.1348 , 10.2711 , -3.6241 , 3.6733 , 8.3392 , 0.3696 , -0.3800 , 0.1717 , 0.2339 , 0.4615 , 1.9319 , -0.7987 , -21.9980 , -23.4890 , 32.1815
2 , -1.8244 , 4.1348 , 7.7788 , -2.8344 , 3.8205 , 8.5756 , -0.0061 , -0.1570 , -0.1643 , 1.0100 , 0.3143 , -0.7968 , -0.7986 , -22.9284 , -18.2894 , 29.3294
1 , -3.6081 , 3.6105 , 8.8873 , -3.4893 , 3.8838 , 8.3013 , 0.2401 , -0.0892 , 0.0727 , -0.1188 , -0.2734 , 0.5860 , -0.7855 , -23.3308 , -22.7987 , 32.6206
8 , -0.6009 , 2.1859 , 9.4930 , -1.1197 , 2.1894 , 9.4933 , 0.0208 , 0.4911 , 0.0843 , 0.5188 , -0.0035 , -0.0003 , -0.8078 , -12.9003 , -6.7268 , 14.5488
1 , -2.9760 , 4.1180 , 5.3271 , -3.8145 , 3.5513 , 8.3071 , 0.1173 , -0.4258 , 0.0770 , 0.8385 , 0.5667 , -2.9800 , -0.7564 , -21.2314 , -24.6638 , 32.5434
7 , -2.2146 , 2.4205 , 9.3757 , -2.3328 , 2.5074 , 9.1892 , 0.0788 , -0.3341 , 0.0910 , 0.1181 , -0.0869 , 0.1865 , -0.7975 , -14.8141 , -14.2441 , 20.5512
6 , -1.4868 , 2.6576 , 8.8083 , -1.5163 , 2.4038 , 9.3858 , 0.1368 , 0.0195 , 0.1936 , 0.0295 , 0.2537 , -0.5775 , -0.7947 , -14.1891 , -9.1772 , 16.8983
9 , 0.2825 , 1.3312 , 9.6103 , -0.7040 , 1.4087 , 9.6794 , -0.4508 , 0.1234 , 0.0959 , 0.9865 , -0.0776 , -0.0690 , -0.7872 , -8.2592 , -4.1600 , 9.2477
7 , -2.4181 , 1.8842 , 10.2592 , -1.8339 , 1.8310 , 9.4580 , 0.0733 , -0.0330 , -0.0092 , -0.5843 , 0.0532 , 0.8011 , -0.7675 , -10.7611 , -10.9732 , 15.3692
4 , -1.9872 , 3.4716 , 9.1889 , -2.2335 , 3.0251 , 9.0571 , -0.3158 , -0.1069 , -0.0153 , 0.2463 , 0.4465 , 0.1319 , -0.7529 , -17.9672 , -13.8529 , 22.6875
4 , -1.9585 , 3.2825 , 10.1347 , -2.2981 , 3.1957 , 8.9820 , 0.0550 , 0.2572 , 0.2199 , 0.3396 , 0.0868 , 1.1526 , -0.7465 , -19.0183 , -14.3513 , 23.8255
9 , -0.9385 , 1.2665 , 10.2592 , -0.9391 , 2.0096 , 9.5525 , 0.3396 , 0.3036 , 0.2724 , 0.0006 , -0.7431 , 0.7067 , -0.7965 , -11.8252 , -5.6147 , 13.0905
2 , -1.6640 , 3.6440 , 8.7556 , -2.1048 , 3.1835 , 9.0336 , -0.0024 , -0.3329 , 0.0849 , 0.4409 , 0.4605 , -0.2780 , -0.7422 , -18.9427 , -13.1159 , 23.0403
4 , -1.8340 , 3.0885 , 9.8114 , -2.2848 , 2.9322 , 9.0748 , 0.2395 , 0.5644 , 0.1564 , 0.4508 , 0.1563 , 0.7366 , -0.7496 , -17.3979 , -14.1318 , 22.4142
1 , -3.7924 , 2.9329 , 10.2041 , -2.8981 , 3.2434 , 8.7893 , 0.2553 , 0.0837 , 0.3225 , -0.8943 , -0.3105 , 1.4148 , -0.7422 , -19.3132 , -18.2492 , 26.5713
6 , -1.7310 , 1.8004 , 9.7995 , -2.1546 , 2.2093 , 9.3084 , 0.1405 , -0.0128 , 0.1051 , 0.4236 , -0.4089 , 0.4910 , -0.7624 , -13.0198 , -13.0328 , 18.4219
9 , -1.8268 , 0.9290 , 10.7595 , -1.7224 , 1.5150 , 9.5346 , 0.3170 , 0.2358 , 0.0660 , -0.1044 , -0.5860 , 1.2249 , -0.7839 , -8.8869 , -10.2398 , 13.5584
10 , -0.8045 , 1.1133 , 8.7029 , -1.2239 , 1.3557 , 9.6351 , 0.0421 , 0.1753 , 0.2547 , 0.4194 , -0.2424 , -0.9321 , -0.7975 , -7.9464 , -7.2390 , 10.7494
9 , -1.1468 , 0.9313 , 9.0549 , -1.2740 , 1.2259 , 9.6460 , -0.0397 , 0.0861 , 0.1228 , 0.1271 , -0.2945 , -0.5911 , -0.7985 , -7.1809 , -7.5236 , 10.4005
4 , -1.8531 , 3.3064 , 8.3773 , -2.0812 , 2.7356 , 9.1845 , 0.0709 , -0.3598 , 0.2602 , 0.2281 , 0.5708 , -0.8072 , -0.7598 , -16.1977 , -12.7676 , 20.6246
5 , -3.3208 , 1.6783 , 10.3286 , -2.0064 , 2.5938 , 9.2421 , 0.0544 , 0.2822 , 0.2401 , -1.3143 , -0.9155 , 1.0865 , -0.7768 , -15.3370 , -12.2487 , 19.6278
5 , -1.4772 , 2.4708 , 8.6790 , -1.8326 , 2.5794 , 9.2822 , -0.0409 , 0.3390 , 0.1649 , 0.3554 , -0.1086 , -0.6032 , -0.7724 , -15.2499 , -11.1685 , 18.9023
9 , -1.4485 , 0.4429 , 9.5289 , -1.3794 , 1.6368 , 9.5702 , -0.1912 , 0.3213 , 0.4313 , -0.0691 , -1.1938 , -0.0413 , -0.7989 , -9.6078 , -8.2017 , 12.6324
3 , -2.2553 , 1.7645 , 9.1147 , -2.2291 , 1.8194 , 9.3750 , 0.0916 , 0.2798 , -0.0360 , -0.0262 , -0.0548 , -0.2603 , -0.7823 , -10.6917 , -13.3751 , 17.1233
1 , -3.6440 , 2.7916 , 10.0269 , -3.4768 , 2.9413 , 8.6851 , 0.2046 , -0.0122 , 0.2260 , -0.1672 , -0.1496 , 1.3418 , -0.7670 , -17.4532 , -21.8168 , 27.9390
8 , -2.1308 , 1.3264 , 8.9974 , -2.4411 , 1.8546 , 9.3152 , 0.2657 , 0.2969 , 0.2529 , 0.3103 , -0.5282 , -0.3177 , -0.8013 , -10.9010 , -14.6845 , 18.2885
6 , -2.6384 , 1.4269 , 9.4763 , -2.5364 , 1.7843 , 9.3034 , 0.0849 , -0.1093 , 0.2260 , -0.1020 , -0.3574 , 0.1729 , -0.7936 , -10.4834 , -15.2502 , 18.5059
2 , -2.6312 , 3.2417 , 9.7252 , -3.2352 , 2.9016 , 8.7912 , 0.3659 , 0.2682 , -0.0373 , 0.6040 , 0.3402 , 0.9341 , -0.7979 , -17.2103 , -20.2042 , 26.5406
9 , -0.1101 , 2.8515 , 9.7612 , -0.3975 , 2.5311 , 9.4660 , 0.0672 , 0.0147 , -0.0849 , 0.2873 , 0.3204 , 0.2951 , -0.8474 , -14.9576 , -2.4043 , 15.1496
8 , -1.6903 , 1.8387 , 9.5074 , -1.7816 , 2.1164 , 9.4083 , 0.0073 , 0.1155 , 0.2382 , 0.0913 , -0.2777 , 0.0990 , -0.8254 , -12.4634 , -10.7228 , 16.4413
8 , -2.3511 , 1.4365 , 10.1035 , -1.8169 , 2.0758 , 9.4106 , 0.0611 , 0.1741 , 0.2602 , -0.5343 , -0.6393 , 0.6929 , -0.8249 , -12.2207 , -10.9273 , 16.3936
6 , -0.9577 , 2.1979 , 9.4978 , -1.3966 , 2.2982 , 9.4307 , 0.3183 , 0.1888 , 0.2950 , 0.4389 , -0.1003 , 0.0671 , -0.8040 , -13.5531 , -8.4236 , 15.9576
5 , -1.2737 , 2.4732 , 8.9304 , -1.5615 , 2.3380 , 9.3950 , -0.1662 , -0.1148 , -0.0171 , 0.2877 , 0.1352 , -0.4646 , -0.8003 , -13.7925 , -9.4363 , 16.7116
6 , -1.2594 , 1.9369 , 9.2847 , -1.4081 , 2.1275 , 9.4690 , 0.0476 , 0.1179 , 0.0446 , 0.1488 , -0.1906 , -0.1842 , -0.8033 , -12.5298 , -8.4584 , 15.1175
8 , -1.3862 , 2.0614 , 9.2560 , -1.3758 , 2.1989 , 9.4574 , -0.0440 , 0.3891 , 0.3494 , -0.0105 , -0.1375 , -0.2014 , -0.8066 , -12.9576 , -8.2767 , 15.3754
10 , -1.4222 , 0.7470 , 9.9647 , -1.1540 , 1.7221 , 9.5850 , 0.3677 , 0.3781 , 0.5308 , -0.2681 , -0.9751 , 0.3796 , -0.8220 , -10.1136 , -6.8653 , 12.2237
3 , -1.4748 , 3.1939 , 8.9088 , -1.3955 , 3.0756 , 9.2067 , -0.0843 , -0.0666 , 0.3146 , -0.0793 , 0.1183 , -0.2979 , -0.7858 , -18.2776 , -8.6190 , 20.2079
2 , -2.8204 , 2.6073 , 6.8594 , -2.7245 , 2.4671 , 9.0918 , -0.2370 , -0.4172 , 0.2211 , -0.0959 , 0.1402 , -2.2324 , -0.8061 , -14.5708 , -16.6816 , 22.1491
10 , -1.2522 , 1.5706 , 7.9392 , -1.3925 , 1.5246 , 9.5868 , -0.0666 , -0.2498 , 0.0867 , 0.1404 , 0.0460 , -1.6476 , -0.8386 , -8.9436 , -8.2647 , 12.1776
6 , -1.5586 , 1.4605 , 10.5632 , -1.2691 , 1.7781 , 9.5602 , 0.3018 , 0.2633 , 0.3018 , -0.2895 , -0.3176 , 1.0030 , -0.8241 , -10.4462 , -7.5616 , 12.8958
6 , -1.1564 , 2.1117 , 9.1674 , -1.4476 , 2.0795 , 9.4737 , 0.0617 , 0.0696 , -0.0489 , 0.2912 , 0.0322 , -0.3063 , -0.8126 , -12.2427 , -8.6880 , 15.0121
3 , -1.3910 , 3.0358 , 9.0501 , -1.6895 , 2.8659 , 9.2251 , -0.1234 , 0.0495 , 0.0574 , 0.2985 , 0.1700 , -0.1750 , -0.7936 , -16.9920 , -10.3784 , 19.9108
8 , -1.5443 , 2.8299 , 7.8961 , -1.6891 , 2.8552 , 9.2285 , 0.1552 , 0.2254 , 0.2095 , 0.1448 , -0.0253 , -1.3324 , -0.7954 , -16.9270 , -10.3718 , 19.8519
1 , -1.7166 , 4.4269 , 8.7149 , -2.8139 , 3.6938 , 8.6376 , 0.2993 , -0.5058 , -0.0434 , 1.0973 , 0.7331 , 0.0773 , -0.7534 , -22.1272 , -18.0443 , 28.5519
3 , -3.1460 , 2.6791 , 9.2560 , -2.4754 , 3.4365 , 8.8450 , 0.0739 , -0.7563 , 0.3714 , -0.6706 , -0.7573 , 0.4110 , -0.7616 , -20.5131 , -15.6351 , 25.7923
1 , -1.8938 , 4.4532 , 7.4172 , -2.8280 , 3.6876 , 8.6356 , -0.5467 , -0.5370 , -0.0018 , 0.9342 , 0.7656 , -1.2184 , -0.7586 , -22.0882 , -18.1329 , 28.5778
7 , -1.4916 , 1.8172 , 10.3214 , -1.8659 , 2.4030 , 9.3228 , 0.9896 , 0.3989 , 0.5449 , 0.3743 , -0.5858 , 0.9986 , -0.8108 , -14.1839 , -11.3179 , 18.1460
7 , -1.3719 , 2.3727 , 10.8553 , -1.7935 , 2.8676 , 9.2049 , -0.0012 , 0.0855 , 0.2370 , 0.4217 , -0.4949 , 1.6504 , -0.7952 , -17.0023 , -11.0257 , 20.2644
4 , -1.1971 , 3.8451 , 9.3158 , -1.7800 , 3.6921 , 8.9090 , -0.0996 , 0.0996 , 0.1112 , 0.5829 , 0.1530 , 0.4068 , -0.7791 , -22.1164 , -11.2986 , 24.8354
2 , -1.7621 , 3.2872 , 8.2791 , -2.1238 , 2.7577 , 9.1682 , -0.0733 , 0.1649 , -0.0666 , 0.3616 , 0.5296 , -0.8890 , -0.7957 , -16.3320 , -13.0424 , 20.9007
9 , -1.0367 , 0.3160 , 8.6311 , -1.5867 , 1.1730 , 9.6061 , -0.3244 , 0.2034 , 0.5150 , 0.5501 , -0.8570 , -0.9750 , -0.8306 , -6.8699 , -9.3795 , 11.6263
5 , -1.5658 , 2.1763 , 9.4858 , -1.8974 , 2.0615 , 9.3979 , 0.0953 , 0.1717 , 0.0861 , 0.3316 , 0.1148 , 0.0879 , -0.8001 , -12.1351 , -11.4145 , 16.6598
4 , -1.9656 , 3.1627 , 8.6239 , -2.3119 , 2.6570 , 9.1524 , 0.0293 , -0.2712 , 0.3922 , 0.3462 , 0.5058 , -0.5285 , -0.7882 , -15.7199 , -14.1763 , 21.1680
5 , -2.2338 , 2.3343 , 8.4635 , -2.3223 , 2.2676 , 9.2539 , 0.3494 , -0.1998 , 0.2315 , 0.0885 , 0.0667 , -0.7904 , -0.7928 , -13.3696 , -14.0874 , 19.4217
3 , -1.9728 , 2.5666 , 9.4332 , -2.1194 , 2.4811 , 9.2478 , 0.1362 , -0.0880 , 0.1649 , 0.1466 , 0.0854 , 0.1853 , -0.7918 , -14.6555 , -12.9081 , 19.5295
2 , -1.6783 , 2.8778 , 8.7293 , -2.3688 , 2.5217 , 9.1760 , 0.1173 , -0.0367 , -0.0312 , 0.6905 , 0.3561 , -0.4468 , -0.7889 , -14.9008 , -14.4751 , 20.7741
4 , -1.4293 , 3.7158 , 8.5258 , -2.5230 , 2.8359 , 9.0423 , -0.1319 , -0.1655 , 0.1155 , 1.0937 , 0.8799 , -0.5165 , -0.7807 , -16.8091 , -15.5903 , 22.9260
1 , -1.9872 , 4.1348 , 7.8410 , -2.4332 , 3.4738 , 8.8421 , -0.1454 , -0.5437 , 0.2761 , 0.4460 , 0.6610 , -1.0011 , -0.7739 , -20.7460 , -15.3858 , 25.8287
4 , -1.2378 , 3.0861 , 10.3453 , -2.1249 , 3.0092 , 9.0884 , 0.3476 , 0.1002 , -0.0831 , 0.8871 , 0.0769 , 1.2569 , -0.7833 , -17.8700 , -13.1597 , 22.1927
5 , -1.3958 , 2.6791 , 9.1123 , -1.9717 , 2.6325 , 9.2387 , 0.0470 , 0.1900 , 0.1271 , 0.5759 , 0.0466 , -0.1263 , -0.7878 , -15.5713 , -12.0474 , 19.6877
2 , -2.3822 , 2.8611 , 9.5241 , -2.2195 , 2.9911 , 9.0718 , -0.2370 , -0.1491 , -0.0501 , -0.1628 , -0.1300 , 0.4523 , -0.7823 , -17.7586 , -13.7476 , 22.4581
8 , -1.8938 , 1.7262 , 9.8641 , -2.0401 , 2.3045 , 9.3111 , 0.0140 , 0.1087 , 0.0910 , 0.1463 , -0.5783 , 0.5530 , -0.7978 , -13.5914 , -12.3587 , 18.3702
3 , -1.3072 , 3.0023 , 8.8562 , -2.1310 , 2.7129 , 9.1798 , 0.0800 , 0.1014 , 0.3366 , 0.8238 , 0.2895 , -0.3237 , -0.7807 , -16.0596 , -13.0690 , 20.7053
10 , -1.4509 , 1.4581 , 8.1977 , -1.6404 , 1.6689 , 9.5234 , -0.0996 , -0.0140 , 0.1674 , 0.1895 , -0.2109 , -1.3256 , -0.8077 , -9.7986 , -9.7731 , 13.8393
10 , -1.2953 , 1.3144 , 9.5720 , -1.5228 , 1.4567 , 9.5776 , -0.1607 , -0.0305 , 0.1356 , 0.2275 , -0.1423 , -0.0055 , -0.8082 , -8.5426 , -9.0340 , 12.4334
2 , -0.0215 , 4.3096 , 9.8019 , -2.0510 , 2.8356 , 9.1610 , 0.5034 , -0.1112 , 0.1912 , 2.0295 , 1.4740 , 0.6409 , -0.7644 , -16.8069 , -12.6197 , 21.0173
4 , -1.4126 , 3.7709 , 9.0070 , -1.9499 , 3.3591 , 9.0047 , -0.2028 , -0.0153 , -0.0049 , 0.5374 , 0.4117 , 0.0023 , -0.7466 , -20.0316 , -12.2186 , 23.4640
8 , -1.4293 , 2.7581 , 8.0325 , -1.8433 , 2.5642 , 9.2843 , -0.2138 , 0.2535 , 0.2187 , 0.4140 , 0.1939 , -1.2517 , -0.7729 , -15.1575 , -11.2295 , 18.8640
3 , -1.8364 , 2.4565 , 9.0142 , -1.9456 , 2.5227 , 9.2747 , -0.0580 , -0.0800 , 0.2272 , 0.1093 , -0.0663 , -0.2606 , -0.7783 , -14.9069 , -11.8475 , 19.0415
2 , -1.0965 , 3.4333 , 8.4755 , -1.6264 , 3.1738 , 9.1352 , -0.1075 , -0.1515 , -0.2358 , 0.5298 , 0.2595 , -0.6598 , -0.7670 , -18.8830 , -10.0947 , 21.4119
3 , -1.7645 , 2.5714 , 9.2680 , -1.7510 , 2.7704 , 9.2428 , -0.0538 , -0.0495 , 0.1081 , -0.0135 , -0.1990 , 0.0252 , -0.7838 , -16.4095 , -10.7273 , 19.6048
6 , -1.3719 , 1.8220 , 8.8155 , -1.8670 , 2.2050 , 9.3714 , -0.0702 , 0.2004 , 0.0452 , 0.4951 , -0.3830 , -0.5559 , -0.7868 , -12.9940 , -11.2673 , 17.1987
6 , -1.8124 , 1.5251 , 8.3462 , -1.9717 , 2.2242 , 9.3454 , -0.1674 , 0.1063 , 0.1930 , 0.1593 , -0.6991 , -0.9992 , -0.7860 , -13.1089 , -11.9137 , 17.7139
5 , -1.5395 , 2.8443 , 9.1961 , -1.9159 , 3.1579 , 9.0845 , 0.0666 , 0.2853 , 0.0874 , 0.3765 , -0.3136 , 0.1117 , -0.7711 , -18.7849 , -11.9093 , 22.2419
3 , -1.5634 , 3.2106 , 8.3414 , -1.9611 , 3.0145 , 9.1234 , -0.0446 , -0.0440 , 0.1594 , 0.3977 , 0.1961 , -0.7820 , -0.7692 , -17.9025 , -12.1313 , 21.6256
7 , -1.4078 , 2.0638 , 10.8290 , -1.8137 , 2.6534 , 9.2650 , -0.0666 , 0.5082 , 0.6255 , 0.4059 , -0.5896 , 1.5640 , -0.7740 , -15.6985 , -11.0758 , 19.2124
1 , -1.2689 , 4.1132 , 6.7277 , -2.2027 , 3.3846 , 8.9366 , 0.2639 , 0.0012 , 0.4032 , 0.9338 , 0.7286 , -2.2089 , -0.7362 , -20.1901 , -13.8465 , 24.4819
4 , -0.5435 , 4.2617 , 8.8921 , -1.8785 , 3.1213 , 9.1049 , 0.2773 , -0.1264 , 0.1185 , 1.3350 , 1.1404 , -0.2128 , -0.7548 , -18.5591 , -11.6574 , 21.9165
5 , -1.9632 , 2.4493 , 7.8673 , -1.9848 , 2.9864 , 9.1276 , 0.2065 , 0.2248 , 0.2767 , 0.0216 , -0.5371 , -1.2602 , -0.7650 , -17.7297 , -12.2684 , 21.5605
3 , -1.7047 , 2.7557 , 9.0333 , -1.7511 , 2.8168 , 9.2287 , -0.0434 , 0.1118 , 0.1808 , 0.0465 , -0.0610 , -0.1954 , -0.7701 , -16.6922 , -10.7441 , 19.8511
10 , -0.9002 , 1.4724 , 8.8514 , -1.2504 , 1.5945 , 9.5950 , -0.1973 , 0.0483 , 0.3146 , 0.3501 , -0.1221 , -0.7437 , -0.8025 , -9.3574 , -7.4246 , 11.9451
9 , -1.2210 , 0.5890 , 9.9048 , -1.2424 , 1.3077 , 9.6393 , -0.0128 , 0.0855 , 0.2902 , 0.0214 , -0.7187 , 0.2655 , -0.7969 , -7.6633 , -7.3445 , 10.6145
2 , -2.0423 , 3.0263 , 8.4539 , -2.4737 , 2.2915 , 9.2087 , 0.1741 , -0.1014 , 0.3219 , 0.4315 , 0.7348 , -0.7548 , -0.7416 , -13.5130 , -15.0364 , 20.2162
9 , -0.8068 , 1.7669 , 8.8705 , -1.0298 , 1.7850 , 9.5877 , -0.1704 , 0.1081 , 0.3073 , 0.2229 , -0.0181 , -0.7172 , -0.7888 , -10.4874 , -6.1304 , 12.1477
4 , -1.2546 , 4.0510 , 8.7125 , -1.9733 , 2.9706 , 9.1352 , -0.4288 , -0.4062 , -0.2517 , 0.7187 , 1.0804 , -0.4227 , -0.7361 , -17.6326 , -12.1890 , 21.4355
10 , -0.2107 , 1.3982 , 10.0820 , -0.9494 , 1.2204 , 9.6840 , 0.5015 , 0.2572 , 0.0202 , 0.7387 , 0.1778 , 0.3980 , -0.7974 , -7.1488 , -5.5994 , 9.0807
7 , -1.4054 , 2.7725 , 9.1722 , -1.6043 , 2.5471 , 9.3332 , 0.5137 , 0.2706 , 0.3164 , 0.1989 , 0.2254 , -0.1610 , -0.7701 , -15.0543 , -9.7532 , 17.9376
8 , -1.0989 , 1.8507 , 9.2895 , -1.2813 , 2.1665 , 9.4781 , 0.1869 , 0.0434 , 0.2950 , 0.1824 , -0.3158 , -0.1886 , -0.7733 , -12.7634 , -7.6988 , 14.9056
5 , -1.2450 , 2.2122 , 8.5760 , -1.4651 , 2.3540 , 9.4065 , -0.1032 , 0.1069 , 0.0886 , 0.2201 , -0.1418 , -0.8305 , -0.7656 , -13.8892 , -8.8527 , 16.4706
9 , -1.2641 , 0.8715 , 9.5026 , -1.1916 , 1.4831 , 9.6203 , 0.1539 , 0.2382 , 0.2926 , -0.0725 , -0.6116 , -0.1177 , -0.7850 , -8.6984 , -7.0610 , 11.2036
7 , -1.0702 , 3.2322 , 6.9049 , -1.9680 , 2.5842 , 9.2531 , -0.5870 , -0.3757 , -0.2175 , 0.8978 , 0.6480 , -2.3482 , -0.7456 , -15.2786 , -12.0069 , 19.4320
3 , -1.2067 , 2.8946 , 8.6383 , -1.5690 , 2.4797 , 9.3573 , 0.1203 , -0.0941 , -0.0195 , 0.3623 , 0.4149 , -0.7191 , -0.7534 , -14.6466 , -9.5186 , 17.4679
9 , -1.7382 , 1.0534 , 9.5505 , -1.1884 , 2.0078 , 9.5251 , -0.1307 , 0.4484 , 0.3861 , -0.5498 , -0.9544 , 0.0254 , -0.7699 , -11.8143 , -7.1120 , 13.7898
5 , -0.7805 , 2.8323 , 8.7508 , -1.2383 , 2.5810 , 9.3795 , -0.1277 , -0.0458 , 0.0531 , 0.4578 , 0.2513 , -0.6287 , -0.7588 , -15.2596 , -7.5209 , 17.0123
7 , -0.5267 , 3.3662 , 8.4922 , -1.3744 , 2.6065 , 9.3535 , -0.3360 , 0.0409 , 0.0000 , 0.8477 , 0.7597 , -0.8612 , -0.7535 , -15.4141 , -8.3594 , 17.5349
2 , -1.3719 , 3.8738 , 7.3263 , -1.8921 , 3.5048 , 8.9614 , 0.2260 , 0.6872 , 0.4465 , 0.5202 , 0.3690 , -1.6351 , -0.7332 , -20.9402 , -11.9223 , 24.0963
1 , -2.1955 , 3.9552 , 8.1738 , -2.2922 , 3.8117 , 8.7400 , -0.2914 , -0.2388 , 0.0336 , 0.0967 , 0.1436 , -0.5662 , -0.7159 , -22.8725 , -14.6955 , 27.1865
3 , -1.4341 , 2.4062 , 8.9878 , -1.3364 , 2.3301 , 9.4316 , -0.0214 , -0.0770 , 0.0794 , -0.0977 , 0.0761 , -0.4438 , -0.7620 , -13.7449 , -8.0647 , 15.9362
3 , -1.0582 , 2.3918 , 9.7444 , -1.3245 , 2.3107 , 9.4380 , -0.0831 , -0.0104 , 0.0544 , 0.2663 , 0.0811 , 0.3064 , -0.7585 , -13.6286 , -7.9885 , 15.7973
4 , -0.5195 , 4.1922 , 8.2025 , -1.5350 , 2.9848 , 9.2144 , -0.4618 , -0.2957 , -0.1979 , 1.0155 , 1.2075 , -1.0119 , -0.7406 , -17.7199 , -9.4582 , 20.0861
9 , -0.6369 , 1.5658 , 9.9599 , -1.2583 , 1.8472 , 9.5486 , 0.0446 , 0.0507 , 0.2560 , 0.6215 , -0.2814 , 0.4113 , -0.7873 , -10.8572 , -7.5072 , 13.1999
1 , -1.6759 , 4.3622 , 9.1051 , -2.1168 , 3.5824 , 8.8801 , 0.2498 , 0.0483 , 0.0941 , 0.4409 , 0.7798 , 0.2251 , -0.7416 , -21.4266 , -13.4079 , 25.2759
2 , -2.0327 , 3.8068 , 8.1451 , -2.1416 , 3.6267 , 8.8561 , 0.2865 , -0.1301 , -0.0397 , 0.1090 , 0.1801 , -0.7110 , -0.7409 , -21.7045 , -13.5947 , 25.6106
1 , -1.7789 , 4.3814 , 9.6367 , -2.2524 , 3.6582 , 8.8156 , -0.0696 , 0.0892 , -0.0983 , 0.4735 , 0.7232 , 0.8211 , -0.7335 , -21.9030 , -14.3323 , 26.1755
8 , -1.5538 , 1.9968 , 8.4084 , -1.4743 , 2.3481 , 9.4066 , -0.2443 , 0.4062 , 0.0648 , -0.0796 , -0.3513 , -0.9981 , -0.7790 , -13.8532 , -8.9073 , 16.4697
7 , 0.4118 , 2.6097 , 10.3190 , -0.8806 , 1.8051 , 9.5988 , -0.1491 , -0.2107 , -0.0874 , 1.2924 , 0.8046 , 0.7202 , -0.7681 , -10.6069 , -5.2415 , 11.8313
9 , 0.0694 , 1.1851 , 8.1690 , -0.3629 , 1.3427 , 9.7075 , -0.2456 , 0.1387 , 0.1765 , 0.4323 , -0.1576 , -1.5385 , -0.7747 , -7.8698 , -2.1407 , 8.1558
4 , -1.7454 , 3.0981 , 8.1930 , -1.7261 , 2.5110 , 9.3212 , -0.1674 , -0.4728 , 0.1747 , -0.0193 , 0.5871 , -1.1283 , -0.7400 , -14.8361 , -10.4912 , 18.1707
7 , -1.2450 , 2.4038 , 9.1650 , -1.4746 , 2.3135 , 9.4151 , 0.3256 , 0.0996 , 0.1118 , 0.2296 , 0.0902 , -0.2501 , -0.7538 , -13.6456 , -8.9013 , 16.2921
10 , -1.9656 , 0.8212 , 7.5705 , -1.1866 , 2.1303 , 9.4986 , 0.0886 , 0.1741 , 0.3848 , -0.7790 , -1.3091 , -1.9282 , -0.7816 , -12.5466 , -7.1207 , 14.4264
2 , -0.9649 , 3.9576 , 7.4388 , -1.6247 , 3.3692 , 9.0653 , 0.3219 , 0.2266 , 0.0348 , 0.6598 , 0.5884 , -1.6265 , -0.7411 , -20.0940 , -10.1607 , 22.5168
9 , -0.8523 , 0.2490 , 10.1107 , -0.5531 , 1.3687 , 9.6949 , 0.1759 , 0.5815 , 0.2755 , -0.2993 , -1.1197 , 0.4158 , -0.8017 , -8.0227 , -3.2651 , 8.6617
2 , -0.6177 , 3.4381 , 8.0206 , -1.2125 , 2.9123 , 9.2854 , 0.0727 , 0.4386 , 0.0354 , 0.5948 , 0.5258 , -1.2648 , -0.7664 , -17.2758 , -7.4394 , 18.8095
8 , -1.4581 , 2.0566 , 9.2368 , -1.3734 , 2.2616 , 9.4429 , 0.0605 , 0.1026 , 0.0983 , -0.0847 , -0.2050 , -0.2061 , -0.7649 , -13.3338 , -8.2752 , 15.6929
8 , -1.3384 , 1.8052 , 9.9838 , -1.2993 , 2.3994 , 9.4194 , -0.0024 , 0.5192 , 0.2743 , -0.0390 , -0.5942 , 0.5644 , -0.7667 , -14.1625 , -7.8539 , 16.1945
2 , -1.4222 , 3.2920 , 7.2880 , -1.9053 , 3.1168 , 9.1009 , 0.4606 , -0.1698 , 0.2456 , 0.4831 , 0.1753 , -1.8129 , -0.7407 , -18.5312 , -11.8241 , 21.9821
4 , -1.3815 , 3.8427 , 9.3829 , -1.8009 , 3.4742 , 8.9921 , -0.1277 , 0.2517 , 0.0189 , 0.4195 , 0.3685 , 0.3908 , -0.7350 , -20.7486 , -11.3253 , 23.6382
6 , -1.5706 , 1.5682 , 8.6072 , -1.4915 , 1.8825 , 9.5080 , 0.1802 , 0.0269 , 0.3122 , -0.0791 , -0.3143 , -0.9008 , -0.7696 , -11.0670 , -8.9155 , 14.2114
8 , -1.7693 , 1.1971 , 9.7588 , -1.4915 , 2.2277 , 9.4331 , -0.1698 , 0.7428 , 0.4728 , -0.2778 , -1.0306 , 0.3257 , -0.7731 , -13.1302 , -8.9851 , 15.9102
10 , -1.3910 , 1.0942 , 10.0796 , -1.2373 , 1.3590 , 9.6329 , 0.0257 , 0.0440 , 0.0715 , -0.1537 , -0.2648 , 0.4467 , -0.7900 , -7.9656 , -7.3195 , 10.8178
5 , -1.0295 , 1.8435 , 11.2168 , -1.5198 , 1.7267 , 9.5331 , 0.3806 , 0.4233 , 0.1814 , 0.4903 , 0.1168 , 1.6838 , -0.7744 , -10.1415 , -9.0579 , 13.5976
10 , -0.6728 , 0.2753 , 10.9008 , -0.3722 , 1.1014 , 9.7375 , 0.5510 , 0.2474 , 0.4032 , -0.3006 , -0.8261 , 1.1633 , -0.8012 , -6.4487 , -2.1890 , 6.8101
3 , -0.8308 , 1.9920 , 9.1842 , -0.9807 , 1.8850 , 9.5737 , -0.0086 , 0.0855 , 0.1307 , 0.1499 , 0.1069 , -0.3895 , -0.7752 , -11.0824 , -5.8489 , 12.5311
8 , -0.6895 , 2.0423 , 8.5832 , -0.9678 , 2.1717 , 9.5141 , -0.3519 , 0.3910 , 0.1124 , 0.2783 , -0.1294 , -0.9309 , -0.7753 , -12.7943 , -5.8085 , 14.0511
9 , 0.1844 , 1.3144 , 9.8474 , -0.1156 , 1.0473 , 9.7499 , 0.5082 , 0.1216 , -0.1136 , 0.2999 , 0.2671 , 0.0975 , -0.8101 , -6.1309 , -0.6793 , 6.1684
2 , -2.4181 , 2.4157 , 8.1858 , -2.4188 , 2.3453 , 9.2097 , 0.0067 , 0.1155 , 0.0018 , 0.0007 , 0.0705 , -1.0240 , -0.7745 , -13.8363 , -14.7157 , 20.1989
10 , -2.1931 , 0.0192 , 9.8282 , -1.6143 , 1.0566 , 9.6150 , 0.2737 , 0.3097 , 0.4307 , -0.5788 , -1.0374 , 0.2132 , -0.7966 , -6.1850 , -9.5306 , 11.3617
4 , -2.2889 , 3.1508 , 8.6694 , -2.7036 , 2.6652 , 9.0420 , -0.0916 , -0.2425 , 0.0947 , 0.4147 , 0.4855 , -0.3726 , -0.7607 , -15.7701 , -16.6467 , 22.9305
2 , -2.8635 , 2.8706 , 8.0086 , -2.6795 , 3.0594 , 8.9236 , 0.3067 , 0.1161 , 0.1704 , -0.1840 , -0.1888 , -0.9150 , -0.7566 , -18.1781 , -16.7136 , 24.6939
6 , -1.9058 , 1.2306 , 9.0142 , -1.5476 , 1.8609 , 9.5033 , 0.1051 , 0.4282 , 0.1772 , -0.3582 , -0.6303 , -0.4891 , -0.7915 , -10.9389 , -9.2492 , 14.3251
7 , -1.4844 , 2.5666 , 8.0182 , -2.1705 , 2.0772 , 9.3351 , -0.4392 , 0.1271 , 0.0696 , 0.6861 , 0.4894 , -1.3169 , -0.7740 , -12.2288 , -13.0892 , 17.9128
8 , -1.7645 , 1.5060 , 9.1698 , -2.0571 , 1.9690 , 9.3841 , 0.1930 , 0.5180 , 0.4496 , 0.2926 , -0.4631 , -0.2143 , -0.7764 , -11.5828 , -12.3646 , 16.9423
4 , -2.1069 , 3.5650 , 8.4827 , -2.4285 , 2.8318 , 9.0694 , -0.1637 , -0.0996 , 0.0739 , 0.3216 , 0.7332 , -0.5867 , -0.7527 , -16.7838 , -14.9902 , 22.5034
6 , -1.6472 , 1.7549 , 7.9942 , -1.2190 , 2.2617 , 9.4641 , -0.0886 , 0.0892 , 0.3647 , -0.4283 , -0.5067 , -1.4699 , -0.7861 , -13.3340 , -7.3392 , 15.2203
4 , -1.6257 , 3.2298 , 9.0429 , -1.8963 , 3.0289 , 9.1324 , -0.1509 , 0.1167 , 0.1387 , 0.2707 , 0.2009 , -0.0895 , -0.7503 , -17.9904 , -11.7307 , 21.4771
9 , -0.1341 , 1.3647 , 9.1387 , -0.8226 , 1.5801 , 9.6435 , -0.1197 , 0.3390 , 0.1655 , 0.6886 , -0.2154 , -0.5048 , -0.7901 , -9.2722 , -4.8758 , 10.4760
3 , -2.1476 , 1.7765 , 9.7755 , -1.7670 , 1.9104 , 9.4551 , 0.5229 , 0.0513 , 0.2358 , -0.3806 , -0.1339 , 0.3205 , -0.7765 , -11.2334 , -10.5856 , 15.4352
4 , -3.1029 , 2.8467 , 8.9878 , -2.1086 , 2.8978 , 9.1284 , -0.0250 , -0.0470 , 0.3567 , -0.9943 , -0.0510 , -0.1406 , -0.7616 , -17.1868 , -13.0065 , 21.5536
2 , -2.2936 , 2.7270 , 8.2815 , -2.1152 , 3.1519 , 9.0422 , 0.2645 , 0.1264 , 0.3690 , -0.1784 , -0.4249 , -0.7607 , -0.7547 , -18.7478 , -13.1663 , 22.9092
9 , -1.2258 , 1.0678 , 9.1051 , -0.9579 , 1.9923 , 9.5542 , -0.5516 , 0.2889 , 0.1020 , -0.2679 , -0.9245 , -0.4491 , -0.7890 , -11.7217 , -5.7253 , 13.0452