2 , 0.3376 , 7.5609 , 4.5633 , 0.2684 , 7.5454 , 6.2582 , -0.2486 , -0.0745 , -0.0898 , 0.0692 , 0.0155 , -1.6949 , -0.8241 , -50.3015 , 2.4554 , 50.3614
1 , 0.0287 , 6.1603 , 5.4277 , 0.2911 , 6.4492 , 7.3820 , -0.2572 , 0.1417 , -0.0287 , -0.2624 , -0.2889 , -1.9543 , -0.8466 , -41.1199 , 2.2581 , 41.1819
4 , 0.0479 , 6.0980 , 6.5457 , 0.1953 , 6.3039 , 7.5096 , -0.1307 , -0.0886 , -0.0379 , -0.1475 , -0.2058 , -0.9638 , -0.8527 , -40.0021 , 1.4900 , 40.0299
7 , 0.0862 , 6.1028 , 7.8506 , 0.2021 , 6.1197 , 7.6602 , 0.0599 , 0.0709 , -0.0128 , -0.1159 , -0.0169 , 0.1904 , -0.8579 , -38.6118 , 1.5109 , 38.6413
9 , 0.8787 , 5.9352 , 7.5800 , 0.2906 , 6.1346 , 7.6454 , 0.4704 , 0.1820 , 0.0648 , 0.5881 , -0.1994 , -0.0654 , -0.8631 , -38.7231 , 2.1765 , 38.7842
3 , 1.4820 , 5.9640 , 7.3765 , 1.2008 , 6.3344 , 7.3894 , 0.0678 , 0.0354 , -0.0360 , 0.2812 , -0.3704 , -0.0129 , -0.8588 , -40.2353 , 9.2303 , 41.2805
10 , 0.2442 , 5.0422 , 8.8442 , 0.4575 , 5.1928 , 8.3064 , -0.0556 , -0.0855 , 0.0140 , -0.2132 , -0.1506 , 0.5378 , -0.8638 , -31.9731 , 3.1522 , 32.1281
6 , 0.4094 , 6.3662 , 8.0325 , 1.1606 , 6.1755 , 7.5291 , -0.0556 , -0.2450 , 0.1057 , -0.7512 , 0.1907 , 0.5035 , -0.8631 , -39.0296 , 8.7634 , 40.0013
8 , 0.4693 , 5.7245 , 8.1068 , 0.4369 , 5.7882 , 7.9042 , -0.1185 , -0.0794 , -0.0318 , 0.0324 , -0.0637 , 0.2026 , -0.8538 , -36.1736 , 3.1635 , 36.3117
8 , 0.7159 , 5.6288 , 8.2552 , 0.4952 , 5.6025 , 8.0335 , -0.0721 , -0.0360 , -0.0226 , 0.2207 , 0.0263 , 0.2217 , -0.8594 , -34.8404 , 3.5274 , 35.0186
10 , 0.1245 , 5.6360 , 7.8243 , 0.2511 , 5.6026 , 8.0447 , -0.0122 , -0.0806 , -0.0061 , -0.1266 , 0.0333 , -0.2205 , -0.8530 , -34.8417 , 1.7875 , 34.8875
3 , 1.6712 , 6.1172 , 6.8570 , 1.8516 , 6.1573 , 7.4047 , -0.2553 , 0.0849 , 0.0874 , -0.1804 , -0.0401 , -0.5477 , -0.8700 , -38.8931 , 14.0391 , 41.3493
2 , 1.4964 , 6.6128 , 7.3813 , 1.5929 , 6.2513 , 7.3861 , -0.0244 , 0.0849 , 0.0250 , -0.0966 , 0.3615 , -0.0048 , -0.8608 , -39.6020 , 12.1703 , 41.4299
7 , 0.2897 , 5.3247 , 8.0038 , 0.4776 , 5.1159 , 8.3528 , -0.4832 , -0.1839 , -0.0312 , -0.1879 , 0.2088 , -0.3490 , -0.8689 , -31.4448 , 3.2725 , 31.6146
4 , 0.5507 , 5.0039 , 8.5401 , 0.6316 , 5.0429 , 8.3869 , 0.0354 , -0.0092 , 0.0018 , -0.0810 , -0.0391 , 0.1532 , -0.8749 , -30.9464 , 4.3068 , 31.2447
9 , 1.0080 , 4.7238 , 8.4084 , 1.0041 , 4.9408 , 8.4113 , -0.1393 , 0.0189 , 0.0226 , 0.0039 , -0.2171 , -0.0029 , -0.8872 , -30.2535 , 6.8073 , 31.0099
3 , 1.2761 , 5.8227 , 5.9879 , 1.5841 , 6.1249 , 7.4931 , -0.0654 , -0.2309 , -0.0031 , -0.3080 , -0.3022 , -1.5052 , -0.8689 , -38.6506 , 11.9373 , 40.4520
1 , 0.7207 , 6.5505 , 6.8259 , 0.8683 , 6.2741 , 7.4868 , -0.0501 , -0.0128 , 0.0324 , -0.1477 , 0.2765 , -0.6609 , -0.8539 , -39.7752 , 6.6156 , 40.3217
1 , 0.7302 , 6.2465 , 6.6463 , 0.6537 , 5.9527 , 7.7659 , 0.0617 , -0.0751 , 0.0177 , 0.0765 , 0.2938 , -1.1196 , -0.8600 , -37.3731 , 4.8117 , 37.6816
10 , 0.6488 , 5.4923 , 8.3175 , 0.6621 , 5.7628 , 7.9071 , -0.1106 , -0.0764 , -0.0446 , -0.0133 , -0.2705 , 0.4104 , -0.8572 , -35.9901 , 4.7867 , 36.3070
7 , 0.4166 , 5.5569 , 7.5537 , 0.5842 , 5.5042 , 8.0953 , -0.1662 , -0.0935 , -0.0611 , -0.1676 , 0.0528 , -0.5415 , -0.8638 , -34.1437 , 4.1274 , 34.3923
5 , 0.7973 , 5.4708 , 7.4077 , 0.9855 , 5.6229 , 7.9739 , -0.0464 , 0.0574 , 0.0220 , -0.1882 , -0.1521 , -0.5662 , -0.8701 , -34.9859 , 7.0457 , 35.6883
3 , 2.2505 , 6.8091 , 8.7843 , 1.5642 , 6.1518 , 7.4752 , 0.3067 , 0.0421 , -0.0336 , 0.6864 , 0.6573 , 1.3091 , -0.8692 , -38.8520 , 11.8187 , 40.6098
6 , 1.7334 , 6.3327 , 8.0900 , 1.3805 , 6.3127 , 7.3766 , -0.0965 , 0.0519 , -0.0733 , 0.3529 , 0.0199 , 0.7134 , -0.8615 , -40.0697 , 10.6000 , 41.4481
3 , 1.7549 , 5.7988 , 7.7572 , 1.8204 , 6.2743 , 7.3137 , 0.0751 , 0.0849 , -0.0104 , -0.0654 , -0.4755 , 0.4435 , -0.8664 , -39.7768 , 13.9768 , 42.1609
4 , 0.5507 , 5.9927 , 7.1898 , 0.7837 , 6.1384 , 7.6077 , -0.0690 , -0.0733 , -0.0147 , -0.2330 , -0.1457 , -0.4179 , -0.8456 , -38.7511 , 5.8814 , 39.1949
2 , 0.8452 , 5.8634 , 6.4596 , 1.2782 , 6.5214 , 7.2117 , -0.2511 , 0.0580 , 0.0470 , -0.4330 , -0.6580 , -0.7521 , -0.8497 , -41.6819 , 10.0508 , 42.8765
6 , 0.5028 , 5.8323 , 8.4827 , 1.0489 , 6.0357 , 7.6577 , 0.0971 , 0.0403 , -0.0525 , -0.5462 , -0.2035 , 0.8250 , -0.8650 , -37.9863 , 7.7997 , 38.7788
2 , 1.2354 , 6.7780 , 7.5010 , 1.3603 , 6.3375 , 7.3591 , -0.2492 , -0.1124 , -0.0855 , -0.1248 , 0.4405 , 0.1420 , -0.8568 , -40.2592 , 10.4724 , 41.5989
3 , 1.7382 , 6.4979 , 6.7636 , 1.3297 , 6.5211 , 7.2026 , 0.1319 , -0.1252 , -0.0544 , 0.4085 , -0.0232 , -0.4390 , -0.8589 , -41.6798 , 10.4596 , 42.9722
2 , 0.8045 , 6.6726 , 7.3717 , 0.8207 , 6.3612 , 7.4183 , 0.0043 , 0.1448 , 0.0623 , -0.0163 , 0.3114 , -0.0466 , -0.8592 , -40.4409 , 6.3133 , 40.9307
2 , 0.2993 , 6.3279 , 5.7988 , 0.6799 , 6.4512 , 7.3546 , -0.0073 , -0.1118 , -0.0330 , -0.3807 , -0.1233 , -1.5558 , -0.8553 , -41.1352 , 5.2820 , 41.4730
5 , 0.2059 , 5.5091 , 7.7237 , 0.3757 , 6.0305 , 7.7242 , 0.0550 , -0.1032 , -0.0745 , -0.1698 , -0.5214 , -0.0005 , -0.8625 , -37.9474 , 2.7850 , 38.0494
7 , 0.3304 , 5.7389 , 7.8123 , 0.3978 , 5.9767 , 7.7648 , 0.0733 , -0.1240 , -0.0690 , -0.0674 , -0.2378 , 0.0475 , -0.8586 , -37.5498 , 2.9330 , 37.6642
7 , 0.1820 , 5.7796 , 7.0294 , 0.4827 , 5.8904 , 7.8256 , -0.0654 , -0.1026 , -0.0140 , -0.3008 , -0.1108 , -0.7962 , -0.8603 , -36.9171 , 3.5298 , 37.0855
6 , 0.6895 , 5.8466 , 8.7580 , 1.0231 , 5.8725 , 7.7870 , 0.2138 , -0.0330 , -0.0782 , -0.3335 , -0.0258 , 0.9710 , -0.8710 , -36.7857 , 7.4846 , 37.5394
2 , 0.8284 , 6.4763 , 8.7556 , 1.3185 , 6.1758 , 7.5028 , 0.1093 , -0.0067 , 0.1038 , -0.4901 , 0.3005 , 1.2528 , -0.8514 , -39.0319 , 9.9671 , 40.2844
2 , 1.0678 , 6.6008 , 5.3678 , 2.0859 , 6.5599 , 6.9848 , 0.7007 , -0.3189 , 0.0244 , -1.0181 , 0.0409 , -1.6170 , -0.8548 , -41.9839 , 16.6272 , 45.1566
1 , 2.0542 , 7.0749 , 6.7924 , 2.5350 , 6.0454 , 7.2936 , 0.0092 , 0.3256 , -0.0421 , -0.4808 , 1.0294 , -0.5013 , -0.8429 , -38.0582 , 19.1659 , 42.6117
4 , 2.6288 , 5.3606 , 6.1004 , 2.6736 , 5.4806 , 7.6802 , -0.1246 , 0.2095 , 0.0159 , -0.0447 , -0.1199 , -1.5798 , -0.8393 , -33.9771 , 19.1936 , 39.0236
10 , 2.5091 , 5.6431 , 7.7141 , 2.2636 , 5.6060 , 7.7213 , 0.1381 , -0.0507 , -0.1045 , 0.2455 , 0.0371 , -0.0072 , -0.8350 , -34.8657 , 16.3390 , 38.5042
2 , 2.8970 , 7.3741 , 3.7014 , 3.4298 , 7.6215 , 5.1302 , 0.7471 , -0.4893 , -0.2272 , -0.5328 , -0.2474 , -1.4288 , -0.8137 , -51.0030 , 33.7646 , 61.1666
9 , 3.2322 , 6.1459 , 7.0797 , 3.0263 , 6.1494 , 7.0141 , 0.0409 , 0.4270 , 0.0403 , 0.2058 , -0.0035 , 0.0656 , -0.8618 , -38.8337 , 23.3386 , 45.3072
4 , 0.8045 , 6.6774 , 6.8761 , 2.0101 , 6.4368 , 7.1202 , -0.0189 , -0.1784 , -0.1350 , -1.2057 , 0.2406 , -0.2441 , -0.8550 , -41.0235 , 15.7652 , 43.9485
6 , 2.7078 , 6.9288 , 8.6526 , 3.1963 , 6.3703 , 6.7359 , -0.0367 , 0.1533 , -0.0733 , -0.4884 , 0.5585 , 1.9167 , -0.8533 , -40.5110 , 25.3849 , 47.8072
5 , 2.7414 , 5.9879 , 7.8530 , 3.2831 , 6.1531 , 6.8943 , 0.2663 , -0.6237 , -0.0312 , -0.5417 , -0.1652 , 0.9587 , -0.8479 , -38.8614 , 25.4638 , 46.4608
7 , 2.8587 , 6.3542 , 7.3143 , 2.8027 , 5.7994 , 7.3947 , -0.1869 , 0.2230 , -0.1729 , 0.0560 , 0.5548 , -0.0804 , -0.8535 , -36.2548 , 20.7573 , 41.7765
6 , 3.0023 , 6.6224 , 7.7835 , 3.7917 , 6.3583 , 6.4317 , 0.1350 , -0.0819 , 0.1240 , -0.7893 , 0.2641 , 1.3519 , -0.8460 , -40.4182 , 30.5208 , 50.6473
8 , 1.4820 , 5.6455 , 8.1570 , 1.7770 , 5.3536 , 8.0220 , -0.0434 , -0.2712 , -0.1283 , -0.2950 , 0.2919 , 0.1351 , -0.8623 , -33.0871 , 12.4903 , 35.3661
7 , 1.0463 , 5.8371 , 7.3622 , 1.4693 , 5.6216 , 7.9000 , -0.1655 , 0.6298 , -0.0098 , -0.4230 , 0.2155 , -0.5378 , -0.8629 , -34.9764 , 10.5358 , 36.5288
8 , 1.1540 , 5.9687 , 8.3007 , 1.6801 , 5.7699 , 7.7495 , 0.1570 , 0.1570 , 0.0776 , -0.5261 , 0.1988 , 0.5512 , -0.8728 , -36.0414 , 12.2325 , 38.0607
7 , 0.2394 , 5.6216 , 8.1355 , 1.1576 , 5.5614 , 7.9939 , 0.0409 , -0.0525 , 0.0012 , -0.9182 , 0.0602 , 0.1416 , -0.8716 , -34.5483 , 8.2398 , 35.5173
6 , 2.1715 , 7.2233 , 8.3007 , 2.7003 , 6.9148 , 6.4081 , 0.4649 , 0.3073 , 0.2114 , -0.5288 , 0.3085 , 1.8926 , -0.8598 , -44.8388 , 22.8501 , 50.3254
5 , 1.9393 , 5.8730 , 7.4795 , 2.0435 , 5.8753 , 7.5812 , -0.2669 , -0.1924 , -0.4337 , -0.1042 , -0.0024 , -0.1017 , -0.8711 , -36.8067 , 15.0854 , 39.7781
2 , 1.3958 , 6.8857 , 6.0047 , 2.6682 , 6.9841 , 6.3462 , 0.1588 , 0.0672 , -0.0055 , -1.2724 , -0.0983 , -0.3415 , -0.8439 , -45.4122 , 22.8042 , 50.8164
8 , 0.5148 , 5.8131 , 8.9759 , 1.5244 , 5.7161 , 7.8213 , 0.5168 , -0.0825 , 0.0128 , -1.0096 , 0.0971 , 1.1545 , -0.8617 , -35.6530 , 11.0287 , 37.3198
10 , 0.8835 , 4.9608 , 8.2145 , 1.3537 , 5.0856 , 8.2749 , 0.0739 , -0.0922 , 0.0629 , -0.4702 , -0.1248 , -0.0604 , -0.8610 , -31.2375 , 9.2905 , 32.5898
3 , 4.0917 , 7.9942 , 5.5282 , 3.7803 , 7.4175 , 5.1827 , -0.0189 , 0.5168 , -0.1362 , 0.3114 , 0.5767 , 0.3455 , -0.8157 , -49.1456 , 36.1075 , 60.9840
5 , 1.8555 , 5.0230 , 6.8570 , 2.2275 , 5.2483 , 7.9790 , -0.5986 , 0.3641 , -0.1038 , -0.3720 , -0.2253 , -1.1220 , -0.8703 , -32.3560 , 15.5980 , 35.9195
1 , 1.6712 , 6.9504 , 6.3087 , 2.1173 , 6.3862 , 7.1347 , -0.0287 , 0.3690 , -0.0250 , -0.4462 , 0.5642 , -0.8260 , -0.8622 , -40.6330 , 16.5291 , 43.8663
10 , 1.0630 , 5.3391 , 8.6215 , 1.4154 , 5.2446 , 8.1647 , 0.3012 , 0.0079 , 0.1558 , -0.3524 , 0.0945 , 0.4569 , -0.8741 , -32.3301 , 9.8348 , 33.7929
3 , 2.6528 , 6.3782 , 7.1850 , 3.2400 , 6.3171 , 6.7651 , -0.2040 , 0.6805 , 0.3696 , -0.5872 , 0.0611 , 0.4199 , -0.8508 , -40.1031 , 25.5910 , 47.5726
10 , 1.2139 , 4.4436 , 9.4810 , 1.7164 , 4.5424 , 8.5200 , 0.0660 , -0.4362 , -0.1405 , -0.5025 , -0.0988 , 0.9610 , -0.8567 , -27.5938 , 11.3899 , 29.8521
6 , 2.0255 , 5.4013 , 8.0038 , 2.8804 , 5.5688 , 7.5407 , 0.7043 , 0.2486 , 0.2425 , -0.8549 , -0.1675 , 0.4631 , -0.8570 , -34.6011 , 20.9057 , 40.4263
6 , 2.8706 , 5.8682 , 9.0285 , 3.2151 , 5.5654 , 7.4068 , 0.8882 , 0.2560 , 0.1093 , -0.3445 , 0.3028 , 1.6218 , -0.8543 , -34.5767 , 23.4648 , 41.7869
2 , 2.4325 , 6.0645 , 6.4524 , 3.2556 , 6.4306 , 6.6497 , 0.6194 , 0.2804 , 0.2303 , -0.8231 , -0.3661 , -0.1973 , -0.8346 , -40.9758 , 26.0858 , 48.5745
1 , 2.4995 , 6.7780 , 5.8993 , 2.8079 , 6.0938 , 7.1521 , -0.4221 , 0.1106 , 0.1393 , -0.3084 , 0.6842 , -1.2527 , -0.8390 , -38.4179 , 21.4352 , 43.9932
9 , 2.4421 , 5.6216 , 8.0086 , 3.3119 , 5.2578 , 7.5867 , 0.7178 , 0.0733 , -0.0757 , -0.8698 , 0.3638 , 0.4219 , -0.8580 , -32.4214 , 23.5833 , 40.0914
9 , 2.2003 , 5.9017 , 6.2369 , 3.0652 , 5.3577 , 7.6203 , 0.7434 , -0.1564 , 0.3054 , -0.8649 , 0.5440 , -1.3834 , -0.8710 , -33.1161 , 21.9120 , 39.7091
7 , 2.4924 , 5.4851 , 9.0333 , 2.4203 , 4.9643 , 8.1036 , 0.0580 , 0.0415 , -0.4154 , 0.0721 , 0.5208 , 0.9297 , -0.8576 , -30.4123 , 16.6292 , 34.6618
3 , 4.2234 , 6.3422 , 6.2201 , 4.4397 , 6.1805 , 6.1855 , 0.4300 , -0.5412 , 0.3286 , -0.2164 , 0.1617 , 0.0346 , -0.8192 , -39.0677 , 35.6695 , 52.9017
8 , 2.4229 , 4.8291 , 7.6160 , 2.5425 , 4.6831 , 8.2326 , -0.1423 , -0.0831 , -0.0733 , -0.1195 , 0.1460 , -0.6166 , -0.8462 , -28.5250 , 17.1622 , 33.2899
6 , 4.7980 , 5.6623 , 8.0325 , 4.2642 , 5.3347 , 7.0376 , 0.3378 , 0.1888 , -0.0116 , 0.5338 , 0.3276 , 0.9949 , -0.8284 , -32.9554 , 31.2124 , 45.3902
3 , 4.4532 , 6.9552 , 6.5457 , 4.0205 , 6.2715 , 6.3776 , -0.0446 , -0.1051 , 0.1784 , 0.4327 , 0.6837 , 0.1681 , -0.8017 , -39.7557 , 32.2275 , 51.1774
6 , 3.1532 , 6.1914 , 8.1139 , 3.4534 , 5.8772 , 7.0500 , 0.4300 , -0.1961 , 0.1136 , -0.3002 , 0.3142 , 1.0639 , -0.8298 , -36.8205 , 26.0975 , 45.1312
2 , 3.8283 , 6.5697 , 7.1467 , 3.4513 , 6.3867 , 6.5930 , 0.2926 , 0.4001 , -0.1875 , 0.3770 , 0.1830 , 0.5536 , -0.8114 , -40.6371 , 27.6312 , 49.1412
8 , 1.8555 , 6.0717 , 6.8498 , 2.4669 , 6.0622 , 7.3031 , -0.0104 , -0.0128 , 0.0464 , -0.6114 , 0.0095 , -0.4533 , -0.8460 , -38.1825 , 18.6641 , 42.5000
4 , 2.1668 , 6.0837 , 7.2903 , 2.3773 , 5.8552 , 7.4991 , 0.0098 , 0.0727 , 0.0134 , -0.2105 , 0.2285 , -0.2087 , -0.8585 , -36.6598 , 17.5890 , 40.6609
1 , 2.4397 , 6.4141 , 9.9192 , 3.2564 , 5.9695 , 7.0662 , 0.6512 , -0.2034 , 0.0580 , -0.8167 , 0.4446 , 2.8530 , -0.8453 , -37.4971 , 24.7419 , 44.9243
10 , 1.1037 , 6.1459 , 8.8226 , 1.1075 , 5.6405 , 7.9453 , -0.1155 , -0.6029 , 0.0764 , -0.0037 , 0.5054 , 0.8773 , -0.8804 , -35.1118 , 7.9351 , 35.9973
6 , 2.4421 , 7.7405 , 7.1850 , 2.5405 , 7.0963 , 6.2737 , 0.3268 , -0.3335 , 0.0501 , -0.0985 , 0.6442 , 0.9113 , -0.8674 , -46.3541 , 22.0457 , 51.3295
5 , 0.5650 , 6.3470 , 8.5018 , 1.4827 , 6.2189 , 7.4362 , 0.2920 , 0.0171 , 0.0489 , -0.9177 , 0.1282 , 1.0656 , -0.8886 , -39.3569 , 11.2764 , 40.9404
8 , 0.6009 , 5.8251 , 7.5465 , 1.1775 , 6.0405 , 7.6352 , 0.1173 , -0.1619 , 0.1600 , -0.5766 , -0.2154 , -0.0887 , -0.8870 , -38.0217 , 8.7673 , 39.0194
5 , 0.1484 , 6.3758 , 8.0062 , 1.6069 , 6.2977 , 7.3435 , 0.1045 , 0.0672 , 0.1576 , -1.4584 , 0.0781 , 0.6627 , -0.8869 , -39.9549 , 12.3427 , 41.8179
7 , 1.1756 , 5.4708 , 7.5441 , 1.7526 , 5.7368 , 7.7581 , -0.0189 , -0.3738 , 0.2511 , -0.5770 , -0.2660 , -0.2140 , -0.8891 , -35.8022 , 12.7296 , 37.9979
6 , 3.2992 , 6.8115 , 6.3853 , 3.3053 , 6.6163 , 6.4397 , 0.0751 , 0.0929 , 0.0061 , -0.0061 , 0.1952 , -0.0543 , -0.8785 , -42.4290 , 27.1705 , 50.3831
8 , 1.7909 , 5.8969 , 8.3007 , 2.2319 , 5.9433 , 7.4743 , 0.0605 , -0.1936 , 0.0556 , -0.4411 , -0.0464 , 0.8264 , -0.8915 , -37.3046 , 16.6264 , 40.8421
9 , 3.2465 , 6.1555 , 9.6367 , 3.2849 , 5.9671 , 7.0550 , 0.6591 , -0.0421 , 0.1338 , -0.0384 , 0.1883 , 2.5817 , -0.8922 , -37.4796 , 24.9674 , 45.0344
2 , 3.5650 , 7.1611 , 7.6591 , 3.3398 , 6.8102 , 6.2159 , 0.1668 , -0.0055 , 0.0782 , 0.2252 , 0.3509 , 1.4431 , -0.8555 , -43.9828 , 28.2491 , 52.2733
2 , 3.5721 , 7.1060 , 4.6759 , 3.5569 , 7.0673 , 5.7941 , 0.0464 , 0.0507 , -0.0403 , 0.0152 , 0.0387 , -1.1183 , -0.8451 , -46.1092 , 31.5451 , 55.8673
10 , 1.8148 , 6.6415 , 7.5968 , 2.4452 , 6.4140 , 7.0038 , 0.2053 , -0.3445 , -0.0544 , -0.6304 , 0.2276 , 0.5930 , -0.8598 , -40.8471 , 19.2452 , 45.1538
4 , 1.2210 , 6.2824 , 7.3741 , 1.7321 , 6.2471 , 7.3583 , -0.1576 , 0.0867 , 0.0000 , -0.5110 , 0.0353 , 0.0159 , -0.8848 , -39.5706 , 13.2457 , 41.7286
9 , 2.1261 , 6.8235 , 8.5569 , 2.3459 , 6.5278 , 6.9322 , 0.5235 , -0.4392 , -0.1161 , -0.2199 , 0.2957 , 1.6247 , -0.8785 , -41.7320 , 18.6962 , 45.7286
4 , 1.1468 , 6.5577 , 6.9623 , 1.7685 , 6.3298 , 7.2785 , -0.1765 , -0.1093 , -0.0354 , -0.6217 , 0.2280 , -0.3162 , -0.8816 , -40.1999 , 13.6568 , 42.4563
4 , 1.9872 , 6.6224 , 5.9161 , 1.9779 , 6.4543 , 7.1134 , -0.3653 , 0.1203 , -0.1839 , 0.0093 , 0.1681 , -1.1973 , -0.8768 , -41.1592 , 15.5383 , 43.9946
1 , 1.4006 , 6.8354 , 5.3678 , 2.1405 , 7.0367 , 6.4864 , -0.1509 , 0.0922 , 0.0513 , -0.7399 , -0.2013 , -1.1186 , -0.8612 , -45.8522 , 18.2633 , 49.3556
1 , 0.7159 , 7.8410 , 5.2792 , 1.9608 , 7.1496 , 6.4194 , -0.2181 , 0.0122 , 0.0855 , -1.2450 , 0.6914 , -1.1401 , -0.8608 , -46.8076 , 16.9857 , 49.7943
9 , 1.9393 , 6.1842 , 8.3653 , 2.6218 , 6.3232 , 7.0223 , 0.6371 , -0.3525 , -0.2401 , -0.6825 , -0.1390 , 1.3430 , -0.8873 , -40.1500 , 20.4735 , 45.0687
7 , 1.1636 , 5.3606 , 8.3151 , 2.0859 , 5.9024 , 7.5486 , 0.1002 , -0.1588 , -0.0232 , -0.9223 , -0.5418 , 0.7665 , -0.8841 , -37.0043 , 15.4470 , 40.0989
4 , 1.7909 , 6.9049 , 5.5833 , 2.0760 , 6.6256 , 6.9255 , -0.5241 , 0.3555 , -0.3861 , -0.2852 , 0.2793 , -1.3422 , -0.8714 , -42.5025 , 16.6869 , 45.6609
3 , 3.6176 , 8.7269 , 7.2808 , 3.4304 , 7.6586 , 5.0742 , 0.3793 , -0.2498 , 0.0189 , 0.1872 , 1.0682 , 2.2065 , -0.8395 , -51.3489 , 34.0607 , 61.6185
1 , 1.1732 , 6.8474 , 7.1156 , 1.8107 , 6.9227 , 6.7058 , -0.2224 , -0.1814 , 0.2407 , -0.6375 , -0.0753 , 0.4097 , -0.8819 , -44.9038 , 15.1105 , 47.3780
3 , 1.9417 , 7.1036 , 4.5155 , 2.9146 , 7.2071 , 5.9777 , 0.7214 , 0.0244 , 0.2688 , -0.9729 , -0.1035 , -1.4622 , -0.8630 , -47.3006 , 25.9927 , 53.9719
8 , 1.7382 , 5.4875 , 7.6471 , 1.6575 , 5.7812 , 7.7460 , 0.2474 , -0.0880 , 0.0373 , 0.0807 , -0.2937 , -0.0990 , -0.8878 , -36.1228 , 12.0777 , 38.0884
8 , 1.3072 , 5.7030 , 8.0302 , 1.6356 , 5.6621 , 7.8381 , 0.0397 , -0.0794 , -0.0812 , -0.3284 , 0.0409 , 0.1921 , -0.8950 , -35.2660 , 11.7871 , 37.1837
10 , 1.1708 , 5.6264 , 7.7644 , 1.9076 , 5.7582 , 7.7055 , -0.0037 , 0.1063 , 0.0965 , -0.7368 , -0.1318 , 0.0589 , -0.8936 , -35.9566 , 13.9048 , 38.5515
8 , 0.6895 , 5.7485 , 8.5042 , 1.6136 , 5.7443 , 7.7827 , 0.1344 , -0.0611 , 0.1319 , -0.9240 , 0.0042 , 0.7215 , -0.8976 , -35.8562 , 11.7130 , 37.7209
6 , 4.0630 , 6.8761 , 8.8969 , 4.1079 , 6.6606 , 5.9103 , 0.5388 , 0.1839 , -0.3146 , -0.0450 , 0.2155 , 2.9866 , -0.8549 , -42.7809 , 34.8012 , 55.1482
1 , 1.5682 , 7.2305 , 7.5776 , 2.7325 , 6.4250 , 6.8864 , 0.1148 , 0.5461 , 0.0916 , -1.1643 , 0.8055 , 0.6912 , -0.8729 , -40.9326 , 21.6433 , 46.3024
5 , 1.6161 , 6.3710 , 7.6974 , 2.3365 , 6.2966 , 7.1459 , 0.1161 , 0.0220 , -0.1234 , -0.7204 , 0.0744 , 0.5515 , -0.8822 , -39.9467 , 18.1064 , 43.8587
2 , 3.3495 , 7.6878 , 5.9233 , 4.0671 , 7.0423 , 5.4803 , 0.5150 , 0.1472 , -0.1283 , -0.7176 , 0.6454 , 0.4429 , -0.8454 , -45.8995 , 36.5803 , 58.6931
5 , 2.7222 , 5.9927 , 8.4156 , 2.8593 , 6.4803 , 6.7824 , 0.2902 , -0.3415 , 0.3677 , -0.1371 , -0.4876 , 1.6332 , -0.8719 , -41.3614 , 22.8593 , 47.2579
10 , 1.6089 , 6.3542 , 8.4515 , 2.5042 , 5.9156 , 7.4098 , -0.0391 , -0.0202 , -0.0831 , -0.8953 , 0.4386 , 1.0417 , -0.8691 , -37.1012 , 18.6728 , 41.5352
7 , 0.7877 , 5.7628 , 6.4260 , 2.1845 , 6.1350 , 7.3321 , -0.3146 , -0.2560 , -0.1503 , -1.3968 , -0.3722 , -0.9061 , -0.8759 , -38.7260 , 16.5904 , 42.1300
4 , 2.5881 , 6.0717 , 6.8091 , 2.4271 , 5.8939 , 7.4526 , -0.2156 , 0.2279 , 0.0324 , 0.1610 , 0.1778 , -0.6435 , -0.8812 , -36.9423 , 18.0392 , 41.1114
1 , 1.1468 , 7.2018 , 5.0182 , 2.2435 , 6.8556 , 6.6436 , -0.0953 , 0.3134 , 0.4979 , -1.0967 , 0.3461 , -1.6254 , -0.8682 , -44.3530 , 18.6596 , 48.1183
4 , 1.3815 , 5.9424 , 7.3598 , 2.0781 , 6.2337 , 7.2796 , 0.0990 , -0.0165 , 0.1057 , -0.6966 , -0.2913 , 0.0801 , -0.8826 , -39.4688 , 15.9323 , 42.5631
7 , 2.3415 , 5.7341 , 7.0102 , 2.5019 , 5.6646 , 7.6042 , 0.0470 , 0.0745 , -0.0861 , -0.1603 , 0.0695 , -0.5939 , -0.8898 , -35.2840 , 18.2118 , 39.7068
10 , 1.9489 , 5.5976 , 7.7955 , 2.2379 , 5.7225 , 7.6430 , -0.0183 , 0.0147 , -0.1185 , -0.2890 , -0.1249 , 0.1526 , -0.8637 , -35.6995 , 16.3205 , 39.2532
6 , 2.8347 , 6.3375 , 6.5936 , 3.5165 , 6.7419 , 6.1928 , -0.0916 , -0.1142 , -0.3054 , -0.6818 , -0.4045 , 0.4008 , -0.8521 , -43.4313 , 29.5894 , 52.5530
10 , 1.0056 , 5.5857 , 9.3518 , 1.7906 , 5.7184 , 7.7630 , 0.1319 , -0.2370 , 0.1381 , -0.7851 , -0.1328 , 1.5888 , -0.8721 , -35.6702 , 12.9888 , 37.9615
7 , 1.5802 , 5.9951 , 6.4979 , 2.2906 , 6.2164 , 7.2305 , 0.1319 , 0.4111 , 0.1210 , -0.7104 , -0.2213 , -0.7326 , -0.8770 , -39.3383 , 17.5781 , 43.0870
4 , 1.3719 , 6.3638 , 8.0709 , 2.2092 , 6.4723 , 7.0284 , -0.5693 , -0.0990 , -0.2651 , -0.8373 , -0.1085 , 1.0424 , -0.8770 , -41.2994 , 17.4490 , 44.8342
4 , 0.5291 , 6.5122 , 6.2273 , 1.5523 , 6.4341 , 7.2362 , -0.1222 , 0.5082 , -0.1998 , -1.0232 , 0.0781 , -1.0089 , -0.8845 , -41.0031 , 12.1078 , 42.7534
8 , 0.2083 , 6.8690 , 6.6655 , 1.4250 , 6.2417 , 7.4284 , 0.1313 , 0.0544 , 0.2456 , -1.2167 , 0.6273 , -0.7629 , -0.8921 , -39.5294 , 10.8594 , 40.9939
4 , 1.2977 , 6.2920 , 7.3765 , 1.7396 , 6.3264 , 7.2884 , 0.1717 , 0.0012 , -0.0696 , -0.4419 , -0.0345 , 0.0881 , -0.8860 , -40.1744 , 13.4240 , 42.3578
4 , 0.8332 , 6.4667 , 4.5681 , 1.9323 , 6.6013 , 6.9899 , -0.4643 , 0.5260 , 0.0024 , -1.0991 , -0.1346 , -2.4218 , -0.8824 , -42.3103 , 15.4531 , 45.0440
7 , 0.0742 , 5.7293 , 7.2520 , 1.2051 , 6.0057 , 7.6583 , -0.1845 , -0.2040 , -0.0153 , -1.1309 , -0.2764 , -0.4063 , -0.8941 , -37.7639 , 8.9429 , 38.8083
6 , 1.4006 , 7.2784 , 10.2256 , 2.3153 , 6.4450 , 7.0194 , 0.6756 , 0.6823 , 0.3176 , -0.9147 , 0.8334 , 3.2062 , -0.8904 , -41.0871 , 18.2546 , 44.9598
10 , 2.5977 , 6.3207 , 6.0262 , 1.9924 , 5.8796 , 7.5915 , -0.4563 , 0.0635 , -0.1197 , 0.6053 , 0.4411 , -1.5653 , -0.8644 , -36.8377 , 14.7056 , 39.6645
6 , 5.3606 , 5.8347 , 8.0709 , 3.2874 , 5.9862 , 7.0377 , 0.1649 , -0.5632 , -0.6487 , 2.0732 , -0.1515 , 1.0331 , -0.8609 , -37.6198 , 25.0378 , 45.1900
1 , 1.1995 , 6.8187 , 5.6168 , 2.0030 , 7.1606 , 6.3941 , -0.4661 , 0.0049 , 0.0324 , -0.8035 , -0.3419 , -0.7773 , -0.8570 , -46.9011 , 17.3935 , 50.0225
10 , 1.2258 , 6.1603 , 7.2185 , 1.6289 , 5.4705 , 7.9744 , -0.3940 , 0.1051 , 0.0641 , -0.4031 , 0.6898 , -0.7559 , -0.8913 , -33.9062 , 11.5449 , 35.8178
9 , 2.3128 , 6.1770 , 7.5753 , 2.9343 , 6.0567 , 7.1328 , 0.4362 , -0.1735 , 0.3488 , -0.6215 , 0.1203 , 0.4425 , -0.8907 , -38.1421 , 22.3613 , 44.2137
3 , 1.4724 , 7.5681 , 6.9145 , 3.1821 , 7.2392 , 5.7998 , 0.4233 , 0.3097 , 0.2511 , -1.7097 , 0.3288 , 1.1146 , -0.8591 , -47.5780 , 28.7519 , 55.5908
10 , 1.1947 , 5.4324 , 8.9304 , 2.0661 , 5.1086 , 8.1119 , 0.0458 , -0.0403 , -0.0098 , -0.8714 , 0.3238 , 0.8184 , -0.8785 , -31.3949 , 14.2894 , 34.4938
7 , 1.2330 , 5.6144 , 8.6143 , 1.5961 , 5.3882 , 8.0368 , 0.0916 , -0.0312 , 0.0342 , -0.3630 , 0.2262 , 0.5775 , -0.8866 , -33.3286 , 11.2324 , 35.1705
2 , 2.1524 , 8.7197 , 6.2177 , 3.1698 , 7.2412 , 5.8040 , 0.4252 , -0.4649 , 0.0874 , -1.0175 , 1.4784 , 0.4137 , -0.8513 , -47.5954 , 28.6409 , 55.5484
5 , 1.9130 , 5.9999 , 7.9176 , 2.4861 , 5.7293 , 7.5608 , 0.2327 , 0.1881 , 0.1240 , -0.5732 , 0.2706 , 0.3569 , -0.8912 , -35.7480 , 18.2020 , 40.1152
8 , 1.9537 , 5.2864 , 9.0022 , 1.6675 , 5.2474 , 8.1151 , 0.1277 , -0.0996 , -0.1833 , 0.2862 , 0.0390 , 0.8871 , -0.9017 , -32.3500 , 11.6113 , 34.3707
5 , 2.1883 , 6.1818 , 6.4069 , 2.4565 , 5.9520 , 7.3966 , -0.1613 , -0.0593 , -0.0342 , -0.2682 , 0.2299 , -0.9898 , -0.8913 , -37.3679 , 18.3717 , 41.6399
4 , 2.2458 , 6.1866 , 6.7971 , 1.9457 , 6.0305 , 7.4845 , -0.0336 , 0.1558 , -0.2138 , 0.3001 , 0.1561 , -0.6873 , -0.8911 , -37.9479 , 14.5720 , 40.6495
8 , 1.7909 , 5.8251 , 7.5322 , 2.0263 , 5.6547 , 7.7517 , -0.1778 , 0.0507 , 0.1045 , -0.2354 , 0.1704 , -0.2196 , -0.8983 , -35.2129 , 14.6490 , 38.1384
9 , 1.7478 , 6.0406 , 8.7628 , 2.8589 , 5.7519 , 7.4103 , 0.2767 , -0.1741 , 0.1949 , -1.1111 , 0.2887 , 1.3524 , -0.9005 , -35.9111 , 21.0963 , 41.6492
7 , 1.3431 , 5.7796 , 6.7277 , 2.0566 , 5.6552 , 7.7433 , 0.0269 , -0.1319 , -0.0086 , -0.7135 , 0.1244 , -1.0156 , -0.8960 , -35.2168 , 14.8745 , 38.2292
9 , 3.2010 , 5.6192 , 8.2001 , 3.4745 , 5.7081 , 7.1774 , 0.3812 , 0.2694 , 0.1478 , -0.2735 , -0.0889 , 1.0227 , -0.8913 , -35.5958 , 25.8313 , 43.9809
8 , 1.9273 , 6.0286 , 8.1307 , 2.6905 , 5.7456 , 7.4780 , 0.0959 , 0.1503 , 0.0721 , -0.7631 , 0.2830 , 0.6527 , -0.8923 , -35.8655 , 19.7880 , 40.9621
3 , 3.4333 , 8.4635 , 6.4356 , 3.8380 , 7.5716 , 4.9103 , 0.5822 , -0.0965 , 0.2028 , -0.4047 , 0.8919 , 1.5254 , -0.8160 , -50.5422 , 38.0119 , 63.2410
9 , 3.6583 , 6.8426 , 5.9664 , 3.9255 , 6.8128 , 5.8606 , -0.1936 , 0.3152 , -0.0635 , -0.2672 , 0.0299 , 0.1057 , -0.8467 , -44.0041 , 33.8149 , 55.4960
1 , 2.0231 , 7.7500 , 6.0908 , 3.3316 , 6.8950 , 6.1261 , 0.5962 , 0.0098 , 0.2517 , -1.3085 , 0.8550 , -0.0353 , -0.8549 , -44.6761 , 28.5385 , 53.0132
5 , 1.8364 , 6.2728 , 7.5776 , 2.5574 , 6.1551 , 7.1934 , -0.0635 , -0.1411 , 0.0165 , -0.7210 , 0.1177 , 0.3843 , -0.8857 , -38.8767 , 19.5713 , 43.5251
1 , 2.4636 , 6.5577 , 6.1699 , 2.6457 , 6.0286 , 7.2682 , 0.1924 , 0.3745 , 0.1930 , -0.1821 , 0.5291 , -1.0983 , -0.8824 , -37.9333 , 20.0023 , 42.8839
3 , 4.2425 , 6.0023 , 7.1611 , 4.4720 , 6.3383 , 5.9998 , 0.7764 , 0.0489 , 0.0348 , -0.2294 , -0.3360 , 1.1612 , -0.8349 , -40.2651 , 36.6989 , 54.4802
2 , 3.7757 , 6.9504 , 5.8131 , 3.8265 , 6.7920 , 5.9495 , 0.4441 , -0.1222 , 0.3256 , -0.0509 , 0.1583 , -0.1364 , -0.8454 , -43.8358 , 32.7477 , 54.7174
3 , 4.0510 , 7.4340 , 9.3278 , 3.8265 , 6.6888 , 6.0654 , 0.7275 , -0.8338 , -0.0116 , 0.2245 , 0.7452 , 3.2624 , -0.8393 , -43.0054 , 32.2466 , 53.7523
4 , 0.6297 , 7.2137 , 8.0421 , 1.8551 , 6.5496 , 7.0592 , -0.1637 , -0.1649 , 0.1772 , -1.2254 , 0.6642 , 0.9829 , -0.8672 , -41.9029 , 14.7238 , 44.4145
5 , 0.8452 , 7.2233 , 7.0701 , 2.0311 , 6.8134 , 6.7545 , -0.5522 , 0.1203 , -0.1222 , -1.1859 , 0.4099 , 0.3156 , -0.8715 , -44.0089 , 16.7362 , 47.0838
5 , 1.1492 , 6.1387 , 6.0310 , 1.9061 , 6.6203 , 6.9792 , 0.0916 , 0.2920 , 0.1649 , -0.7569 , -0.4816 , -0.9482 , -0.8770 , -42.4605 , 15.2759 , 45.1248
6 , 2.5235 , 7.8027 , 5.1356 , 2.2050 , 7.3454 , 6.1117 , 0.0287 , -0.1649 , 0.0464 , 0.3185 , 0.4573 , -0.9762 , -0.8550 , -48.5057 , 19.8385 , 52.4058
2 , 1.0247 , 7.4340 , 8.3390 , 2.2914 , 6.9824 , 6.4935 , 0.8906 , -0.0165 , -0.0806 , -1.2667 , 0.4516 , 1.8455 , -0.8651 , -45.3985 , 19.4367 , 49.3843
9 , 1.8387 , 7.1730 , 8.7340 , 2.6316 , 6.4220 , 6.9284 , 0.3213 , 0.1454 , -0.1338 , -0.7929 , 0.7510 , 1.8056 , -0.8791 , -40.9090 , 20.7981 , 45.8923
4 , 2.0231 , 6.5553 , 6.9959 , 1.9327 , 6.3668 , 7.2041 , -0.2816 , -0.1087 , -0.1717 , 0.0904 , 0.1885 , -0.2082 , -0.8813 , -40.4840 , 15.0178 , 43.1798
2 , 1.1516 , 7.3191 , 5.1787 , 2.0657 , 7.2810 , 6.2362 , 0.0110 , -0.0189 , 0.2291 , -0.9141 , 0.0381 , -1.0575 , -0.8678 , -47.9411 , 18.3270 , 51.3247
10 , 1.7693 , 6.1746 , 6.3135 , 1.5657 , 6.3338 , 7.3214 , -0.0263 , -0.1906 , -0.1851 , 0.2036 , -0.1591 , -1.0079 , -0.8690 , -40.2305 , 12.0710 , 42.0024
8 , 1.3719 , 7.0653 , 6.6200 , 1.5238 , 6.5667 , 7.1223 , -0.0263 , -0.1973 , -0.1668 , -0.1519 , 0.4986 , -0.5023 , -0.8803 , -42.0375 , 12.0762 , 43.7377
8 , 1.5419 , 6.5888 , 7.2425 , 1.7229 , 6.5978 , 7.0477 , -0.1362 , -0.0959 , -0.1735 , -0.1811 , -0.0090 , 0.1947 , -0.8831 , -42.2827 , 13.7375 , 44.4584
10 , 0.9481 , 5.6886 , 8.9447 , 2.0959 , 5.7194 , 7.6854 , -0.1881 , -0.2126 , -0.2199 , -1.1478 , -0.0308 , 1.2593 , -0.8804 , -35.6774 , 15.2542 , 38.8016
10 , 1.8627 , 5.3941 , 8.2744 , 2.1234 , 5.7497 , 7.6553 , 0.1307 , -0.1484 , -0.1527 , -0.2607 , -0.3555 , 0.6191 , -0.8809 , -35.8951 , 15.5030 , 39.0998
10 , 0.3807 , 5.3486 , 9.2296 , 1.4464 , 5.4159 , 8.0465 , -0.0538 , -0.3433 , -0.1136 , -1.0657 , -0.0673 , 1.1831 , -0.8838 , -33.5229 , 10.1901 , 35.0374
4 , 0.4860 , 6.4476 , 6.6511 , 1.4868 , 6.3595 , 7.3155 , -0.2431 , -0.1845 , -0.1100 , -1.0008 , 0.0881 , -0.6644 , -0.8731 , -40.4277 , 11.4882 , 42.0283
7 , 0.5986 , 5.1978 , 7.8338 , 1.5933 , 5.6623 , 7.8467 , -0.1484 , -0.0122 , 0.1069 , -0.9947 , -0.4645 , -0.0128 , -0.8868 , -35.2675 , 11.4779 , 37.0883
4 , 1.3623 , 6.1028 , 7.0102 , 1.7190 , 6.1798 , 7.4179 , -0.0739 , 0.0849 , 0.0244 , -0.3567 , -0.0770 , -0.4076 , -0.8802 , -39.0626 , 13.0474 , 41.1840
1 , 1.0894 , 6.5649 , 3.9504 , 1.7072 , 7.0037 , 6.6486 , -0.0739 , 0.0189 , 0.1594 , -0.6178 , -0.4388 , -2.6982 , -0.8660 , -45.5761 , 14.4009 , 47.7972
2 , 1.4653 , 8.1714 , 5.2241 , 2.1257 , 7.5380 , 5.9017 , -0.0922 , 0.1228 , 0.1417 , -0.6604 , 0.6334 , -0.6776 , -0.8610 , -50.2339 , 19.8081 , 53.9982
5 , 0.7925 , 7.3143 , 7.8099 , 1.8842 , 6.6223 , 6.9832 , 0.0483 , 0.0446 , 0.0104 , -1.0917 , 0.6920 , 0.8267 , -0.8861 , -42.4766 , 15.1001 , 45.0807
7 , 0.8475 , 5.7389 , 7.9703 , 1.0664 , 5.8667 , 7.7856 , -0.0880 , -0.1515 , -0.0568 , -0.2189 , -0.1278 , 0.1847 , -0.8939 , -36.7434 , 7.7995 , 37.5621
2 , 1.7166 , 8.0948 , 7.6327 , 2.1954 , 7.0990 , 6.3996 , 0.5003 , 0.3079 , 0.0250 , -0.4787 , 0.9958 , 1.2331 , -0.8669 , -46.3771 , 18.9344 , 50.0934
6 , 1.3024 , 6.7924 , 6.6463 , 2.6905 , 7.2019 , 6.0880 , 0.1833 , 0.3488 , 0.1765 , -1.3881 , -0.4095 , 0.5583 , -0.8671 , -47.2555 , 23.8423 , 52.9296
7 , 1.6041 , 6.0861 , 8.3222 , 1.7270 , 6.0796 , 7.4984 , -0.0452 , -0.2187 , -0.0721 , -0.1229 , 0.0065 , 0.8238 , -0.8875 , -38.3122 , 12.9702 , 40.4481
7 , 0.9218 , 6.0334 , 7.0605 , 1.7674 , 6.0743 , 7.4933 , -0.1521 , -0.2443 , 0.0916 , -0.8456 , -0.0409 , -0.4328 , -0.8865 , -38.2724 , 13.2715 , 40.5082
1 , 1.4485 , 8.5162 , 7.0174 , 1.9221 , 7.1485 , 6.4323 , 0.0941 , 0.7611 , 0.3201 , -0.4736 , 1.3677 , 0.5851 , -0.8697 , -46.7980 , 16.6368 , 49.6672
5 , 0.4597 , 6.3638 , 6.7086 , 1.8035 , 6.6046 , 7.0212 , 0.2358 , 0.0104 , 0.1790 , -1.3438 , -0.2408 , -0.3126 , -0.8817 , -42.3365 , 14.4057 , 44.7203
2 , 1.3862 , 7.1228 , 6.4069 , 1.7832 , 7.0838 , 6.5429 , -0.1918 , 0.2456 , 0.2169 , -0.3969 , 0.0389 , -0.1360 , -0.8710 , -46.2489 , 15.2448 , 48.6967
10 , 0.4549 , 5.2840 , 8.6694 , 0.9793 , 5.0653 , 8.3399 , 0.1723 , -0.2865 , -0.1032 , -0.5244 , 0.2187 , 0.3295 , -0.8772 , -31.0987 , 6.6973 , 31.8117
9 , 1.1013 , 7.4124 , 7.1587 , 2.0692 , 6.8601 , 6.6953 , 0.0293 , 0.0751 , 0.0525 , -0.9679 , 0.5523 , 0.4634 , -0.8781 , -44.3902 , 17.1738 , 47.5965
9 , 3.2034 , 6.0430 , 7.6423 , 2.6712 , 6.3609 , 6.9695 , 0.0696 , 0.0116 , 0.1820 , 0.5322 , -0.3179 , 0.6728 , -0.8819 , -40.4385 , 20.9705 , 45.5526
8 , 2.1548 , 6.1339 , 7.8793 , 2.0125 , 6.0488 , 7.4520 , 0.2022 , -0.3396 , 0.0941 , 0.1423 , 0.0852 , 0.4273 , -0.8888 , -38.0832 , 15.1125 , 40.9721
3 , 3.5410 , 7.4555 , 6.5242 , 3.7116 , 7.4217 , 5.2262 , 0.6811 , -0.1381 , 0.1491 , -0.1705 , 0.0338 , 1.2980 , -0.8430 , -49.1832 , 35.3817 , 60.5875
3 , 3.4500 , 7.6686 , 6.5266 , 3.2406 , 7.1826 , 5.8377 , 0.5547 , -0.3219 , -0.0086 , 0.2094 , 0.4860 , 0.6889 , -0.8470 , -47.0898 , 29.0356 , 55.3219
2 , 1.2689 , 7.3957 , 5.0518 , 2.0552 , 6.9402 , 6.6167 , 0.2388 , 0.1814 , 0.3476 , -0.7863 , 0.4555 , -1.5649 , -0.8645 , -45.0483 , 17.2556 , 48.2400
5 , 1.4557 , 6.3662 , 6.2249 , 1.4895 , 6.2993 , 7.3668 , 0.1741 , 0.1845 , 0.1100 , -0.0338 , 0.0669 , -1.1419 , -0.8808 , -39.9674 , 11.4302 , 41.5698
8 , 0.3424 , 5.6048 , 8.9687 , 1.4695 , 5.9971 , 7.6188 , 0.4172 , 0.3207 , 0.1521 , -1.1272 , -0.3923 , 1.3499 , -0.8823 , -37.7006 , 10.9173 , 39.2495
3 , 4.9225 , 7.6136 , 4.8219 , 4.1858 , 7.7527 , 4.3064 , 0.3848 , 0.2627 , -0.2676 , 0.7367 , -0.1391 , 0.5155 , -0.7998 , -52.2373 , 28.3654 , 59.4419
5 , 0.8643 , 6.6631 , 6.7014 , 2.3769 , 6.6888 , 6.7662 , 0.1631 , -0.2761 , -0.2847 , -1.5126 , -0.0257 , -0.0648 , -0.8639 , -43.0051 , 19.3559 , 47.1602
1 , 1.5419 , 6.8833 , 4.9919 , 1.3713 , 7.0222 , 6.7066 , -0.5235 , 0.5400 , -0.0654 , 0.1706 , -0.1389 , -1.7147 , -0.8770 , -45.7308 , 11.5557 , 47.1682
5 , 1.1779 , 6.6487 , 7.7213 , 1.4187 , 6.1258 , 7.5254 , 0.0140 , -0.0446 , -0.2944 , -0.2408 , 0.5229 , 0.1959 , -0.8941 , -38.6572 , 10.6764 , 40.1045
9 , 4.8411 , 6.5266 , 9.2201 , 2.4943 , 5.8260 , 7.4838 , 0.3201 , -0.1552 , -0.5748 , 2.3468 , 0.7006 , 1.7363 , -0.8861 , -36.4477 , 18.4326 , 40.8436
2 , 1.3886 , 6.4667 , 6.6128 , 1.7504 , 6.5629 , 7.0735 , -0.2743 , -0.0764 , 0.3354 , -0.3618 , -0.0962 , -0.4607 , -0.8742 , -42.0076 , 13.8994 , 44.2474
8 , 1.2210 , 5.1691 , 8.3821 , 1.5825 , 5.1456 , 8.1969 , 0.1723 , -0.2260 , 0.0611 , -0.3615 , 0.0234 , 0.1852 , -0.9014 , -31.6487 , 10.9275 , 33.4820
9 , 2.3535 , 5.9233 , 8.1834 , 3.0629 , 5.6718 , 7.3905 , 0.2847 , -0.0232 , 0.2352 , -0.7094 , 0.2515 , 0.7928 , -0.8816 , -35.3353 , 22.5107 , 41.8964
4 , 1.6831 , 6.0454 , 5.7724 , 2.8342 , 6.2853 , 6.9738 , 0.2889 , 0.0031 , -0.1222 , -1.1510 , -0.2399 , -1.2013 , -0.8741 , -39.8604 , 22.1170 , 45.5853
3 , 3.6416 , 7.1323 , 7.1060 , 4.2251 , 7.0606 , 5.3355 , 0.4410 , -0.2896 , -0.0599 , -0.5835 , 0.0718 , 1.7705 , -0.8031 , -46.0526 , 38.3754 , 59.9459
9 , 3.5027 , 6.1603 , 9.5457 , 3.5525 , 6.0690 , 6.8351 , 0.5938 , -0.2297 , 0.1093 , -0.0497 , 0.0913 , 2.7106 , -0.8474 , -38.2330 , 27.4628 , 47.0741
7 , 2.3032 , 5.8778 , 5.8227 , 2.5814 , 6.3160 , 7.0438 , -0.3183 , -0.0116 , -0.0935 , -0.2782 , -0.4383 , -1.2211 , -0.8505 , -40.0948 , 20.1270 , 44.8630
4 , 2.7366 , 6.7804 , 5.7461 , 2.6954 , 6.4141 , 6.9112 , -0.4148 , 0.1607 , -0.2065 , 0.0412 , 0.3663 , -1.1651 , -0.8593 , -40.8480 , 21.3057 , 46.0706
6 , 3.3974 , 6.7636 , 8.4443 , 3.8657 , 6.5846 , 6.1538 , 0.4172 , -0.4093 , 0.0385 , -0.4684 , 0.1790 , 2.2906 , -0.8533 , -42.1788 , 32.1366 , 53.0265
5 , 2.1524 , 6.7516 , 6.9719 , 2.9169 , 6.4997 , 6.7391 , 0.3225 , -0.3482 , -0.0061 , -0.7645 , 0.2520 , 0.2328 , -0.8600 , -41.5125 , 23.4046 , 47.6557
3 , 4.4005 , 6.3015 , 4.2042 , 3.9422 , 7.0592 , 5.5495 , 0.8198 , 0.0593 , 0.5278 , 0.4584 , -0.7577 , -1.3453 , -0.8305 , -46.0415 , 35.3888 , 58.0705
6 , 1.9393 , 6.5841 , 8.3558 , 3.0198 , 6.2643 , 6.9144 , 0.5449 , 0.2731 , -0.0782 , -1.0805 , 0.3197 , 1.4413 , -0.8618 , -39.7012 , 23.5928 , 46.1823
9 , 2.7485 , 5.5665 , 8.2815 , 2.5749 , 5.4328 , 7.7476 , 0.0867 , 0.0452 , -0.2669 , 0.1736 , 0.1338 , 0.5339 , -0.8774 , -33.6410 , 18.3843 , 38.3367
7 , 0.2945 , 5.9783 , 8.2887 , 0.5036 , 5.9344 , 7.7910 , -0.0910 , -0.1710 , -0.1784 , -0.2091 , 0.0439 , 0.4977 , -0.8753 , -37.2392 , 3.6983 , 37.4223
10 , 0.7877 , 5.5210 , 7.9966 , 1.3942 , 5.4607 , 8.0254 , -0.0122 , 0.0996 , 0.1533 , -0.6065 , 0.0603 , -0.0288 , -0.8759 , -33.8374 , 9.8553 , 35.2434
8 , 0.9194 , 5.7892 , 9.2871 , 1.7160 , 5.5927 , 7.8707 , -0.1570 , -0.0721 , -0.2327 , -0.7966 , 0.1965 , 1.4164 , -0.8824 , -34.7709 , 12.2993 , 36.8820
6 , 3.5027 , 6.3303 , 8.6622 , 3.6709 , 6.2797 , 6.5773 , 0.0892 , 0.7098 , 0.1539 , -0.1682 , 0.0506 , 2.0849 , -0.8623 , -39.8180 , 29.1665 , 49.3574
6 , 4.0821 , 4.9153 , 6.9025 , 3.3753 , 5.3385 , 7.5019 , -0.3152 , 0.3519 , 0.4588 , 0.7068 , -0.4232 , -0.5994 , -0.8714 , -32.9818 , 24.2241 , 40.9220
3 , 3.8523 , 5.8802 , 7.2353 , 4.2932 , 6.3399 , 6.1274 , 1.3573 , 0.0483 , 0.1368 , -0.4409 , -0.4597 , 1.1078 , -0.8148 , -40.2771 , 35.0169 , 53.3706
8 , 2.1308 , 6.1603 , 8.7628 , 2.8550 , 5.7799 , 7.3900 , -0.5064 , -0.2853 , -0.2034 , -0.7242 , 0.3804 , 1.3727 , -0.8408 , -36.1131 , 21.1231 , 41.8371
10 , 2.2218 , 6.0932 , 7.9511 , 2.2431 , 5.6695 , 7.6808 , -0.2883 , -0.1319 , -0.1570 , -0.0213 , 0.4237 , 0.2703 , -0.8455 , -35.3193 , 16.2798 , 38.8907
5 , 1.4317 , 6.2465 , 6.4021 , 2.3482 , 6.4675 , 6.9877 , -0.1326 , -0.1497 , 0.1710 , -0.9164 , -0.2210 , -0.5856 , -0.8538 , -41.2617 , 18.5746 , 45.2498
3 , 5.2002 , 6.8498 , 5.3534 , 5.2314 , 7.0091 , 4.4357 , 0.3751 , 0.6090 , -0.0556 , -0.0312 , -0.1593 , 0.9177 , -0.7818 , -45.6211 , 49.7051 , 67.4676
3 , 6.1818 , 7.2520 , 5.5665 , 5.1500 , 7.0413 , 4.4799 , 0.4319 , -0.4563 , -0.2572 , 1.0319 , 0.2108 , 1.0867 , -0.7674 , -45.8903 , 48.9806 , 67.1194
4 , 2.0542 , 6.6750 , 7.2161 , 2.7368 , 6.3319 , 6.9705 , -0.2138 , -0.1497 , -0.0623 , -0.6826 , 0.3431 , 0.2457 , -0.8373 , -40.2162 , 21.4363 , 45.5725
9 , 4.0893 , 7.0820 , 6.4811 , 3.2230 , 6.7925 , 6.2964 , -0.0654 , 0.0067 , -0.2792 , 0.8663 , 0.2895 , 0.1847 , -0.8553 , -43.8399 , 27.1072 , 51.5435
2 , 1.9369 , 6.8163 , 6.3901 , 3.3573 , 6.9538 , 6.0451 , 0.6817 , -0.3060 , 0.1808 , -1.4204 , -0.1375 , 0.3450 , -0.8477 , -45.1611 , 29.0471 , 53.6960
4 , 1.8866 , 6.5505 , 6.0693 , 1.9719 , 6.2534 , 7.2922 , -0.2535 , 0.2786 , -0.0611 , -0.0853 , 0.2971 , -1.2229 , -0.8667 , -39.6186 , 15.1315 , 42.4099
7 , 2.4541 , 5.9496 , 6.9671 , 3.0293 , 6.0829 , 7.0705 , 0.0244 , -0.0092 , 0.0574 , -0.5752 , -0.1333 , -0.1034 , -0.8709 , -38.3367 , 23.1919 , 44.8059
3 , 2.8156 , 7.4268 , 3.8427 , 4.1878 , 7.5132 , 4.7101 , 0.4838 , -0.1533 , 0.2755 , -1.3722 , -0.0863 , -0.8674 , -0.8203 , -50.0075 , 41.6403 , 65.0744
8 , 1.9513 , 6.3159 , 7.0868 , 2.4342 , 6.0198 , 7.3489 , -0.3274 , -0.1295 , -0.0684 , -0.4829 , 0.2961 , -0.2621 , -0.8707 , -37.8686 , 18.3266 , 42.0701
3 , 3.8906 , 7.3143 , 6.1986 , 4.3163 , 7.1798 , 5.0980 , 1.2834 , -0.4270 , 0.0696 , -0.4257 , 0.1345 , 1.1005 , -0.8205 , -47.0660 , 40.2531 , 61.9316
9 , 2.5522 , 6.3087 , 8.7293 , 3.1709 , 6.2745 , 6.8371 , 0.3293 , -0.2914 , 0.0373 , -0.6187 , 0.0342 , 1.8921 , -0.8633 , -39.7784 , 24.8809 , 46.9189
9 , 2.1907 , 5.9304 , 8.3462 , 3.0834 , 5.8818 , 7.2158 , 0.2059 , -0.0293 , 0.2572 , -0.8927 , 0.0487 , 1.1304 , -0.8788 , -36.8538 , 23.1373 , 43.5148
1 , 1.8651 , 6.9671 , 5.5091 , 2.7853 , 6.6824 , 6.6150 , 0.0513 , 0.1613 , 0.1326 , -0.9202 , 0.2847 , -1.1060 , -0.8626 , -42.9542 , 22.8337 , 48.6461
1 , 1.6161 , 7.0366 , 8.4013 , 2.8882 , 6.2540 , 6.9797 , 0.3470 , -0.1735 , 0.1057 , -1.2721 , 0.7825 , 1.4216 , -0.8765 , -39.6230 , 22.4796 , 45.5556
8 , 1.9082 , 5.8179 , 7.9152 , 2.5198 , 5.7102 , 7.5640 , -0.0849 , -0.0275 , 0.0043 , -0.6116 , 0.1077 , 0.3512 , -0.8884 , -35.6112 , 18.4241 , 40.0949
8 , 0.9984 , 5.5665 , 9.9192 , 2.2030 , 5.3545 , 7.9149 , -0.0800 , -0.0825 , 0.0709 , -1.2047 , 0.2120 , 2.0043 , -0.8957 , -33.0937 , 15.5541 , 36.5666
5 , 2.1763 , 6.1675 , 7.0294 , 2.6437 , 5.7410 , 7.4982 , -0.0250 , 0.0867 , 0.1032 , -0.4674 , 0.4265 , -0.4688 , -0.8890 , -35.8323 , 19.4219 , 40.7573
10 , 1.5203 , 5.2481 , 9.1482 , 2.6215 , 4.9881 , 8.0260 , 0.0861 , -0.0922 , 0.0593 , -1.1012 , 0.2600 , 1.1222 , -0.8883 , -30.5736 , 18.0882 , 35.5236
7 , 1.1420 , 5.8514 , 6.6990 , 1.8575 , 5.8258 , 7.6668 , -0.1619 , -0.2199 , 0.0348 , -0.7155 , 0.0256 , -0.9678 , -0.8861 , -36.4464 , 13.6194 , 38.9079
8 , 1.8507 , 6.0358 , 8.0230 , 2.3046 , 5.7537 , 7.5996 , -0.1118 , 0.1545 , 0.0843 , -0.4539 , 0.2821 , 0.4234 , -0.8865 , -35.9244 , 16.8701 , 39.6883
6 , 1.8603 , 6.7325 , 8.7388 , 2.3585 , 6.6345 , 6.8258 , 1.0403 , -0.5644 , 0.2169 , -0.4982 , 0.0980 , 1.9131 , -0.8767 , -42.5734 , 19.0613 , 46.6457
6 , 4.8626 , 6.4835 , 7.8841 , 3.7797 , 6.1883 , 6.6022 , 0.2254 , 0.3910 , -0.3225 , 1.0829 , 0.2952 , 1.2819 , -0.8644 , -39.1263 , 29.7910 , 49.1770
4 , 1.8364 , 6.6008 , 6.1292 , 2.0613 , 6.4583 , 7.0861 , -0.4557 , 0.0599 , -0.3561 , -0.2249 , 0.1425 , -0.9569 , -0.8709 , -41.1902 , 16.2193 , 44.2685
7 , 0.4190 , 5.6862 , 6.7564 , 1.7394 , 6.0256 , 7.5391 , -0.4154 , 0.0593 , 0.0428 , -1.3204 , -0.3393 , -0.7826 , -0.8868 , -37.9111 , 12.9920 , 40.0754
1 , 0.9194 , 6.7756 , 7.4603 , 1.8731 , 6.4235 , 7.1694 , -0.0538 , 0.1826 , 0.1173 , -0.9537 , 0.3520 , 0.2910 , -0.8835 , -40.9211 , 14.6418 , 43.4617
1 , 1.3599 , 7.0126 , 7.0605 , 2.0039 , 6.6571 , 6.9165 , 0.0538 , 0.1955 , 0.0513 , -0.6440 , 0.3556 , 0.1440 , -0.8799 , -42.7524 , 16.1575 , 45.7037
2 , 3.1388 , 7.6902 , 7.9799 , 2.9008 , 6.6459 , 6.6021 , 0.4007 , -0.1271 , 0.2169 , 0.2380 , 1.0442 , 1.3778 , -0.8734 , -42.6640 , 23.7196 , 48.8143
8 , 2.0470 , 6.1770 , 7.8745 , 2.3779 , 5.8824 , 7.4775 , 0.0397 , -0.2175 , 0.0495 , -0.3308 , 0.2947 , 0.3970 , -0.8764 , -36.8581 , 17.6409 , 40.8622
9 , 1.5706 , 5.8035 , 7.6088 , 3.0884 , 5.9099 , 7.1906 , 0.0837 , 0.4948 , 0.4355 , -1.5178 , -0.1064 , 0.4181 , -0.8734 , -37.0595 , 23.2436 , 43.7455
4 , 1.2282 , 6.2345 , 7.0246 , 1.9988 , 5.9678 , 7.5206 , -0.1283 , 0.4783 , 0.0293 , -0.7706 , 0.2667 , -0.4960 , -0.8824 , -37.4847 , 14.8839 , 40.3316
6 , 2.7414 , 7.8482 , 6.0358 , 3.5473 , 6.9562 , 5.9329 , 0.0965 , -0.0684 , 0.1753 , -0.8059 , 0.8920 , 0.1029 , -0.8475 , -45.1807 , 30.8753 , 54.7227
8 , 1.5802 , 5.9664 , 7.3861 , 2.3763 , 5.9279 , 7.4420 , 0.1405 , -0.0055 , 0.1686 , -0.7961 , 0.0384 , -0.0559 , -0.8736 , -37.1913 , 17.7089 , 41.1922
5 , 1.8962 , 6.0071 , 7.1395 , 2.1303 , 5.9705 , 7.4823 , 0.0324 , 0.2340 , 0.1246 , -0.2341 , 0.0366 , -0.3428 , -0.8759 , -37.5042 , 15.8925 , 40.7325
9 , 3.3088 , 6.6200 , 7.7309 , 3.3319 , 6.3052 , 6.7315 , -0.0483 , 0.1985 , 0.0049 , -0.0231 , 0.3147 , 0.9994 , -0.8690 , -40.0126 , 26.3339 , 47.9007
1 , 2.4038 , 6.5888 , 6.6607 , 2.7388 , 6.3565 , 6.9473 , -0.1173 , 0.5070 , 0.1014 , -0.3351 , 0.2324 , -0.2866 , -0.8632 , -40.4044 , 21.5160 , 45.7761
10 , 2.2889 , 5.4085 , 8.6000 , 2.2041 , 5.3108 , 7.9440 , -0.1130 , -0.0428 , 0.0599 , 0.0847 , 0.0977 , 0.6559 , -0.8701 , -32.7892 , 15.5070 , 36.2711
7 , 0.8188 , 4.9033 , 7.5250 , 1.9888 , 5.3048 , 8.0047 , 0.0330 , 0.0788 , 0.1808 , -1.1700 , -0.4014 , -0.4797 , -0.8760 , -32.7474 , 13.9528 , 35.5959
7 , 1.4988 , 4.8530 , 8.6933 , 1.9565 , 5.2307 , 8.0611 , 0.0806 , 0.0788 , 0.0794 , -0.4578 , -0.3777 , 0.6322 , -0.8779 , -32.2344 , 13.6425 , 35.0025
3 , 3.1771 , 8.0517 , 5.6216 , 3.9561 , 7.3650 , 5.1260 , 0.1362 , 0.1839 , 0.4997 , -0.7790 , 0.6867 , 0.4955 , -0.8345 , -48.6789 , 37.6598 , 61.5459
2 , 1.9465 , 8.0134 , 4.9225 , 3.0693 , 7.3937 , 5.6641 , -0.3580 , -0.4447 , -0.0354 , -1.1228 , 0.6197 , -0.7417 , -0.8125 , -48.9336 , 28.4527 , 56.6044
9 , 2.0111 , 6.6200 , 6.5529 , 2.6997 , 6.6853 , 6.6475 , 0.1185 , 0.0464 , 0.2126 , -0.6886 , -0.0653 , -0.0946 , -0.8671 , -42.9772 , 22.1031 , 48.3279
6 , 3.6392 , 5.6120 , 9.5193 , 3.4969 , 5.9269 , 6.9867 , 1.0922 , -0.4551 , 0.0049 , 0.1423 , -0.3149 , 2.5327 , -0.8732 , -37.1840 , 26.5887 , 45.7122
2 , 2.6839 , 7.5465 , 6.0789 , 3.2150 , 6.8792 , 6.2058 , 0.7782 , 0.4178 , 0.3965 , -0.5311 , 0.6674 , -0.1269 , -0.8637 , -44.5457 , 27.3873 , 52.2913
8 , 1.9704 , 6.3566 , 7.1611 , 2.4118 , 6.2081 , 7.1981 , -0.1399 , 0.4472 , 0.0764 , -0.4414 , 0.1485 , -0.0370 , -0.8788 , -39.2759 , 18.5239 , 43.4250
7 , 0.5291 , 6.0406 , 6.0382 , 1.8550 , 6.0206 , 7.5154 , -0.1857 , 0.1753 , 0.1710 , -1.3259 , 0.0200 , -1.4773 , -0.8812 , -37.8741 , 13.8650 , 40.3322
1 , 1.3862 , 8.0493 , 7.4531 , 2.4569 , 6.9128 , 6.5075 , 0.2083 , 0.0874 , -0.2107 , -1.0706 , 1.1365 , 0.9457 , -0.8670 , -44.8222 , 20.6838 , 49.3645
5 , 2.1476 , 6.6631 , 7.5729 , 2.2518 , 6.2983 , 7.1716 , 0.3934 , -0.1472 , -0.0464 , -0.1042 , 0.3648 , 0.4013 , -0.8847 , -39.9593 , 17.4313 , 43.5958
4 , 0.9936 , 6.4835 , 7.8673 , 1.6859 , 6.1540 , 7.4469 , 0.1442 , -0.0819 , 0.0073 , -0.6923 , 0.3295 , 0.4204 , -0.8864 , -38.8683 , 12.7560 , 40.9080
6 , 1.8124 , 6.2800 , 10.9415 , 2.3316 , 5.9370 , 7.4489 , 0.5534 , -0.2388 , 0.2682 , -0.5192 , 0.3430 , 3.4926 , -0.8976 , -37.2580 , 17.3811 , 41.1128
9 , 2.6169 , 6.2321 , 7.0844 , 2.8785 , 5.9368 , 7.2553 , 0.2175 , 0.1069 , 0.0757 , -0.2616 , 0.2953 , -0.1709 , -0.8830 , -37.2564 , 21.6401 , 43.0852
10 , 1.5490 , 5.3343 , 8.8825 , 2.6507 , 4.9155 , 8.0611 , -0.1338 , 0.1442 , 0.1808 , -1.1017 , 0.4188 , 0.8213 , -0.8733 , -30.0821 , 18.2022 , 35.1604
6 , 2.4900 , 6.3494 , 7.1347 , 3.1207 , 6.0953 , 7.0199 , -0.1368 , 0.3635 , -0.0464 , -0.6307 , 0.2541 , 0.1148 , -0.8827 , -38.4291 , 23.9674 , 45.2905
8 , 3.4429 , 5.3989 , 7.6519 , 2.7573 , 5.3826 , 7.7198 , -0.0055 , -0.1973 , 0.0324 , 0.6855 , 0.0163 , -0.0679 , -0.8759 , -33.2900 , 19.6556 , 38.6596
8 , 2.2936 , 5.7054 , 8.0421 , 2.6330 , 5.4966 , 7.6828 , 0.0092 , -0.0812 , 0.1093 , -0.3393 , 0.2088 , 0.3594 , -0.8821 , -34.0904 , 18.9171 , 38.9873
8 , 2.1763 , 5.3534 , 8.0948 , 2.4925 , 5.3019 , 7.8643 , 0.0275 , -0.0232 , 0.1900 , -0.3162 , 0.0515 , 0.2305 , -0.8896 , -32.7275 , 17.5856 , 37.1530
10 , 2.3679 , 4.9416 , 7.1635 , 2.6727 , 5.1307 , 7.9185 , -0.2731 , -0.0012 , 0.0134 , -0.3048 , -0.1891 , -0.7551 , -0.8744 , -31.5462 , 18.6508 , 36.6472
1 , 0.8188 , 6.5027 , 6.1746 , 2.6150 , 6.4237 , 6.9331 , 0.1405 , 0.1185 , 0.2737 , -1.7962 , 0.0789 , -0.7584 , -0.8725 , -40.9227 , 20.6652 , 45.8445
8 , 1.9106 , 5.7820 , 8.4635 , 2.0777 , 5.2873 , 7.9936 , 0.0391 , -0.2126 , -0.0244 , -0.1671 , 0.4947 , 0.4699 , -0.8936 , -32.6263 , 14.5698 , 35.7317
4 , 1.1420 , 5.5474 , 8.1020 , 1.6240 , 5.4459 , 7.9922 , -0.4783 , 0.7862 , -0.0232 , -0.4820 , 0.1015 , 0.1098 , -0.9009 , -33.7333 , 11.4862 , 35.6353
1 , 1.3192 , 6.6176 , 3.8595 , 1.9394 , 6.6388 , 6.9524 , -0.6946 , 0.0965 , 0.0489 , -0.6202 , -0.0212 , -3.0929 , -0.8712 , -42.6073 , 15.5870 , 45.3689
5 , 1.4293 , 5.9544 , 9.3422 , 1.6767 , 5.7561 , 7.7605 , 0.5779 , -0.2615 , 0.0061 , -0.2474 , 0.1982 , 1.5816 , -0.8980 , -35.9418 , 12.1917 , 37.9533
10 , 1.2833 , 5.7509 , 8.6574 , 2.1102 , 5.3742 , 7.9269 , 0.0574 , -0.2053 , -0.1350 , -0.8269 , 0.3766 , 0.7306 , -0.8840 , -33.2313 , 14.9069 , 36.4216
10 , 0.9050 , 5.3008 , 8.8777 , 1.6940 , 5.2832 , 8.0863 , -0.2468 , 0.2205 , 0.1173 , -0.7890 , 0.0176 , 0.7914 , -0.8896 , -32.5975 , 11.8318 , 34.6783
2 , 2.0494 , 8.1403 , 5.9855 , 2.1447 , 7.1639 , 6.3442 , 0.0690 , -0.4013 , 0.1216 , -0.0952 , 0.9764 , -0.3587 , -0.8508 , -46.9297 , 18.6777 , 50.5099
1 , 0.8763 , 7.0030 , 6.4859 , 2.1875 , 6.8307 , 6.6878 , -0.2590 , 0.1643 , 0.0128 , -1.3112 , 0.1723 , -0.2019 , -0.8654 , -44.1500 , 18.1124 , 47.7209
6 , 4.1204 , 6.8881 , 6.8785 , 3.8263 , 6.5554 , 6.2094 , 0.2963 , -0.2034 , -0.0348 , 0.2941 , 0.3328 , 0.6691 , -0.8579 , -41.9484 , 31.6416 , 52.5439
7 , 1.3647 , 5.7126 , 7.7069 , 2.0820 , 5.5138 , 7.8380 , -0.0483 , -0.1026 , -0.0177 , -0.7173 , 0.1988 , -0.1311 , -0.8825 , -34.2114 , 14.8760 , 37.3057
2 , 3.8858 , 5.6910 , 7.5657 , 3.1198 , 5.1982 , 7.7082 , -0.2547 , 0.3903 , 0.1167 , 0.7660 , 0.4929 , -0.1425 , -0.8845 , -32.0098 , 22.0352 , 38.8610
7 , 1.2977 , 5.1739 , 9.0166 , 2.0742 , 4.9467 , 8.2096 , 0.0562 , -0.1894 , -0.0049 , -0.7766 , 0.2271 , 0.8070 , -0.8829 , -30.2933 , 14.1796 , 33.4477
9 , 1.8172 , 6.2824 , 8.2313 , 3.2106 , 5.6382 , 7.3534 , 0.0874 , 0.6384 , 0.4068 , -1.3934 , 0.6441 , 0.8779 , -0.8899 , -35.0955 , 23.5868 , 42.2851
7 , 2.0710 , 4.7573 , 7.4508 , 2.3944 , 4.6365 , 8.3030 , -0.1478 , -0.0104 , -0.1429 , -0.3234 , 0.1208 , -0.8523 , -0.8817 , -28.2158 , 16.0861 , 32.4791
2 , 3.1005 , 5.7604 , 7.8721 , 3.2965 , 5.4122 , 7.4841 , -0.3060 , 0.1289 , -0.1387 , -0.1960 , 0.3483 , 0.3880 , -0.8690 , -33.4965 , 23.7717 , 41.0744
5 , 1.9800 , 6.0573 , 8.8011 , 2.5618 , 5.2567 , 7.8724 , -0.2016 , -0.2645 , 0.0464 , -0.5818 , 0.8006 , 0.9287 , -0.8701 , -32.4143 , 18.0256 , 37.0892
4 , 2.3727 , 6.1531 , 8.2911 , 2.9028 , 5.6704 , 7.4559 , -0.0275 , -0.2767 , -0.2517 , -0.5302 , 0.4827 , 0.8352 , -0.8671 , -35.3255 , 21.2726 , 41.2361
5 , 1.2570 , 5.9400 , 7.5441 , 2.7900 , 5.6299 , 7.5293 , -0.0342 , -0.4294 , 0.0263 , -1.5330 , 0.3101 , 0.0148 , -0.8722 , -35.0357 , 20.3322 , 40.5080
1 , 1.8483 , 6.6080 , 6.5649 , 2.3403 , 6.5928 , 6.8723 , 0.0153 , 0.0470 , 0.0299 , -0.4919 , 0.0152 , -0.3074 , -0.8730 , -42.2433 , 18.8055 , 46.2401
1 , 2.0806 , 7.2616 , 5.8466 , 2.4060 , 7.1665 , 6.2468 , 0.1063 , -0.2492 , 0.0147 , -0.3254 , 0.0951 , -0.4002 , -0.8645 , -46.9519 , 21.0642 , 51.4605
3 , 4.4365 , 6.8402 , 6.4548 , 4.5403 , 6.8333 , 5.3724 , 0.3067 , -0.0501 , -0.4062 , -0.1039 , 0.0070 , 1.0824 , -0.8309 , -44.1708 , 40.2018 , 59.7264
5 , 1.5299 , 6.3829 , 6.6750 , 2.2037 , 6.3607 , 7.1313 , -0.1576 , 0.0470 , -0.0360 , -0.6738 , 0.0222 , -0.4562 , -0.8799 , -40.4371 , 17.1725 , 43.9323
10 , 2.3846 , 5.8347 , 7.2784 , 2.1846 , 5.9344 , 7.4954 , -0.0079 , -0.2034 , 0.0110 , 0.2000 , -0.0997 , -0.2170 , -0.8779 , -37.2390 , 16.2496 , 40.6299
1 , -0.0527 , 7.4005 , 6.3949 , 1.7234 , 7.1039 , 6.5372 , -0.2798 , 0.4013 , 0.2205 , -1.7760 , 0.2965 , -0.1422 , -0.8779 , -46.4190 , 14.7687 , 48.7118
1 , 0.7398 , 7.5154 , 5.4444 , 1.8258 , 7.0988 , 6.5149 , -0.0696 , 0.0977 , 0.0098 , -1.0860 , 0.4166 , -1.0705 , -0.8742 , -46.3754 , 15.6558 , 48.9467
1 , 1.1085 , 7.9990 , 7.0820 , 1.9796 , 6.9462 , 6.6334 , 0.1124 , -0.2492 , -0.1460 , -0.8711 , 1.0529 , 0.4486 , -0.8734 , -45.0978 , 16.6166 , 48.0616
2 , 1.8340 , 7.5968 , 5.1739 , 2.2528 , 7.3827 , 6.0491 , -0.2529 , 0.2498 , -0.0977 , -0.4188 , 0.2141 , -0.8752 , -0.8556 , -48.8356 , 20.4261 , 52.9352
8 , 1.2929 , 6.7828 , 7.7237 , 2.0037 , 6.7389 , 6.8368 , -0.1936 , -0.2786 , -0.1014 , -0.7108 , 0.0438 , 0.8869 , -0.8739 , -43.4073 , 16.3345 , 46.3790
6 , 4.8961 , 7.1467 , 6.3327 , 4.5070 , 7.0370 , 5.1320 , 0.0892 , -0.6353 , -0.2468 , 0.3891 , 0.1097 , 1.2007 , -0.8464 , -45.8547 , 41.2902 , 61.7052
5 , 2.7318 , 5.9113 , 6.7397 , 3.4256 , 5.9732 , 6.9826 , 0.0727 , -0.6347 , -0.1906 , -0.6938 , -0.0619 , -0.2430 , -0.8729 , -37.5239 , 26.1317 , 45.7265
6 , 4.6040 , 5.9041 , 8.1594 , 3.2798 , 5.8749 , 7.1344 , 0.3433 , -0.5003 , 0.5687 , 1.3243 , 0.0292 , 1.0250 , -0.8727 , -36.8032 , 24.6887 , 44.3171
7 , 1.4820 , 6.1148 , 8.0278 , 2.1232 , 5.9385 , 7.5098 , 0.0898 , -0.1497 , -0.3635 , -0.6412 , 0.1763 , 0.5180 , -0.8904 , -37.2689 , 15.7871 , 40.4747
10 , 2.0997 , 5.6240 , 9.1339 , 2.0513 , 5.6169 , 7.7726 , 0.2957 , -0.8179 , 0.1313 , 0.0484 , 0.0071 , 1.3613 , -0.8746 , -34.9431 , 14.7842 , 37.9420
2 , 3.0143 , 7.7979 , 5.3558 , 2.8462 , 7.4010 , 5.7702 , 0.4533 , -0.3415 , -0.2737 , 0.1681 , 0.3969 , -0.4144 , -0.8534 , -48.9983 , 26.2552 , 55.5893
2 , 1.3767 , 7.2401 , 5.5450 , 2.9646 , 7.3585 , 5.7649 , 0.1894 , -0.0452 , -0.0513 , -1.5880 , -0.1184 , -0.2199 , -0.8599 , -48.6215 , 27.2148 , 55.7198
3 , 5.2577 , 7.5585 , 4.3694 , 4.2178 , 7.5622 , 4.6037 , 0.6518 , -0.2040 , -0.1991 , 1.0399 , -0.0037 , -0.2342 , -0.8222 , -50.4557 , 42.4951 , 65.9668
5 , 3.8403 , 7.1132 , 5.9879 , 3.3242 , 7.0644 , 5.9342 , -0.1759 , -0.2260 , 0.1234 , 0.5161 , 0.0488 , 0.0537 , -0.8561 , -46.0848 , 29.2567 , 54.5872
10 , 1.9537 , 5.5689 , 9.7300 , 2.7475 , 5.5193 , 7.6262 , -0.0202 , 0.0373 , -0.0031 , -0.7939 , 0.0496 , 2.1038 , -0.8864 , -34.2504 , 19.8128 , 39.5681
4 , 0.7374 , 6.2728 , 7.5729 , 2.1423 , 6.1623 , 7.3217 , -0.4698 , 0.1038 , -0.0709 , -1.4048 , 0.1105 , 0.2512 , -0.8855 , -38.9306 , 16.3089 , 42.2087
9 , 2.9808 , 5.8849 , 7.9272 , 3.7426 , 5.8726 , 6.9047 , 0.3189 , 0.1594 , -0.1936 , -0.7618 , 0.0123 , 1.0225 , -0.8863 , -36.7870 , 28.4592 , 46.5103
8 , 1.7861 , 5.8371 , 8.2768 , 2.4831 , 5.7561 , 7.5413 , 0.0574 , -0.0483 , 0.0067 , -0.6971 , 0.0809 , 0.7354 , -0.9011 , -35.9418 , 18.2252 , 40.2985
6 , 2.7366 , 7.0485 , 7.4747 , 3.4731 , 6.7400 , 6.2194 , -0.0324 , 0.8803 , 0.5956 , -0.7365 , 0.3086 , 1.2553 , -0.8797 , -43.4155 , 29.1802 , 52.3105
5 , 1.2163 , 6.5481 , 8.7987 , 1.7821 , 5.8021 , 7.7026 , -0.1784 , -0.4753 , -0.1472 , -0.5658 , 0.7461 , 1.0961 , -0.9031 , -36.2739 , 13.0267 , 38.5421
7 , 1.0463 , 5.4396 , 8.4563 , 1.7882 , 5.5834 , 7.8612 , -0.0312 , -0.0727 , -0.0281 , -0.7420 , -0.1437 , 0.5951 , -0.9042 , -34.7046 , 12.8154 , 36.9952
1 , 2.1261 , 7.9942 , 7.0844 , 1.8871 , 7.0979 , 6.4984 , -0.2969 , -0.1894 , 0.2046 , 0.2389 , 0.8964 , 0.5860 , -0.8749 , -46.3677 , 16.1933 , 49.1140
1 , 1.2378 , 7.1635 , 6.6008 , 2.2072 , 6.9627 , 6.5436 , -0.1613 , 0.3158 , 0.0690 , -0.9694 , 0.2007 , 0.0572 , -0.8781 , -45.2349 , 18.6398 , 48.9248
8 , 1.5921 , 6.3542 , 7.4651 , 1.8713 , 6.3266 , 7.2555 , 0.2963 , -0.1906 , 0.0037 , -0.2791 , 0.0276 , 0.2096 , -0.8975 , -40.1760 , 14.4622 , 42.6997
2 , 1.6807 , 7.7668 , 7.7883 , 2.4122 , 7.0498 , 6.3759 , 0.3781 , 0.2572 , 0.1820 , -0.7315 , 0.7170 , 1.4125 , -0.8867 , -45.9622 , 20.7233 , 50.4180
6 , 1.7071 , 7.5681 , 7.9104 , 2.7477 , 6.8889 , 6.4159 , 0.5241 , 0.2107 , 0.3842 , -1.0406 , 0.6792 , 1.4945 , -0.8898 , -44.6256 , 23.1836 , 50.2884
5 , 0.9146 , 7.1635 , 8.7532 , 2.0723 , 6.5560 , 6.9925 , 0.4905 , -0.4734 , 0.1063 , -1.1578 , 0.6075 , 1.7607 , -0.8910 , -41.9531 , 16.5080 , 45.0841
4 , 1.4246 , 6.5697 , 6.8498 , 1.8341 , 6.5290 , 7.0837 , -0.1576 , 0.0324 , 0.0037 , -0.4095 , 0.0407 , -0.2339 , -0.8918 , -41.7415 , 14.5158 , 44.1934
1 , 1.5203 , 7.3981 , 5.4396 , 2.0641 , 7.1229 , 6.4167 , -0.2773 , -0.2034 , -0.1075 , -0.5437 , 0.2752 , -0.9771 , -0.8790 , -46.5800 , 17.8315 , 49.8764
10 , 0.7733 , 5.3008 , 8.7604 , 1.7019 , 5.6235 , 7.8517 , 0.4734 , -0.1808 , -0.0770 , -0.9286 , -0.3228 , 0.9087 , -0.8906 , -34.9905 , 12.2302 , 37.0664
8 , 1.0151 , 6.5410 , 6.9791 , 1.4089 , 6.2341 , 7.4378 , -0.0367 , 0.1747 , -0.0648 , -0.3938 , 0.3068 , -0.4587 , -0.8999 , -39.4723 , 10.7264 , 40.9038
7 , 0.6752 , 5.8203 , 8.0613 , 1.1318 , 5.9531 , 7.7104 , -0.0702 , -0.0140 , -0.0867 , -0.4566 , -0.1328 , 0.3509 , -0.8958 , -37.3761 , 8.3507 , 38.2976
9 , 0.8763 , 6.6990 , 7.7931 , 1.8451 , 6.4997 , 7.1078 , 0.0880 , 0.5162 , 0.1588 , -0.9688 , 0.1993 , 0.6853 , -0.9079 , -41.5123 , 14.5518 , 43.9889
6 , 1.4533 , 7.7548 , 4.7980 , 2.0777 , 7.5730 , 5.8739 , 0.1820 , -0.4062 , -0.0727 , -0.6244 , 0.1818 , -1.0760 , -0.8773 , -50.5549 , 19.4791 , 54.1777
6 , 0.8571 , 6.9312 , 5.4612 , 2.2233 , 6.5603 , 6.9419 , 0.0440 , 0.2798 , -0.0483 , -1.3661 , 0.3709 , -1.4807 , -0.9017 , -41.9871 , 17.7585 , 45.5881
7 , 1.0942 , 6.1387 , 7.3646 , 1.5915 , 6.2773 , 7.3643 , 0.0977 , -0.0977 , -0.1741 , -0.4974 , -0.1386 , 0.0003 , -0.8913 , -39.7999 , 12.1950 , 41.6263
3 , 5.4300 , 7.3789 , 3.8092 , 3.9882 , 7.8237 , 4.3652 , 0.7275 , 0.1484 , -0.0073 , 1.4419 , -0.4447 , -0.5560 , -0.8240 , -52.9198 , 27.0106 , 59.4145
6 , 3.1699 , 7.6878 , 4.4484 , 4.0377 , 7.4423 , 4.9477 , 0.7336 , 0.2572 , 0.2040 , -0.8677 , 0.2455 , -0.4993 , -0.8399 , -49.3677 , 39.2167 , 63.0485
10 , 3.2202 , 6.5386 , 4.9823 , 2.4123 , 6.1182 , 7.2745 , -0.5156 , -0.1405 , -0.1161 , 0.8079 , 0.4203 , -2.2922 , -0.8572 , -38.6006 , 18.3459 , 42.7384
2 , 0.4070 , 6.4380 , 8.5258 , 1.9712 , 6.5418 , 7.0349 , 0.2083 , 0.3916 , 0.2511 , -1.5642 , -0.1038 , 1.4909 , -0.8891 , -41.8421 , 15.6534 , 44.6742
8 , 2.0710 , 6.4643 , 7.3406 , 2.3138 , 6.2552 , 7.1895 , -0.1173 , 0.0489 , 0.0379 , -0.2428 , 0.2092 , 0.1511 , -0.8806 , -39.6317 , 17.8399 , 43.4619
7 , 1.2474 , 6.4428 , 7.5633 , 1.8829 , 6.1965 , 7.3640 , -0.0128 , -0.0183 , 0.0287 , -0.6355 , 0.2463 , 0.1993 , -0.8881 , -39.1882 , 14.3428 , 41.7304
7 , 1.2522 , 5.9592 , 7.1850 , 2.0336 , 6.1326 , 7.3774 , -0.3928 , -0.0373 , 0.0379 , -0.7815 , -0.1734 , -0.1924 , -0.8890 , -38.7080 , 15.4112 , 41.6631
8 , 1.3001 , 6.0406 , 8.4324 , 2.0110 , 5.7996 , 7.6479 , 0.0409 , -0.1161 , 0.0391 , -0.7109 , 0.2409 , 0.7845 , -0.8975 , -36.2563 , 14.7319 , 39.1350
9 , 1.7142 , 6.0717 , 9.3302 , 2.8032 , 6.0608 , 7.1818 , 0.6420 , -0.0635 , 0.2957 , -1.0889 , 0.0109 , 2.1484 , -0.8982 , -38.1727 , 21.3214 , 43.7236
7 , 1.7861 , 5.4348 , 8.3941 , 2.3212 , 5.5975 , 7.7104 , -0.9273 , -0.3409 , -0.1558 , -0.5351 , -0.1626 , 0.6836 , -0.8969 , -34.8049 , 16.7539 , 38.6274
9 , 2.0830 , 6.2273 , 6.9935 , 3.4526 , 6.2546 , 6.7179 , 0.4844 , -0.1625 , 0.0678 , -1.3696 , -0.0273 , 0.2756 , -0.8875 , -39.6273 , 27.2003 , 48.0643
3 , 3.5865 , 6.8019 , 6.9432 , 4.0537 , 6.6459 , 5.9641 , -0.0709 , 0.8595 , 0.4044 , -0.4672 , 0.1561 , 0.9791 , -0.8579 , -42.6634 , 34.2033 , 54.6811
8 , 2.5331 , 5.5545 , 5.8562 , 2.1467 , 5.8082 , 7.6044 , -0.3140 , 0.2382 , 0.0874 , 0.3864 , -0.2537 , -1.7482 , -0.8805 , -36.3187 , 15.7640 , 39.5923
1 , 1.6999 , 6.5050 , 4.4819 , 2.1840 , 6.4931 , 7.0171 , 0.0195 , 0.1576 , 0.0733 , -0.4841 , 0.0119 , -2.5351 , -0.8705 , -41.4615 , 17.2883 , 44.9215
4 , 1.6735 , 5.5809 , 7.3981 , 1.4328 , 5.9101 , 7.6934 , 0.0660 , 0.4142 , 0.0342 , 0.2408 , -0.3292 , -0.2953 , -0.8809 , -37.0609 , 10.5495 , 38.5332
6 , 0.5243 , 6.6272 , 6.4835 , 1.3508 , 6.6456 , 7.0839 , 0.3641 , -0.7776 , 0.0006 , -0.8264 , -0.0184 , -0.6004 , -0.8757 , -42.6613 , 10.7957 , 44.0060
1 , 0.9050 , 6.6750 , 5.7197 , 1.8091 , 6.6885 , 6.9399 , 0.0073 , 0.0421 , -0.0281 , -0.9041 , -0.0134 , -1.2201 , -0.8785 , -43.0029 , 14.6107 , 45.4172
5 , 1.0439 , 6.8738 , 7.7452 , 1.6147 , 6.4559 , 7.2031 , 0.3684 , -0.1185 , -0.2462 , -0.5708 , 0.4179 , 0.5421 , -0.8839 , -41.1717 , 12.6346 , 43.0667
7 , 0.9457 , 5.3295 , 8.1235 , 1.0863 , 5.6900 , 7.9129 , 0.2547 , -0.2798 , 0.0226 , -0.1406 , -0.3605 , 0.2106 , -0.8986 , -35.4656 , 7.8167 , 36.3168
2 , 0.1389 , 7.1826 , 6.8163 , 2.0202 , 6.7260 , 6.8447 , 0.0434 , 0.1252 , -0.1197 , -1.8814 , 0.4566 , -0.0284 , -0.8883 , -43.3033 , 16.4442 , 46.3205
5 , 1.6783 , 6.3758 , 8.2863 , 1.8733 , 6.2401 , 7.3296 , 0.0617 , -0.2199 , -0.3042 , -0.1950 , 0.1357 , 0.9568 , -0.8982 , -39.5173 , 14.3369 , 42.0377
6 , 2.1021 , 6.8929 , 6.5074 , 2.8385 , 6.7932 , 6.4781 , -0.0153 , 0.2786 , 0.4136 , -0.7364 , 0.0997 , 0.0294 , -0.8874 , -43.8452 , 23.6619 , 49.8226
5 , 1.9752 , 6.8067 , 7.8865 , 2.3395 , 6.4981 , 6.9622 , 0.3115 , -0.2187 , -0.0825 , -0.3643 , 0.3086 , 0.9243 , -0.8903 , -41.5000 , 18.5743 , 45.4671
10 , 2.0590 , 5.8012 , 8.1977 , 2.1060 , 5.5873 , 7.7793 , 0.0238 , -0.5266 , -0.3812 , -0.0470 , 0.2138 , 0.4185 , -0.8787 , -34.7326 , 15.1479 , 37.8921
9 , 1.6807 , 5.4372 , 7.6591 , 1.9935 , 5.6802 , 7.7416 , -0.0476 , 0.0562 , -0.0446 , -0.3128 , -0.2430 , -0.0825 , -0.9131 , -35.3955 , 14.4402 , 38.2278
10 , 2.2386 , 5.0805 , 7.5298 , 2.2822 , 5.3992 , 7.8620 , 0.0910 , 0.0831 , 0.0556 , -0.0436 , -0.3187 , -0.3322 , -0.9107 , -33.4055 , 16.1873 , 37.1208
5 , 1.7621 , 5.7461 , 8.5545 , 2.1669 , 5.5155 , 7.8137 , 0.2028 , 0.0660 , 0.0470 , -0.4048 , 0.2306 , 0.7408 , -0.9124 , -34.2236 , 15.4998 , 37.5699
10 , 1.9824 , 4.8650 , 6.8642 , 1.8379 , 5.2871 , 8.0523 , -0.1167 , 0.0000 , -0.0397 , 0.1445 , -0.4221 , -1.1881 , -0.9026 , -32.6248 , 12.8573 , 35.0669
5 , 2.3918 , 5.6024 , 8.3749 , 1.9398 , 5.5580 , 7.8432 , 0.0220 , -0.1185 , 0.0531 , 0.4520 , 0.0444 , 0.5317 , -0.9114 , -34.5246 , 13.8916 , 37.2146
9 , 2.3822 , 5.7150 , 9.4140 , 2.4767 , 5.5719 , 7.6805 , 0.2779 , -0.3720 , 0.0556 , -0.0945 , 0.1430 , 1.7335 , -0.9147 , -34.6233 , 17.8730 , 38.9643
8 , 1.2210 , 5.4492 , 8.5521 , 2.2136 , 5.2761 , 7.9645 , 0.0287 , -0.1478 , 0.1148 , -0.9925 , 0.1731 , 0.5876 , -0.9159 , -32.5486 , 15.5324 , 36.0648
3 , 2.6887 , 8.4084 , 3.0550 , 3.3259 , 7.1207 , 5.8655 , -0.1625 , -0.0336 , 0.3262 , -0.6373 , 1.2877 , -2.8105 , -0.8645 , -46.5613 , 29.5549 , 55.1493
5 , 1.5251 , 6.3375 , 7.2137 , 2.2616 , 6.0075 , 7.4139 , -0.2065 , 0.0104 , 0.2395 , -0.7365 , 0.3300 , -0.2002 , -0.8884 , -37.7772 , 16.9641 , 41.4113
4 , 0.5483 , 6.7181 , 7.7093 , 1.4553 , 6.5302 , 7.1700 , 0.1491 , -0.1875 , -0.1576 , -0.9070 , 0.1879 , 0.5393 , -0.8736 , -41.7510 , 11.4735 , 43.2988
9 , 1.4174 , 6.7229 , 6.9767 , 2.7898 , 6.2838 , 6.9930 , 0.3653 , -0.0690 , 0.0147 , -1.3724 , 0.4391 , -0.0163 , -0.8920 , -39.8491 , 21.7489 , 45.3979
6 , 3.9169 , 7.0605 , 7.2425 , 3.2873 , 6.7710 , 6.2863 , 0.1521 , 0.3842 , 0.0079 , 0.6296 , 0.2895 , 0.9562 , -0.8721 , -43.6660 , 27.6064 , 51.6608
6 , 2.2697 , 7.2640 , 4.1515 , 3.0398 , 6.9042 , 6.2659 , 0.2230 , 0.0049 , -0.1252 , -0.7701 , 0.3598 , -2.1143 , -0.8778 , -44.7518 , 25.8797 , 51.6961
2 , 2.2984 , 7.1730 , 5.8419 , 2.9321 , 7.0119 , 6.1973 , 0.1338 , -0.0049 , -0.0269 , -0.6337 , 0.1611 , -0.3554 , -0.8735 , -45.6444 , 25.3200 , 52.1968
3 , 3.7373 , 6.8498 , 3.5243 , 3.3993 , 7.8839 , 4.7392 , 0.6732 , -0.3268 , 0.2944 , 0.3381 , -1.0341 , -1.2149 , -0.8465 , -53.5073 , 23.3240 , 58.3698
5 , 1.6951 , 7.0006 , 8.0852 , 1.9986 , 6.8872 , 6.6890 , 0.2841 , -0.2718 , 0.2291 , -0.3035 , 0.1135 , 1.3962 , -0.8809 , -44.6116 , 16.6356 , 47.6124
9 , 3.0311 , 6.4763 , 6.5242 , 3.5280 , 6.7716 , 6.1538 , -0.2975 , 0.2590 , 0.0770 , -0.4969 , -0.2953 , 0.3704 , -0.8717 , -43.6706 , 29.8255 , 52.8836
3 , 4.1611 , 7.1611 , 3.3136 , 4.3109 , 7.6711 , 4.3291 , 0.5217 , 0.7508 , 0.6622 , -0.1498 , -0.5100 , -1.0156 , -0.8302 , -51.4653 , 44.8790 , 68.2847
10 , -0.1389 , 6.6607 , 8.6598 , 1.0052 , 5.7042 , 7.9134 , -0.0904 , -1.5962 , 0.0336 , -1.1441 , 0.9565 , 0.7464 , -0.8432 , -35.5678 , 7.2392 , 36.2970
1 , 1.6472 , 6.8929 , 5.5952 , 1.6405 , 7.1090 , 6.5530 , -0.3696 , -0.0874 , -0.0177 , 0.0067 , -0.2161 , -0.9577 , -0.8101 , -46.4620 , 14.0547 , 48.5412
9 , 2.5355 , 6.0789 , 7.6567 , 2.9489 , 6.2341 , 6.9721 , 0.4062 , -0.2932 , 0.0593 , -0.4135 , -0.1552 , 0.6845 , -0.8339 , -39.4717 , 22.9264 , 45.6468
7 , 2.1380 , 6.8666 , 6.1507 , 2.2763 , 6.8771 , 6.6101 , -0.2724 , -0.0580 , -0.2431 , -0.1383 , -0.0105 , -0.4594 , -0.8125 , -44.5290 , 19.0022 , 48.4140
3 , 6.4835 , 7.4340 , 3.9121 , 5.0565 , 7.3540 , 4.0646 , 0.3091 , 0.3360 , -0.4801 , 1.4270 , 0.0800 , -0.1524 , -0.7469 , -48.5820 , 51.2064 , 70.5854
5 , 2.4636 , 6.9384 , 8.0517 , 2.5724 , 6.7965 , 6.5849 , 0.2462 , -0.0886 , -0.1961 , -0.1088 , 0.1419 , 1.4668 , -0.8239 , -43.8722 , 21.3384 , 48.7862
6 , -0.1556 , 5.4995 , 7.0413 , 2.3058 , 6.4188 , 7.0464 , 0.4905 , 0.6158 , 0.5864 , -2.4615 , -0.9194 , -0.0051 , -0.8397 , -40.8848 , 18.1199 , 44.7202
10 , 1.4605 , 6.4021 , 7.4675 , 1.9548 , 6.2452 , 7.3038 , 0.1460 , -0.1002 , -0.0544 , -0.4944 , 0.1569 , 0.1637 , -0.8084 , -39.5564 , 14.9837 , 42.2992
5 , 1.9201 , 6.2560 , 7.9918 , 2.3009 , 6.0837 , 7.3393 , 0.1558 , -0.1680 , -0.0929 , -0.3807 , 0.1723 , 0.6526 , -0.8374 , -38.3430 , 17.4065 , 42.1090
9 , 1.4485 , 5.9089 , 9.4858 , 2.9965 , 6.0760 , 7.0904 , 0.1509 , 0.5956 , -0.0495 , -1.5480 , -0.1671 , 2.3955 , -0.8468 , -38.2857 , 22.9098 , 44.6167
2 , 2.2889 , 9.1219 , 6.7995 , 2.9339 , 7.5072 , 5.5861 , 0.2297 , -0.4099 , -0.2114 , -0.6451 , 1.6147 , 1.2135 , -0.7927 , -49.9535 , 27.7095 , 57.1241
7 , 0.9098 , 6.4069 , 6.0717 , 1.7340 , 6.8546 , 6.7954 , -0.6762 , -0.3403 , -0.4630 , -0.8242 , -0.4477 , -0.7237 , -0.8177 , -44.3450 , 14.3149 , 46.5982
1 , 1.1349 , 6.7612 , 4.9009 , 2.3479 , 6.9336 , 6.5255 , 0.3830 , 0.3360 , 0.0782 , -1.2131 , -0.1724 , -1.6246 , -0.8256 , -44.9941 , 19.7893 , 49.1537
5 , 1.5036 , 6.3949 , 8.6407 , 1.9890 , 5.9555 , 7.5330 , -0.0849 , -0.2950 , -0.2480 , -0.4855 , 0.4394 , 1.1077 , -0.8516 , -37.3942 , 14.7909 , 40.2131
9 , 2.2266 , 6.5625 , 8.0278 , 3.2766 , 6.7317 , 6.3340 , 0.2236 , 0.1973 , 0.1802 , -1.0500 , -0.1692 , 1.6938 , -0.8425 , -43.3490 , 27.3526 , 51.2572
3 , 2.4253 , 7.9248 , 6.4524 , 4.2545 , 7.3601 , 4.8886 , 0.3989 , -0.0831 , 0.3341 , -1.8292 , 0.5647 , 1.5638 , -0.8144 , -48.6356 , 41.0330 , 63.6328
3 , 4.7381 , 7.1323 , 6.7325 , 4.8981 , 6.6785 , 5.2512 , 0.3225 , 0.1454 , -0.1216 , -0.1600 , 0.4538 , 1.4813 , -0.7741 , -42.9236 , 43.0075 , 60.7625
4 , 3.1125 , 5.9352 , 8.3246 , 2.7186 , 5.5370 , 7.6237 , 0.2523 , -0.1362 , -0.1845 , 0.3939 , 0.3982 , 0.7009 , -0.8332 , -34.3756 , 19.6261 , 39.5837
2 , 2.3128 , 6.7947 , 5.7724 , 2.6030 , 6.4823 , 6.8830 , 0.0250 , 0.4294 , -0.0916 , -0.2902 , 0.3125 , -1.1105 , -0.8408 , -41.3767 , 20.7153 , 46.2727
8 , 1.7933 , 6.1699 , 8.2361 , 2.4269 , 5.8949 , 7.4519 , 0.0696 , -0.0428 , -0.1057 , -0.6336 , 0.2750 , 0.7841 , -0.8438 , -36.9493 , 18.0391 , 41.1176
7 , 1.2067 , 5.4708 , 8.8011 , 2.0129 , 5.4637 , 7.8909 , -0.2126 , -0.2688 , 0.0556 , -0.8062 , 0.0070 , 0.9102 , -0.8488 , -33.8585 , 14.3106 , 36.7586
9 , 2.6671 , 6.3829 , 6.6583 , 3.1061 , 6.2021 , 6.9323 , -0.1613 , 0.2053 , 0.2743 , -0.4389 , 0.1809 , -0.2741 , -0.8486 , -39.2299 , 24.1351 , 46.0596
2 , 2.3296 , 7.2329 , 5.6551 , 3.3045 , 6.8080 , 6.2371 , -0.0483 , 0.2059 , -0.1148 , -0.9749 , 0.4248 , -0.5820 , -0.8249 , -43.9656 , 27.9152 , 52.0791
8 , 2.5091 , 6.0166 , 7.8219 , 2.5048 , 6.2550 , 7.1254 , 0.0269 , -0.2254 , -0.1069 , 0.0043 , -0.2384 , 0.6965 , -0.8263 , -39.6305 , 19.3682 , 44.1101
8 , 2.0566 , 6.4236 , 7.2640 , 2.1663 , 6.1305 , 7.3413 , -0.1307 , -0.1362 , 0.0696 , -0.1096 , 0.2931 , -0.0773 , -0.8349 , -38.6923 , 16.4402 , 42.0401
7 , -0.1891 , 5.1667 , 8.7771 , 1.8257 , 5.8590 , 7.6491 , -0.1692 , -0.2639 , 0.2694 , -2.0149 , -0.6924 , 1.1280 , -0.8453 , -36.6879 , 13.4244 , 39.0668
10 , 1.6233 , 5.4564 , 8.6407 , 1.6074 , 5.4508 , 7.9922 , -0.4777 , 0.1045 , 0.0825 , 0.0158 , 0.0056 , 0.6485 , -0.8327 , -33.7677 , 11.3718 , 35.6311
8 , 1.3384 , 5.8419 , 6.8498 , 1.1992 , 5.7148 , 7.8787 , -0.0922 , 0.1063 , 0.0086 , 0.1391 , 0.1271 , -1.0289 , -0.8479 , -35.6439 , 8.6548 , 36.6796
1 , 0.8092 , 7.3382 , 5.6431 , 1.3730 , 7.0448 , 6.6825 , 0.1179 , 0.4136 , 0.1307 , -0.5637 , 0.2934 , -1.0394 , -0.8317 , -45.9204 , 11.6102 , 47.3654
5 , 0.6536 , 6.7708 , 7.5729 , 1.1096 , 6.4851 , 7.2721 , -0.1136 , 0.0849 , -0.1643 , -0.4559 , 0.2857 , 0.3008 , -0.8427 , -41.3985 , 8.6751 , 42.2977
7 , -0.0766 , 5.5593 , 7.6830 , 0.7117 , 5.9891 , 7.7327 , -0.0165 , -0.0073 , -0.0134 , -0.7883 , -0.4298 , -0.0497 , -0.8429 , -37.6415 , 5.2584 , 38.0070
6 , 2.6791 , 6.5050 , 6.8666 , 2.0282 , 6.3668 , 7.1778 , -0.4905 , 0.9658 , 0.2828 , 0.6509 , 0.1382 , -0.3112 , -0.8447 , -40.4840 , 15.7783 , 43.4501
3 , 2.9856 , 8.4324 , 6.7062 , 3.4779 , 7.7492 , 4.9015 , 0.5113 , 0.1680 , -0.0336 , -0.4924 , 0.6832 , 1.8047 , -0.7956 , -52.2039 , 24.1711 , 57.5282
1 , 0.7805 , 7.2329 , 5.7724 , 1.6130 , 6.8715 , 6.8082 , -0.1350 , 0.6158 , -0.0684 , -0.8325 , 0.3614 , -1.0358 , -0.8131 , -44.4829 , 13.3286 , 46.4369
3 , 1.7549 , 7.1467 , 5.4516 , 2.7167 , 7.0263 , 6.2786 , -0.0128 , 0.8937 , 0.2993 , -0.9618 , 0.1204 , -0.8270 , -0.8230 , -45.7650 , 23.3981 , 51.3995
7 , -0.0479 , 6.0047 , 6.2680 , 1.4244 , 5.8836 , 7.7152 , -0.0232 , -0.2407 , 0.4154 , -1.4723 , 0.1210 , -1.4472 , -0.8120 , -36.8673 , 10.4605 , 38.3226
10 , 1.0582 , 4.0007 , 8.9399 , 1.5962 , 4.1726 , 8.7299 , -0.2022 , -0.1906 , -0.2327 , -0.5379 , -0.1719 , 0.2100 , -0.8035 , -25.1817 , 10.3614 , 27.2301
4 , 1.5083 , 6.6463 , 5.3558 , 1.5340 , 6.2829 , 7.3718 , -0.1203 , 0.5718 , -0.1564 , -0.0256 , 0.3634 , -2.0159 , -0.8098 , -39.8421 , 11.7548 , 41.5400
4 , 1.5347 , 6.1603 , 6.6798 , 1.5528 , 6.3071 , 7.3471 , -0.0342 , 0.5999 , -0.1912 , -0.0182 , -0.1468 , -0.6673 , -0.8349 , -40.0266 , 11.9341 , 41.7678
6 , 1.8004 , 7.0342 , 4.9129 , 3.0594 , 6.9834 , 6.1679 , 0.5797 , -0.3549 , -0.1264 , -1.2589 , 0.0508 , -1.2550 , -0.8367 , -45.4066 , 26.3821 , 52.5145
4 , 1.9609 , 6.8139 , 7.4460 , 1.9620 , 6.2637 , 7.2861 , -0.0147 , 0.0495 , -0.0507 , -0.0012 , 0.5502 , 0.1599 , -0.8510 , -39.6965 , 15.0713 , 42.4613
2 , 1.9585 , 7.1060 , 7.6926 , 2.5225 , 6.6839 , 6.7181 , -0.0134 , 0.0837 , -0.0385 , -0.5640 , 0.4220 , 0.9745 , -0.8346 , -42.9666 , 20.5799 , 47.6410
9 , 2.4038 , 6.4667 , 7.3430 , 2.5772 , 5.9631 , 7.3465 , -0.3464 , 0.1924 , -0.1961 , -0.1734 , 0.5037 , -0.0035 , -0.8408 , -37.4495 , 19.3309 , 42.1444
1 , 3.0478 , 6.9911 , 6.6774 , 2.6846 , 6.2381 , 7.0746 , 0.2407 , 0.0171 , 0.4007 , 0.3632 , 0.7530 , -0.3972 , -0.8180 , -39.5021 , 20.7803 , 44.6344
9 , 2.9760 , 5.8993 , 7.6662 , 2.7499 , 5.7217 , 7.4746 , 0.2541 , -0.4588 , -0.1790 , 0.2261 , 0.1776 , 0.1916 , -0.8316 , -35.6940 , 20.1983 , 41.0126
6 , 3.1627 , 6.6367 , 6.6750 , 3.2576 , 6.0932 , 6.9593 , -0.0672 , -0.2217 , -0.0470 , -0.0949 , 0.5436 , -0.2842 , -0.8233 , -38.4134 , 25.0842 , 45.8781
3 , 3.0047 , 6.7564 , 5.0446 , 3.6346 , 6.3544 , 6.5254 , 0.3427 , 0.2315 , 0.6720 , -0.6299 , 0.4020 , -1.4808 , -0.8048 , -40.3887 , 29.1177 , 49.7904
6 , 3.2848 , 6.2560 , 9.7252 , 3.0061 , 5.4287 , 7.5937 , 0.7049 , 0.0764 , 0.0825 , 0.2788 , 0.8274 , 2.1316 , -0.8255 , -33.6123 , 21.5969 , 39.9526
4 , 1.4772 , 6.3015 , 6.7014 , 1.9757 , 6.5413 , 7.0341 , -0.2584 , 0.1295 , 0.0073 , -0.4985 , -0.2398 , -0.3327 , -0.7979 , -41.8380 , 15.6888 , 44.6829
5 , 1.9154 , 6.9695 , 6.7708 , 1.6611 , 6.7112 , 6.9549 , 0.0464 , 0.2181 , -0.2535 , 0.2543 , 0.2583 , -0.1841 , -0.8225 , -43.1846 , 13.4325 , 45.2254
10 , 1.8459 , 4.8674 , 7.3741 , 1.7235 , 5.7269 , 7.7719 , -0.0079 , 0.0605 , -0.1509 , 0.1225 , -0.8595 , -0.3978 , -0.8172 , -35.7311 , 12.5034 , 37.8556
9 , 2.1069 , 6.2489 , 6.6224 , 2.5829 , 6.3370 , 7.0243 , 0.1381 , 0.1686 , 0.1704 , -0.4760 , -0.0881 , -0.4020 , -0.8349 , -40.2553 , 20.1890 , 45.0343
4 , 1.2761 , 6.4189 , 6.5410 , 1.8056 , 6.4898 , 7.1269 , -0.2724 , -0.0397 , -0.1148 , -0.5295 , -0.0710 , -0.5859 , -0.8215 , -41.4356 , 14.2168 , 43.8067
3 , 3.6248 , 7.3550 , 7.4843 , 3.8428 , 7.0762 , 5.5974 , 0.7196 , -0.5589 , 0.1142 , -0.2179 , 0.2788 , 1.8869 , -0.7521 , -46.1845 , 34.4706 , 57.6301
5 , 3.3974 , 6.8881 , 6.9168 , 3.1522 , 6.8085 , 6.3149 , 0.3818 , -0.0428 , 0.1362 , 0.2452 , 0.0796 , 0.6019 , -0.7769 , -43.9693 , 26.5267 , 51.3514
3 , 5.1834 , 7.0461 , 3.7733 , 4.2065 , 7.3773 , 4.9042 , 0.1845 , 0.1698 , -0.2749 , 0.9770 , -0.3312 , -1.1309 , -0.7374 , -48.7881 , 40.6207 , 63.4848
9 , 4.4245 , 5.7676 , 8.7077 , 3.5623 , 6.0508 , 6.8461 , 0.2498 , -0.1222 , -0.2663 , 0.8622 , -0.2831 , 1.8617 , -0.7969 , -38.0978 , 27.4900 , 46.9803
6 , 2.0662 , 6.2776 , 6.8714 , 2.9525 , 6.3185 , 6.8942 , 0.3219 , 0.1564 , -0.7233 , -0.8863 , -0.0409 , -0.0229 , -0.8314 , -40.1135 , 23.1831 , 46.3308
1 , 0.8595 , 6.9528 , 4.0534 , 1.7627 , 7.2888 , 6.3196 , -0.1521 , 1.0409 , -0.0024 , -0.9032 , -0.3360 , -2.2662 , -0.8214 , -48.0087 , 15.5856 , 50.4752
10 , 1.7430 , 6.1866 , 7.8075 , 1.4933 , 6.0067 , 7.6066 , -0.1723 , 0.1936 , 0.0709 , 0.2497 , 0.1799 , 0.2009 , -0.8343 , -37.7715 , 11.1067 , 39.3707
4 , 1.1325 , 6.9456 , 5.5402 , 1.2529 , 6.9330 , 6.8215 , -0.4820 , 0.4740 , -0.0232 , -0.1205 , 0.0125 , -1.2814 , -0.8333 , -44.9892 , 10.4076 , 46.1773
9 , 2.4780 , 5.7748 , 6.5386 , 2.0203 , 5.7523 , 7.6811 , 0.1161 , 0.2938 , -0.0183 , 0.4577 , 0.0225 , -1.1425 , -0.8625 , -35.9144 , 14.7362 , 38.8201
4 , 1.8220 , 6.1363 , 6.2058 , 1.6437 , 6.0894 , 7.5091 , -0.5528 , 0.8790 , -0.3054 , 0.1783 , 0.0469 , -1.3034 , -0.8421 , -38.3856 , 12.3470 , 40.3225
10 , 1.1516 , 5.4731 , 9.4954 , 1.5292 , 5.3648 , 8.0654 , -0.0195 , -0.1087 , -0.0953 , -0.3776 , 0.1083 , 1.4300 , -0.8470 , -33.1654 , 10.7356 , 34.8597
1 , 1.2881 , 7.7548 , 7.2616 , 1.1922 , 6.8211 , 6.9442 , -0.0489 , 0.1283 , 0.0324 , 0.0959 , 0.9338 , 0.3174 , -0.8395 , -44.0715 , 9.7419 , 45.1353
3 , 2.0949 , 7.7835 , 5.4803 , 3.1488 , 7.8777 , 4.9191 , 0.3170 , 0.4527 , 0.3396 , -1.0539 , -0.0941 , 0.5612 , -0.8011 , -53.4463 , 21.7874 , 57.7166
4 , 2.3822 , 7.2832 , 5.0350 , 2.9141 , 7.6476 , 5.4031 , -0.0684 , 0.2957 , 0.0593 , -0.5318 , -0.3644 , -0.3681 , -0.8118 , -51.2456 , 28.3397 , 58.5598
2 , 2.8419 , 8.1786 , 5.0374 , 2.8777 , 7.8472 , 5.1294 , 0.1851 , 0.4972 , 0.1197 , -0.0358 , 0.3314 , -0.0920 , -0.8046 , -53.1485 , 20.1387 , 56.8360
2 , 2.0925 , 7.5729 , 6.2106 , 2.6595 , 7.5281 , 5.6944 , 0.2596 , 0.4545 , 0.1869 , -0.5670 , 0.0448 , 0.5162 , -0.8047 , -50.1432 , 25.0345 , 56.0452
5 , 1.8268 , 6.9863 , 6.2608 , 2.1518 , 6.8910 , 6.6374 , -0.1888 , -0.1258 , 0.1460 , -0.3251 , 0.0953 , -0.3765 , -0.8190 , -44.6427 , 17.9628 , 48.1210
7 , 0.4357 , 6.2513 , 7.2712 , 1.5156 , 6.5333 , 7.1547 , -0.2205 , 0.0177 , -0.1301 , -1.0799 , -0.2820 , 0.1165 , -0.8422 , -41.7749 , 11.9604 , 43.4534
4 , 0.7183 , 6.6439 , 7.7021 , 1.6026 , 6.6750 , 7.0033 , -0.7233 , 0.4520 , -0.1600 , -0.8843 , -0.0311 , 0.6988 , -0.8334 , -42.8951 , 12.8890 , 44.7897
1 , 1.4988 , 7.6136 , 5.6503 , 1.9739 , 7.3449 , 6.1908 , 0.2694 , 0.5363 , -0.2505 , -0.4752 , 0.2686 , -0.5405 , -0.8309 , -48.5015 , 17.6849 , 51.6251
4 , 2.0063 , 6.9001 , 7.8243 , 1.7521 , 7.0007 , 6.6401 , 0.2474 , 0.0208 , 0.0012 , 0.2542 , -0.1006 , 1.1842 , -0.8330 , -45.5511 , 14.7818 , 47.8895
7 , 0.3304 , 7.0150 , 7.4029 , 0.7828 , 6.5505 , 7.2559 , -0.2456 , -0.0360 , -0.3115 , -0.4524 , 0.4645 , 0.1469 , -0.8411 , -41.9100 , 6.1578 , 42.3600
8 , 0.8212 , 6.9073 , 7.0581 , 1.2324 , 6.8935 , 6.8653 , -0.2046 , 0.1454 , -0.0458 , -0.4112 , 0.0138 , 0.1928 , -0.8344 , -44.6631 , 10.1768 , 45.8079
6 , 1.1349 , 8.6550 , 5.8826 , 2.3308 , 7.8361 , 5.4160 , 0.5754 , 0.0776 , 0.2663 , -1.1960 , 0.8189 , 0.4666 , -0.8239 , -53.0407 , 16.5648 , 55.5672
10 , 1.5347 , 6.1818 , 7.2927 , 1.8330 , 6.3180 , 7.2728 , 0.1662 , 0.0611 , 0.1753 , -0.2984 , -0.1362 , 0.0200 , -0.8170 , -40.1100 , 14.1462 , 42.5315
8 , 1.8387 , 5.6048 , 9.2680 , 1.4952 , 5.5425 , 7.9508 , -0.1790 , -0.3457 , -0.2279 , 0.3435 , 0.0623 , 1.3172 , -0.8456 , -34.4148 , 10.6507 , 36.0252
8 , 0.3304 , 5.6671 , 9.1171 , 0.9832 , 5.4283 , 8.1079 , -0.2480 , -0.0794 , -0.1680 , -0.6528 , 0.2388 , 1.0093 , -0.8449 , -33.6095 , 6.9145 , 34.3134
9 , 3.4261 , 6.8450 , 8.7508 , 2.3774 , 6.0992 , 7.3019 , 0.4911 , -0.0843 , -0.1826 , 1.0487 , 0.7458 , 1.4489 , -0.8523 , -38.4586 , 18.0344 , 42.4770
8 , 1.3527 , 6.1124 , 7.4723 , 1.6983 , 6.0936 , 7.4936 , -0.1399 , -0.3054 , -0.0941 , -0.3456 , 0.0188 , -0.0213 , -0.8332 , -38.4162 , 12.7693 , 40.4829
1 , -0.5507 , 6.9480 , 5.6168 , 1.5041 , 7.1405 , 6.5514 , 0.5479 , -0.1026 , 0.1790 , -2.0548 , -0.1926 , -0.9346 , -0.8273 , -46.7299 , 12.9300 , 48.4858
6 , 1.8675 , 7.6998 , 5.1906 , 3.0982 , 7.4228 , 5.6101 , -0.3653 , 0.6011 , 0.2419 , -1.2308 , 0.2769 , -0.4195 , -0.8121 , -49.1932 , 28.9102 , 57.0593
2 , 3.1771 , 6.0358 , 6.4093 , 3.3813 , 6.5057 , 6.5125 , 0.1026 , -0.1411 , 0.1038 , -0.2042 , -0.4699 , -0.1033 , -0.8034 , -41.5596 , 27.4380 , 49.8000
7 , 1.9106 , 6.0238 , 8.2432 , 2.4528 , 5.6814 , 7.6077 , -0.0623 , -0.0776 , -0.1851 , -0.5422 , 0.3425 , 0.6356 , -0.8126 , -35.4039 , 17.8700 , 39.6582
1 , 1.7885 , 7.1922 , 5.5234 , 2.4741 , 6.7431 , 6.6768 , -0.0935 , 0.1765 , 0.2450 , -0.6857 , 0.4491 , -1.1534 , -0.7977 , -43.4410 , 20.3325 , 47.9639
3 , 5.1906 , 7.6064 , 5.5115 , 4.4325 , 7.6471 , 4.2481 , 0.3677 , 0.3818 , -0.4337 , 0.7582 , -0.0407 , 1.2634 , -0.7657 , -51.2407 , 46.2170 , 69.0045
4 , 2.1189 , 6.4212 , 6.1603 , 2.5766 , 6.5408 , 6.8374 , -0.2388 , -0.1906 , -0.0110 , -0.4577 , -0.1195 , -0.6771 , -0.8014 , -41.8339 , 20.6482 , 46.6521
10 , 2.3966 , 5.2936 , 7.5250 , 2.6136 , 5.5681 , 7.6378 , 0.1093 , -0.0446 , -0.0886 , -0.2170 , -0.2746 , -0.1128 , -0.7959 , -34.5964 , 18.8905 , 39.4178
9 , 3.1819 , 6.3734 , 8.8538 , 3.2284 , 6.0551 , 7.0060 , 0.0702 , 0.1558 , -0.2932 , -0.0465 , 0.3183 , 1.8478 , -0.8295 , -38.1301 , 24.7406 , 45.4532
3 , 5.0829 , 7.7165 , 5.9065 , 4.9962 , 7.3867 , 4.0797 , 0.0489 , -0.2627 , -0.0935 , 0.0867 , 0.3298 , 1.8268 , -0.7479 , -48.8717 , 50.7662 , 70.4673
9 , 3.7350 , 6.9240 , 7.6591 , 3.4873 , 6.7182 , 6.2350 , -0.0476 , -0.6426 , -0.3195 , 0.2477 , 0.2059 , 1.4240 , -0.7946 , -43.2406 , 29.2183 , 52.1867