2 , -3.1437 , 4.4797 , 10.8389 , -2.2819 , 4.3896 , 8.4673 , 0.0487 , 0.2346 , -0.0940 , 0.4120 , 0.0494 , 0.0707 , 0.4947 , -26.5908 , -15.0826 , 30.5705
8 , -0.9146 , 3.6920 , 9.2036 , -1.1704 , 3.7337 , 8.9922 , -0.2628 , -0.1527 , 0.0044 , -0.7379 , 0.3964 , -0.8732 , 0.4815 , -22.3790 , -7.4155 , 23.5756
9 , -0.3065 , 2.6816 , 9.5316 , -0.2071 , 2.9407 , 9.3531 , -0.4437 , -0.5559 , 0.1382 , -0.0994 , -0.2591 , 0.1786 , 0.4761 , -17.4498 , -1.2684 , 17.4959
1 , -2.8899 , 4.8771 , 8.1860 , -2.6172 , 4.8259 , 8.1259 , 0.5301 , 0.6188 , 0.2047 , -0.2727 , 0.0512 , 0.0601 , 0.5089 , -29.4791 , -17.8528 , 34.4636
10 , -1.3671 , 2.1740 , 9.8213 , -1.1629 , 2.9474 , 9.2807 , -0.1028 , -0.2187 , -0.0970 , 0.3034 , -0.2562 , 0.5071 , 0.3751 , -17.4907 , -7.1422 , 18.8927
8 , -0.8572 , 3.1173 , 10.1110 , -1.3650 , 3.4052 , 9.0946 , 0.2002 , 0.1991 , -0.0201 , 0.5078 , -0.2879 , 1.0164 , 0.3783 , -20.3184 , -8.5356 , 22.0385
7 , -2.2674 , 4.2427 , 7.2379 , -2.3165 , 3.8056 , 8.7362 , -0.0472 , -0.1002 , -0.0646 , 0.0491 , 0.4371 , -1.4983 , 0.4093 , -22.8339 , -14.8510 , 27.2385
6 , -1.4342 , 3.5363 , 8.6673 , -1.5534 , 3.1460 , 9.1575 , 0.3951 , -0.3452 , -0.0384 , 0.1192 , 0.3903 , -0.4902 , 0.3941 , -18.7116 , -9.6276 , 21.0431
8 , -1.1588 , 3.6537 , 10.3648 , -1.1261 , 3.8097 , 8.9660 , -0.1474 , -0.0916 , -0.1092 , 0.2522 , 0.1936 , -0.0114 , 0.4238 , -22.8598 , -7.1589 , 23.9546
9 , -0.9673 , 3.2371 , 8.8540 , -0.5136 , 3.5166 , 9.1400 , -0.1901 , -0.4032 , 0.0404 , -0.4537 , -0.2795 , -0.2860 , 0.4070 , -21.0137 , -3.2161 , 21.2584
5 , -1.1780 , 3.8308 , 8.6577 , -0.9605 , 3.6433 , 9.0540 , 0.2344 , 0.3769 , 0.2866 , 0.1968 , -0.0830 , 0.1664 , 0.4208 , -21.8087 , -6.0558 , 22.6338
10 , 0.2993 , 3.2945 , 9.1222 , -0.3018 , 3.1784 , 9.2724 , -0.3496 , 0.0049 , 0.0624 , 0.6011 , 0.1161 , -0.1502 , 0.3875 , -18.9117 , -1.8641 , 19.0033
3 , -1.1756 , 3.5986 , 9.1629 , -1.2369 , 3.8843 , 8.9192 , 0.2100 , 0.4001 , 0.1595 , 0.0613 , -0.2857 , 0.2436 , 0.4272 , -23.3336 , -7.8953 , 24.6332
3 , -0.9242 , 4.0846 , 8.1645 , -1.1292 , 3.9234 , 8.9164 , -0.2537 , -0.0690 , -0.0830 , 0.2050 , 0.1613 , -0.7519 , 0.4326 , -23.5827 , -7.2178 , 24.6625
10 , 0.1269 , 3.3065 , 8.9857 , -0.2838 , 3.3205 , 9.2230 , -0.2842 , -0.0733 , -0.2070 , 0.4107 , -0.0140 , -0.2373 , 0.4010 , -19.7914 , -1.7626 , 19.8697
10 , -0.0527 , 3.0096 , 9.4167 , -0.2241 , 3.1281 , 9.2917 , -0.0875 , 0.0989 , -0.0029 , 0.1714 , -0.1185 , 0.1250 , 0.3850 , -18.6011 , -1.3815 , 18.6524
3 , -1.4007 , 4.7239 , 7.4606 , -1.0398 , 3.7203 , 9.0138 , 0.3712 , 0.5626 , 0.1956 , 0.6328 , -0.4713 , 0.7644 , 0.4236 , -22.2944 , -6.5807 , 23.2454
3 , -1.1038 , 3.5962 , 9.2467 , -0.9625 , 3.7259 , 9.0201 , -0.3190 , -0.0330 , -0.0158 , -0.4381 , 0.9980 , -1.5595 , 0.4283 , -22.3296 , -6.0910 , 23.1454
1 , -3.3376 , 4.4653 , 7.3480 , -3.2662 , 4.1137 , 8.2813 , -0.0099 , -0.1674 , 0.2402 , -0.0714 , 0.3516 , -0.9332 , 0.5009 , -24.8019 , -21.5247 , 32.8397
4 , -1.8125 , 4.5395 , 11.4925 , -2.2963 , 4.0391 , 8.6362 , 0.4519 , 0.6603 , -0.1178 , 0.4839 , 0.5005 , 2.8564 , 0.4995 , -24.3224 , -14.8902 , 28.5184
9 , -0.3951 , 3.6201 , 8.7487 , -0.3252 , 3.2495 , 9.2469 , -0.2799 , -0.3061 , -0.0506 , -0.3835 , 0.0163 , 0.6175 , 0.4499 , -19.3511 , -2.0143 , 19.4556
10 , 0.1413 , 2.7343 , 9.9817 , 0.0075 , 2.9767 , 9.3440 , -0.3954 , -0.6323 , -0.1496 , 0.3397 , -0.2352 , -0.9544 , 0.4205 , -17.6701 , 0.0459 , 17.6702
2 , -2.3679 , 4.2043 , 7.6569 , -1.9777 , 4.0830 , 8.6942 , 0.0511 , -0.0293 , -0.0775 , 0.6896 , -0.0797 , -0.0939 , 0.4829 , -24.6041 , -12.8154 , 27.7416
8 , -0.6632 , 3.4502 , 9.1006 , -1.2706 , 3.5813 , 9.0405 , 0.1574 , -0.6683 , -0.3230 , -0.4509 , 0.4434 , 0.2876 , 0.4667 , -21.4196 , -8.0002 , 22.8649
6 , -0.3544 , 3.5579 , 9.2994 , -0.3584 , 3.6021 , 9.1141 , 0.4048 , -0.0544 , 0.0056 , 0.0040 , -0.0442 , 0.1853 , 0.4328 , -21.5498 , -2.2519 , 21.6672
10 , 0.1293 , 2.6385 , 9.1605 , -0.0123 , 3.4908 , 9.1643 , -0.1120 , -0.0751 , -0.0909 , 0.1416 , -0.8523 , -0.0038 , 0.4111 , -20.8523 , -0.0771 , 20.8524
6 , 0.2442 , 3.3568 , 9.1653 , 0.0670 , 3.4147 , 9.1927 , -0.2610 , -0.2266 , 0.1107 , 0.1772 , -0.0579 , -0.0274 , 0.4159 , -20.3773 , 0.4176 , 20.3816
9 , 0.6105 , 3.8428 , 8.7343 , 0.3822 , 3.1895 , 9.2656 , 0.3279 , 0.0470 , 0.0007 , -0.1571 , 0.6006 , -0.7132 , 0.4133 , -18.9802 , 2.3620 , 19.1266
2 , -1.5275 , 3.4071 , 9.4143 , -1.6189 , 3.6609 , 8.9525 , 0.2045 , 0.3512 , 0.1644 , 0.0914 , -0.2539 , 0.4618 , 0.4926 , -21.9198 , -10.2502 , 24.1980
8 , 0.0455 , 4.4103 , 9.7519 , -0.7125 , 3.8820 , 8.9774 , 0.2014 , -0.1625 , -0.3267 , 0.7579 , 0.5283 , 0.7745 , 0.4584 , -23.3191 , -4.5375 , 23.7565
9 , 0.8188 , 3.6776 , 9.6753 , 0.4556 , 3.4030 , 9.1860 , -0.4247 , -0.4478 , -0.1428 , 0.3633 , 0.2746 , 0.4893 , 0.4502 , -20.3043 , 2.8393 , 20.5019
4 , -2.0758 , 3.1437 , 8.4829 , -1.0913 , 3.7748 , 8.9850 , 0.5068 , 0.9206 , 0.4222 , 2.3219 , -0.1810 , 0.7621 , 0.4856 , -22.6392 , -6.9249 , 23.6746
7 , -1.6928 , 4.0296 , 10.2236 , -1.4298 , 3.7951 , 8.9288 , -0.2891 , 0.2944 , 0.0685 , -0.7778 , 1.0341 , -1.0684 , 0.4722 , -22.7677 , -9.0976 , 24.5180
7 , -1.6449 , 3.4549 , 7.7383 , -1.5522 , 3.9712 , 8.8312 , -0.2635 , -0.3421 , -0.2320 , -0.1406 , 0.0584 , 1.3923 , 0.4777 , -23.8879 , -9.9685 , 25.8844
4 , -1.2498 , 5.1142 , 8.9642 , -1.8006 , 4.3070 , 8.6243 , 0.1208 , 0.3732 , 0.4008 , 1.0249 , 0.2134 , -0.0624 , 0.5206 , -26.0520 , -11.7932 , 28.5970
2 , -1.7742 , 4.3217 , 9.0025 , -1.7205 , 4.1452 , 8.7194 , 0.0499 , 0.1002 , 0.0618 , -0.0536 , 0.1764 , 0.2831 , 0.5315 , -25.0049 , -11.1625 , 27.3833
6 , -0.4932 , 2.8492 , 9.6657 , -0.3554 , 2.7186 , 9.4156 , -0.0955 , 0.0537 , -0.0084 , -0.2216 , 0.1521 , -0.2503 , 0.5059 , -16.0947 , -2.1616 , 16.2392
10 , 0.2251 , 2.4278 , 10.4462 , 0.1208 , 2.9378 , 9.3555 , -0.1645 , -0.0751 , 0.0838 , -0.5494 , -0.9457 , -0.2285 , 0.4707 , -17.4317 , 0.7400 , 17.4474
1 , -2.5715 , 4.1373 , 9.3209 , -2.6620 , 3.8353 , 8.6241 , 0.2717 , 0.3457 , 0.2304 , 0.0905 , 0.3020 , 0.6968 , 0.5783 , -23.0224 , -17.1538 , 28.7103
2 , -1.6760 , 4.4150 , 8.8133 , -2.2557 , 3.7997 , 8.7547 , 0.0432 , -0.0788 , 0.0203 , -0.4761 , -0.0909 , -1.2917 , 0.5918 , -22.7964 , -14.4485 , 26.9895
3 , -2.0519 , 2.4637 , 9.3640 , -1.7748 , 3.0890 , 9.1367 , 0.0994 , -0.0257 , 0.0337 , -0.2771 , -0.6253 , 0.2274 , 0.5634 , -18.3604 , -10.9927 , 21.3996
10 , -0.6081 , 2.3751 , 9.8213 , -0.7538 , 2.9677 , 9.3164 , 0.1770 , 0.2950 , 0.1174 , 0.1457 , -0.5926 , 0.5049 , 0.4718 , -17.6153 , -4.6259 , 18.2126
6 , -0.0479 , 3.3017 , 9.2036 , -0.0471 , 3.2275 , 9.2602 , -0.1168 , -0.3775 , 0.0649 , -0.0008 , 0.0742 , -0.0566 , 0.4452 , -19.2152 , -0.2911 , 19.2174
9 , 0.6512 , 3.3280 , 9.8836 , 0.5759 , 2.8082 , 9.3783 , -0.1895 , 0.0049 , 0.0496 , 0.0753 , 0.5199 , 0.5052 , 0.4277 , -16.6398 , 3.5142 , 17.0068
10 , 0.8188 , 4.4103 , 8.2028 , 0.1637 , 3.2105 , 9.2648 , -0.2964 , 0.0293 , 0.2701 , 0.1787 , -0.3804 , 0.4751 , 0.4228 , -19.1095 , 1.0124 , 19.1363
6 , 0.5028 , 3.0934 , 10.6737 , 0.1830 , 2.9149 , 9.3616 , -0.1278 , -0.1943 , 0.0539 , -0.3243 , -0.1017 , 0.0766 , 0.4300 , -17.2919 , 1.1201 , 17.3282
1 , -2.8109 , 4.5802 , 5.7726 , -3.0412 , 3.9879 , 8.4272 , 0.2185 , 0.6139 , 0.0814 , 1.2718 , 1.3250 , -0.7512 , 0.5529 , -23.9944 , -19.8434 , 31.1367
9 , -0.1532 , 2.2937 , 9.4981 , -0.7649 , 2.5252 , 9.4450 , 0.4244 , -0.4209 , -0.0848 , 0.6117 , -0.2315 , 0.0531 , 0.4495 , -14.9217 , -4.6299 , 15.6235
3 , -1.4629 , 4.4462 , 7.4390 , -1.3869 , 3.8584 , 8.9084 , 0.2570 , 0.1857 , 0.2347 , 0.5920 , -1.1648 , 0.6687 , 0.4722 , -23.1690 , -8.8493 , 24.8015
9 , 0.2322 , 3.5411 , 9.3951 , -0.3354 , 3.5013 , 9.1542 , -0.2134 , -0.2395 , -0.1282 , 0.5677 , 0.0398 , 0.2410 , 0.4403 , -20.9181 , -2.0985 , 21.0231
6 , -0.5435 , 3.0264 , 10.7359 , -0.7744 , 3.2789 , 9.2097 , 0.1251 , -0.1711 , -0.0463 , -0.0588 , -0.0898 , 0.2165 , 0.4766 , -19.5335 , -4.8064 , 20.1161
4 , -1.7263 , 4.6497 , 8.5811 , -1.5624 , 3.8936 , 8.8639 , 0.4842 , 0.6799 , 0.4314 , 0.2862 , 0.4137 , -0.2493 , 0.5081 , -23.3931 , -9.9964 , 25.4395
8 , -0.5794 , 3.9362 , 8.7774 , -0.6174 , 3.6893 , 9.0652 , 0.0884 , -0.2004 , -0.0964 , 0.0380 , 0.2469 , -0.2878 , 0.4803 , -22.0986 , -3.8964 , 22.4395
4 , -1.1205 , 5.0376 , 9.5101 , -1.4734 , 4.4923 , 8.5918 , -0.1175 , -0.3390 , 0.0392 , 0.2452 , -0.1012 , 0.4897 , 0.5334 , -27.2638 , -9.7313 , 28.9484
10 , 0.0072 , 3.2562 , 10.1421 , -0.4578 , 3.6647 , 9.0847 , 0.4421 , 0.3946 , -0.1746 , 0.4650 , -0.4085 , 1.0575 , 0.4416 , -21.9436 , -2.8851 , 22.1324
5 , -1.0678 , 3.1916 , 9.0144 , -0.9371 , 3.9694 , 8.9183 , -0.0215 , 0.1955 , 0.5401 , -0.1308 , -0.7779 , 0.0962 , 0.4624 , -23.8767 , -5.9981 , 24.6185
2 , -2.0758 , 4.6018 , 8.4422 , -2.2983 , 4.0922 , 8.6105 , -0.1065 , -0.1546 , 0.1571 , 1.0414 , -1.0419 , -0.2090 , 0.5056 , -24.6637 , -14.9451 , 28.8384
10 , -0.8739 , 3.5794 , 9.2419 , -0.8610 , 3.2710 , 9.2049 , 0.0957 , 0.2785 , 0.0398 , -0.1494 , -0.8815 , 1.8591 , 0.4216 , -19.4845 , -5.3438 , 20.2040
8 , -1.1373 , 2.9713 , 9.1461 , -1.2917 , 3.5166 , 9.0629 , 0.0621 , 0.8295 , 0.4436 , 0.1544 , -0.5453 , 0.0833 , 0.4420 , -21.0136 , -8.1113 , 22.5248
1 , -1.8460 , 5.7558 , 8.5380 , -2.7438 , 4.6559 , 8.1832 , 0.0029 , -0.0238 , -0.1526 , 0.8978 , 1.0999 , 0.3548 , 0.5439 , -28.3443 , -18.5362 , 33.8673
8 , -1.3623 , 3.1221 , 10.0057 , -1.7267 , 3.4437 , 9.0183 , 0.3566 , -0.1039 , -0.1660 , 0.3644 , -0.3215 , 0.9874 , 0.4878 , -20.5581 , -10.8390 , 23.2404
8 , -1.6209 , 3.3256 , 9.3353 , -1.5146 , 3.4760 , 9.0440 , -0.0918 , 0.0440 , 0.0197 , -0.1064 , -0.1504 , 0.2913 , 0.4814 , -20.7600 , -9.5069 , 22.8333
10 , -0.5674 , 3.2849 , 9.9865 , -0.6793 , 3.3271 , 9.2000 , 0.0456 , 0.2382 , 0.1510 , 0.1118 , -0.0422 , 0.7866 , 0.4283 , -19.8327 , -4.2226 , 20.2772
8 , -1.5826 , 2.7941 , 9.5053 , -0.8557 , 3.3273 , 9.1852 , 0.5918 , 0.1136 , 0.0484 , -0.7269 , -0.5331 , 0.3201 , 0.4362 , -19.8334 , -5.3224 , 20.5351
6 , -0.5435 , 3.4142 , 9.6944 , -0.4143 , 3.4222 , 9.1808 , 0.0805 , 0.3024 , 0.0551 , 0.0384 , 0.3201 , 0.1928 , 0.4478 , -20.4240 , -2.5841 , 20.5868
2 , -0.9888 , 4.8221 , 6.8189 , -1.0437 , 4.4034 , 8.7001 , 0.0627 , -0.2291 , -0.3023 , 0.0548 , 0.4187 , -1.8812 , 0.5456 , -26.6809 , -6.8404 , 27.5438
1 , -1.1325 , 5.0783 , 8.4494 , -1.4909 , 4.5334 , 8.5671 , 0.0799 , 0.3549 , 0.1626 , 0.3584 , 0.5448 , -0.1177 , 0.5899 , -27.5343 , -9.8717 , 29.2505
3 , -1.6377 , 3.7925 , 11.2363 , -1.3812 , 3.6897 , 8.9805 , -0.1095 , -0.6769 , -0.0585 , 0.7060 , 0.1603 , 1.2072 , 0.5658 , -22.1012 , -8.7438 , 23.7680
7 , -1.7358 , 3.7039 , 8.6697 , -1.1030 , 4.0359 , 8.8693 , 0.1660 , 0.0427 , 0.0105 , -0.6328 , -0.3320 , -0.1997 , 0.5393 , -24.3022 , -7.0892 , 25.3151
8 , -0.6034 , 3.6082 , 8.7511 , -0.4584 , 3.6814 , 9.0779 , 0.0835 , -0.2328 , -0.0616 , -0.1450 , -0.0732 , -0.3268 , 0.5143 , -22.0489 , -2.8905 , 22.2376
5 , -0.2634 , 3.9817 , 8.5691 , -0.3838 , 3.8236 , 9.0224 , 0.0817 , 0.0855 , 0.0105 , 0.3336 , 0.0096 , 0.1549 , 0.5157 , -22.9484 , -2.4360 , 23.0773
3 , -0.7350 , 3.9625 , 8.4638 , -0.4555 , 3.9298 , 8.9733 , 0.1758 , 0.6585 , -0.0231 , 0.1586 , 0.2530 , -1.5055 , 0.5197 , -23.6235 , -2.9057 , 23.8016
7 , -0.0263 , 4.6904 , 9.7806 , -0.3165 , 4.2586 , 8.8280 , 0.2014 , 0.1014 , 0.0728 , 0.2902 , 0.4318 , 0.9526 , 0.5265 , -25.7381 , -2.0534 , 25.8199
8 , -0.4717 , 3.5675 , 9.3233 , 0.0776 , 3.9467 , 8.9771 , 0.0463 , 0.0140 , -0.2131 , -0.5493 , -0.3792 , 0.3462 , 0.5163 , -23.7315 , 0.4955 , 23.7367
10 , 0.4334 , 3.5196 , 9.2778 , 0.3323 , 3.4716 , 9.1656 , -0.2891 , -0.2016 , -0.0628 , 0.1011 , 0.0480 , 0.1122 , 0.4753 , -20.7325 , 2.0762 , 20.8362
9 , 0.5603 , 3.7111 , 8.4614 , 0.5949 , 3.3245 , 9.2067 , 0.0377 , 0.0293 , 0.0514 , -0.3195 , -0.2072 , 0.3057 , 0.4724 , -19.8162 , 3.6969 , 20.1581
1 , -1.3264 , 4.6473 , 8.7487 , -1.8623 , 4.1130 , 8.7055 , -0.1095 , -0.0550 , 0.0447 , 0.5358 , 0.5343 , 0.0432 , 0.5987 , -24.7973 , -12.0746 , 27.5808
1 , -2.3871 , 3.5268 , 8.8253 , -1.8506 , 3.9948 , 8.7628 , 0.2075 , 0.1515 , 0.1632 , 0.5242 , 0.6525 , -0.0142 , 0.5966 , -24.0389 , -11.9249 , 26.8341
5 , -0.6081 , 3.1748 , 9.6681 , -0.4609 , 3.3940 , 9.1891 , 0.1452 , -0.0697 , -0.1386 , -0.0635 , -0.2048 , 0.5413 , 0.5582 , -20.2484 , -2.8712 , 20.4509
4 , 0.8811 , 5.0328 , 9.9961 , -0.9728 , 4.1089 , 8.8510 , 0.7152 , -0.1802 , 0.4644 , -0.0472 , -0.9533 , 0.7955 , 0.5749 , -24.7710 , -6.2721 , 25.5527
6 , -0.2538 , 2.9090 , 9.2634 , -0.0728 , 3.1676 , 9.2807 , -0.0313 , -0.2700 , 0.2078 , -0.1810 , -0.2586 , -0.0172 , 0.5205 , -18.8450 , -0.4494 , 18.8504
4 , -1.0870 , 3.6752 , 9.1749 , -0.4779 , 4.0152 , 8.9342 , -0.2079 , -0.0959 , 0.1211 , -0.6091 , -0.3400 , 0.2407 , 0.5656 , -24.1695 , -3.0619 , 24.3627
9 , 0.6034 , 2.9617 , 10.0033 , 0.4146 , 3.3174 , 9.2192 , 0.2649 , 0.1637 , -0.0524 , 0.1887 , -0.3557 , 0.7841 , 0.4980 , -19.7722 , 2.5751 , 19.9392
5 , 0.3328 , 4.8723 , 8.2219 , -0.0718 , 3.5462 , 9.1427 , 0.3456 , 0.0360 , 0.1351 , 0.8260 , -1.1017 , 0.9084 , 0.5284 , -21.1994 , -0.4498 , 21.2042
5 , 0.4142 , 3.1341 , 9.2587 , 0.5845 , 3.1857 , 9.2564 , 0.0823 , 0.0232 , 0.0728 , -0.1703 , -0.0516 , 0.0023 , 0.5142 , -18.9564 , 3.6133 , 19.2977
5 , 1.3456 , 3.4980 , 10.8532 , 0.6223 , 3.1985 , 9.2495 , -0.2176 , -0.2279 , 0.0991 , -0.0884 , 0.0361 , 0.4043 , 0.5181 , -19.0359 , 3.8493 , 19.4212
9 , 0.6417 , 2.7175 , 9.2108 , 0.8022 , 3.0986 , 9.2696 , -0.1211 , -0.5186 , 0.0123 , -0.2851 , 0.0857 , -0.4299 , 0.4973 , -18.4196 , 4.9464 , 19.0722
7 , 0.6800 , 4.7526 , 9.3305 , 0.3108 , 4.1201 , 8.8937 , -0.0753 , 0.0275 , 0.0991 , 0.2255 , -0.4281 , 0.7145 , 0.5214 , -24.8430 , 2.0014 , 24.9235
8 , 1.0080 , 3.5723 , 9.1389 , 0.8295 , 3.4989 , 9.1236 , -0.1431 , 0.1020 , 0.0484 , 0.1785 , 0.0734 , 0.0154 , 0.5003 , -20.9031 , 5.1950 , 21.5390
7 , 0.1461 , 4.0846 , 9.7974 , -0.4500 , 3.7400 , 9.0543 , 0.1043 , 0.0311 , -0.1807 , 0.5960 , 0.3447 , 0.7431 , 0.5272 , -22.4186 , -2.8450 , 22.5984
8 , 0.2370 , 3.7830 , 9.2874 , 0.0587 , 3.6402 , 9.1058 , 0.0151 , 0.0110 , 0.0630 , 0.0322 , 0.0278 , -0.1728 , 0.5078 , -21.7894 , 0.3696 , 21.7925
6 , 0.2586 , 3.4071 , 9.2515 , 0.2369 , 3.3946 , 9.1973 , -0.1675 , 0.1106 , -0.1135 , -0.0765 , 0.2183 , -0.1015 , 0.5050 , -20.2523 , 1.4755 , 20.3060
9 , 0.7135 , 4.0918 , 9.5627 , 0.9159 , 3.3134 , 9.1844 , -0.1333 , -0.2132 , -0.0213 , -0.0922 , 0.1128 , 0.0024 , 0.4971 , -19.7472 , 5.6946 , 20.5520
4 , -0.4980 , 3.9218 , 8.2555 , -0.3741 , 3.7703 , 9.0452 , 0.2662 , -0.0348 , 0.2811 , -0.1239 , 0.1515 , -0.7897 , 0.5653 , -22.6104 , -2.3685 , 22.7341
1 , -1.7239 , 4.3336 , 8.4805 , -1.6783 , 4.2450 , 8.6795 , 0.0841 , 0.1148 , -0.0451 , -0.0456 , 0.0886 , -0.1990 , 0.6063 , -25.6498 , -10.9440 , 27.8870
1 , -1.7215 , 4.2690 , 8.3776 , -1.7471 , 4.1814 , 8.6968 , -0.0136 , -0.0629 , 0.0581 , 0.0256 , 0.0875 , -0.3192 , 0.6070 , -25.2386 , -11.3590 , 27.6770
5 , -0.6967 , 3.6297 , 10.7120 , -0.5787 , 3.3028 , 9.2156 , 0.1984 , 0.3292 , -0.0274 , 0.7008 , 0.0923 , 0.5674 , 0.5676 , -19.6812 , -3.5931 , 20.0065
5 , -0.7135 , 3.1389 , 7.9538 , -0.3889 , 3.3841 , 9.1960 , 0.0499 , 0.2541 , 0.1259 , -0.3246 , -0.2452 , -1.2422 , 0.5546 , -20.1868 , -2.4218 , 20.3316
8 , 0.3639 , 3.3424 , 10.3002 , 0.2821 , 3.3140 , 9.2254 , 0.1324 , -0.0367 , -0.0891 , 0.1680 , 0.2942 , 0.0692 , 0.5264 , -19.7510 , 1.7515 , 19.8285
1 , -2.1453 , 5.0591 , 7.3289 , -2.5949 , 4.9027 , 8.0871 , 0.0627 , -0.0745 , 0.1705 , 0.6651 , 0.8771 , -0.3536 , 0.5562 , -29.9955 , -17.7895 , 34.8741
2 , -0.6153 , 4.0727 , 9.1557 , -0.6387 , 3.1843 , 9.2532 , 0.4183 , 0.4661 , 0.6641 , 0.1431 , -0.6248 , 0.7668 , 0.5329 , -18.9479 , -3.9487 , 19.3550
3 , -0.7662 , 3.6680 , 9.0025 , -0.1453 , 3.3144 , 9.2284 , -0.5218 , -0.8455 , 0.0777 , -0.6209 , 0.3537 , -0.2260 , 0.5413 , -19.7534 , -0.9018 , 19.7740
10 , 0.0359 , 2.9258 , 9.5508 , 0.2295 , 3.7619 , 9.0535 , 0.3059 , 0.1301 , -0.1129 , -0.1936 , -0.8361 , 0.4973 , 0.4605 , -22.5570 , 1.4522 , 22.6037
3 , 0.8356 , 3.0479 , 9.4694 , -0.0371 , 3.9452 , 8.9780 , 0.3505 , 0.7795 , 0.1125 , 0.8727 , -0.8972 , 0.4913 , 0.5023 , -23.7217 , -0.2365 , 23.7229
7 , -1.3192 , 3.4980 , 7.9418 , -0.9819 , 3.9790 , 8.9092 , 0.0560 , 0.4111 , 0.0801 , -0.3373 , -0.4810 , -0.9674 , 0.5025 , -23.9378 , -6.2895 , 24.7503
10 , -0.1508 , 3.2418 , 7.3337 , -0.0813 , 3.3360 , 9.2214 , -0.0411 , -0.0923 , -0.0408 , 0.4357 , 0.6673 , -0.2094 , 0.4593 , -19.8874 , -0.5053 , 19.8938
7 , -3.2921 , 3.2754 , 8.5260 , -3.7212 , 1.7279 , 8.9072 , 0.7659 , 0.7336 , 0.5884 , 0.5943 , 0.2067 , 0.0642 , 0.3137 , -10.1482 , -22.6741 , 24.8416
4 , -4.5276 , 2.6289 , 8.7128 , -3.8078 , 3.1175 , 8.4824 , 0.2228 , 0.5919 , 0.6385 , -0.7198 , -0.4886 , 0.2303 , 0.3521 , -18.5361 , -24.1755 , 30.4638
6 , -0.5722 , 2.6648 , 9.5196 , -0.5411 , 2.8114 , 9.3794 , -0.1285 , -0.3623 , 0.1870 , -0.0311 , -0.1466 , 0.1402 , 0.4363 , -16.6594 , -3.3019 , 16.9834
9 , -0.2682 , 3.1269 , 9.5843 , -0.1635 , 2.6304 , 9.4459 , 0.0377 , -0.3280 , -0.1856 , 0.0964 , 0.2595 , 0.6388 , 0.4380 , -15.5587 , -0.9915 , 15.5902
1 , -3.8452 , 3.4789 , 9.9315 , -3.9552 , 4.4764 , 7.7775 , 0.1965 , 0.4624 , -0.0243 , 0.1100 , -0.9975 , 2.1540 , 0.5421 , -27.1593 , -26.9552 , 38.2650
10 , -1.5611 , 2.0830 , 9.5460 , -1.5648 , 2.5502 , 9.3391 , 0.0603 , -0.2987 , 0.0068 , 0.0037 , -0.4672 , 0.2069 , 0.4156 , -15.0732 , -9.5117 , 17.8234
7 , -1.8220 , 3.8907 , 9.9147 , -1.8388 , 3.7186 , 8.8860 , 0.4769 , -0.5681 , -0.0249 , 0.1628 , 0.4690 , -1.3393 , 0.4578 , -22.2838 , -11.6911 , 25.1644
6 , -1.6185 , 2.9833 , 9.1820 , -1.4522 , 3.2300 , 9.1449 , -0.4076 , -0.2340 , -0.0958 , 0.1928 , 0.5985 , -0.5446 , 0.4639 , -19.2303 , -9.0230 , 21.2419
6 , -1.1828 , 3.2778 , 9.0528 , -1.3026 , 2.8338 , 9.2975 , 0.1495 , 0.1258 , -0.2247 , 0.1198 , 0.4440 , -0.2447 , 0.4768 , -16.7959 , -7.9751 , 18.5932
4 , -2.3967 , 3.9266 , 7.2235 , -2.0920 , 3.8423 , 8.7767 , 0.5197 , 0.5113 , 0.1834 , 1.3761 , -1.0050 , 1.2768 , 0.4991 , -23.0666 , -13.4067 , 26.6797
6 , -1.7766 , 2.7007 , 10.6785 , -1.6462 , 2.9068 , 9.2201 , 0.0921 , -0.0788 , -0.1379 , -0.1304 , -0.2061 , 1.4583 , 0.4932 , -17.2422 , -10.1229 , 19.9941
8 , -1.6497 , 2.4110 , 9.3784 , -1.3593 , 2.7465 , 9.3155 , 0.3059 , 0.0690 , -0.0958 , -0.1611 , -0.5390 , -0.3370 , 0.4906 , -16.2642 , -8.3016 , 18.2604
1 , -2.7774 , 5.6265 , 6.9051 , -2.3482 , 5.2195 , 7.9632 , 0.3853 , 0.5882 , 0.2915 , -0.4291 , 0.4070 , -1.0581 , 0.5535 , -32.1571 , -16.4301 , 36.1113
8 , -1.6233 , 1.6113 , 10.7431 , -1.4203 , 3.2153 , 9.1550 , 0.2900 , -0.1698 , 0.0600 , -0.2030 , -1.6040 , 1.5881 , 0.4738 , -19.1397 , -8.8186 , 21.0736
3 , -1.1588 , 4.3528 , 8.8780 , -1.5613 , 3.9849 , 8.8234 , -0.0576 , 0.1142 , 0.0099 , 0.4025 , 0.3679 , 0.0545 , 0.4768 , -23.9757 , -10.0347 , 25.9909
2 , -2.3296 , 4.5252 , 7.4127 , -1.8350 , 4.3096 , 8.6157 , 0.5429 , 0.8363 , 0.2756 , 0.0009 , -0.3902 , -1.6173 , 0.4806 , -26.0692 , -12.0230 , 28.7082
4 , -1.8364 , 4.2259 , 8.8756 , -2.0518 , 4.5390 , 8.4474 , 0.2686 , 0.2303 , 0.1204 , 0.2154 , -0.3131 , 0.4282 , 0.5067 , -27.5711 , -13.6522 , 30.7660
5 , -1.1780 , 4.0918 , 9.5867 , -1.6395 , 4.0468 , 8.7810 , 0.2051 , 0.1527 , 0.0380 , 0.4615 , 0.0450 , 0.8057 , 0.5072 , -24.3722 , -10.5758 , 26.5679
6 , -1.5850 , 2.7869 , 8.8157 , -1.4404 , 3.3434 , 9.1059 , -0.1651 , -0.1045 , -0.1459 , 0.0325 , 0.6383 , -0.2399 , 0.4929 , -19.9337 , -8.9885 , 21.8665
1 , -2.4613 , 4.9681 , 8.4709 , -2.8930 , 4.6398 , 8.1408 , 0.0518 , 0.4960 , 0.2255 , 0.3431 , -1.7475 , 1.2280 , 0.5268 , -28.2376 , -19.5633 , 34.3524
9 , 0.1413 , 2.2386 , 10.7958 , -0.2650 , 2.6386 , 9.4413 , -0.4534 , -0.3207 , -0.1801 , -0.7095 , 1.3885 , -0.9679 , 0.4663 , -15.6087 , -1.6076 , 15.6912
3 , -0.3759 , 3.6800 , 8.1693 , -0.7933 , 3.1243 , 9.2617 , 0.2100 , 0.2333 , 0.4711 , 0.8172 , -0.3996 , 1.1534 , 0.4653 , -18.5778 , -4.8957 , 19.2120
6 , -0.1437 , 3.1772 , 9.6082 , -0.3260 , 2.8585 , 9.3751 , -0.1175 , -0.1350 , 0.0533 , -0.3396 , -0.1242 , 0.2067 , 0.4705 , -16.9467 , -1.9915 , 17.0633
3 , -0.4836 , 3.3975 , 9.0144 , -1.0772 , 3.4705 , 9.1085 , -0.3038 , -0.8766 , 0.0594 , 0.5936 , -0.0731 , -0.0941 , 0.4732 , -20.7258 , -6.7448 , 21.7956
3 , -0.5579 , 3.2466 , 9.5053 , -0.5972 , 3.2761 , 9.2239 , 0.0047 , 0.1069 , -0.0353 , 0.0394 , -0.0294 , 0.2813 , 0.4803 , -19.5156 , -3.7047 , 19.8642
4 , -0.7279 , 4.4773 , 9.8979 , -1.1363 , 4.3451 , 8.7177 , -0.5866 , -0.1845 , 0.1204 , 0.4084 , 0.1322 , 1.1802 , 0.5271 , -26.3006 , -7.4262 , 27.3289
3 , -0.8021 , 3.6201 , 9.6537 , -0.9491 , 3.5067 , 9.1089 , -0.1181 , -0.0049 , -0.0127 , 0.3242 , 0.2140 , 0.1497 , 0.5122 , -20.9520 , -5.9485 , 21.7801
1 , -2.4829 , 5.1645 , 5.3991 , -1.9348 , 4.0134 , 8.7361 , 0.2430 , 0.8265 , -0.0445 , 0.3953 , 0.0999 , -0.0497 , 0.5451 , -24.1582 , -12.4877 , 27.1949
1 , -2.8276 , 4.5611 , 8.3512 , -2.4814 , 3.9313 , 8.6347 , 0.1666 , 0.3555 , -0.0078 , -0.3463 , 0.6298 , -0.2835 , 0.5576 , -23.6335 , -16.0331 , 28.5588
10 , -1.2043 , 3.2179 , 8.2722 , -1.4809 , 3.9357 , 8.8593 , -0.0814 , -0.0898 , -0.1502 , 0.2765 , -0.7178 , -0.5871 , 0.4532 , -23.6616 , -9.4894 , 25.4935
2 , -2.4206 , 4.4318 , 7.1158 , -2.4738 , 3.6691 , 8.7515 , 0.0084 , -0.0171 , 0.5658 , 1.2072 , -0.5949 , 1.0267 , 0.4936 , -21.9715 , -15.7839 , 27.0533
6 , -1.2354 , 3.1485 , 9.9578 , -1.6691 , 3.1381 , 9.1399 , 0.3095 , -0.1106 , -0.1404 , -0.5217 , 0.0080 , 0.2529 , 0.4879 , -18.6627 , -10.3490 , 21.3401
1 , -2.2195 , 4.3911 , 10.6186 , -2.3121 , 3.8355 , 8.7243 , 0.1012 , 0.2480 , 0.0478 , 0.0926 , 0.5556 , 1.8943 , 0.5450 , -23.0238 , -14.8429 , 27.3936
9 , -1.1205 , 2.5068 , 9.3209 , -0.4975 , 2.6326 , 9.4336 , -0.4974 , 0.0507 , 0.1461 , -0.6230 , -0.1258 , -0.1127 , 0.4623 , -15.5723 , -3.0189 , 15.8622
7 , -0.1700 , 2.6361 , 8.7726 , -0.6425 , 2.7147 , 9.4015 , 0.3859 , 0.4532 , 0.0930 , 0.4725 , -0.0786 , -0.6289 , 0.5227 , -16.0707 , -3.9094 , 16.5394
3 , -0.2275 , 2.8516 , 9.1581 , 0.0080 , 2.2691 , 9.5405 , 0.2533 , 0.7758 , 0.0649 , 0.0183 , -0.3656 , 0.6016 , 0.5048 , -13.3784 , 0.0482 , 13.3785
1 , -1.9226 , 3.4980 , 8.1860 , -2.1108 , 3.0557 , 9.0762 , 0.1092 , -0.1375 , 0.2664 , 0.1499 , -0.5010 , 0.9510 , 0.5874 , -18.1555 , -13.0923 , 22.3837
2 , -0.6201 , 3.0623 , 10.1589 , -0.6893 , 2.8565 , 9.3560 , -0.1883 , -0.3623 , -0.1911 , 0.0692 , 0.2058 , 0.8029 , 0.5876 , -16.9348 , -4.2135 , 17.4511
2 , -0.3879 , 2.5715 , 10.9347 , -0.4612 , 2.7240 , 9.4094 , 0.1012 , -0.0495 , 0.0807 , -0.0033 , -0.0448 , 0.0671 , 0.5696 , -16.1272 , -2.8063 , 16.3696
6 , 0.5435 , 2.5786 , 8.7559 , 0.7460 , 2.8377 , 9.3574 , -0.2622 , -0.5748 , 0.2365 , -0.2025 , -0.2590 , -0.6016 , 0.5381 , -16.8197 , 4.5582 , 17.4264
3 , 0.4884 , 2.6960 , 9.5125 , 0.1835 , 3.1111 , 9.2983 , 0.1043 , 0.1026 , 0.0636 , 0.3050 , -0.4151 , 0.2142 , 0.5562 , -18.4961 , 1.1303 , 18.5306
8 , 0.3783 , 3.7638 , 8.8852 , 0.6943 , 4.1351 , 8.8651 , -0.1578 , -0.0208 , 0.0343 , -0.3160 , -0.3713 , 0.0201 , 0.5324 , -24.9395 , 4.4779 , 25.3383
4 , -0.2801 , 5.0304 , 6.8261 , -0.1077 , 4.0173 , 8.9454 , 0.6138 , 1.1735 , 0.5535 , 0.7901 , -0.1506 , 0.1361 , 0.5703 , -24.1829 , -0.6898 , 24.1927
7 , -0.0646 , 4.8891 , 8.7128 , -0.2242 , 4.5904 , 8.6630 , 0.0530 , 0.3134 , -0.0029 , 0.1595 , 0.2987 , 0.0497 , 0.5467 , -27.9107 , -1.4823 , 27.9500
2 , -0.1604 , 3.7279 , 9.4167 , -0.2592 , 4.2096 , 8.8534 , 0.1904 , -0.0611 , -0.0402 , 0.0988 , -0.4818 , 0.5633 , 0.5628 , -25.4208 , -1.6772 , 25.4761
8 , 0.9553 , 4.2929 , 9.4071 , 0.3583 , 4.3293 , 8.7920 , 0.2399 , -0.0715 , 0.3465 , -1.0718 , -0.8792 , 0.0788 , 0.5409 , -26.1975 , 2.3335 , 26.3012
2 , -0.8931 , 3.7877 , 8.3608 , -0.1206 , 4.0448 , 8.9328 , 0.2478 , 0.1435 , 0.3544 , -0.7724 , -0.2571 , -0.5720 , 0.5594 , -24.3591 , -0.7738 , 24.3714
4 , -0.5818 , 3.8763 , 9.3760 , -0.3247 , 4.4310 , 8.7425 , 0.7683 , 0.1270 , 0.0630 , -0.2571 , -0.5547 , 0.6335 , 0.5652 , -26.8617 , -2.1271 , 26.9458
5 , 1.8268 , 3.3544 , 9.6130 , 1.7546 , 3.4608 , 9.0064 , 0.2204 , 0.1081 , 0.0221 , 0.0722 , -0.1064 , 0.6067 , 0.5505 , -20.6652 , 11.0242 , 23.4218
4 , -0.2538 , 4.5755 , 7.8963 , 0.2334 , 4.4998 , 8.7102 , -0.0429 , -0.4362 , 0.1125 , 0.7555 , -0.7120 , -0.1052 , 0.5719 , -27.3129 , 1.5347 , 27.3560
5 , 1.0894 , 4.3959 , 9.1868 , 1.0148 , 4.2608 , 8.7742 , 0.0096 , -0.0202 , -0.0335 , 0.1728 , 0.1542 , -0.0303 , 0.5653 , -25.7525 , 6.5974 , 26.5842
6 , 1.8316 , 4.3576 , 9.0958 , 1.2279 , 4.1071 , 8.8201 , -0.0307 , -0.2780 , 0.1730 , -0.2774 , 0.1188 , 0.0004 , 0.5622 , -24.7596 , 7.9258 , 25.9972
7 , 0.6584 , 4.4653 , 7.9681 , 1.2380 , 4.4041 , 8.6742 , -0.1517 , -0.2865 , 0.1644 , -0.5796 , 0.0612 , -0.7060 , 0.5613 , -26.6855 , 8.1228 , 27.8944
8 , 1.7263 , 4.4246 , 7.3911 , 1.6485 , 4.1060 , 8.7518 , 0.0450 , 0.1307 , -0.0427 , 0.1783 , 0.4168 , 1.0696 , 0.5506 , -24.7525 , 10.6676 , 26.9533
4 , 1.4437 , 5.6696 , 11.6577 , 0.2350 , 4.3425 , 8.7896 , 0.2442 , 0.4007 , -0.0958 , 1.2088 , 1.3271 , 2.8681 , 0.5814 , -26.2835 , 1.5312 , 26.3280
1 , -1.0224 , 4.0391 , 10.3552 , -0.5793 , 4.1030 , 8.8882 , -0.4479 , 0.7080 , 0.3562 , 2.0230 , 1.5666 , 2.7695 , 0.6025 , -24.7332 , -3.7288 , 25.0127
7 , -3.2754 , 1.0104 , 8.9546 , -2.8250 , 1.3857 , 9.2881 , 0.2619 , -0.0122 , 0.1021 , 0.1267 , -1.6946 , 0.3871 , 0.5184 , -8.1234 , -16.9172 , 18.7665
4 , -2.5092 , 2.9043 , 8.4255 , -3.1214 , 1.8903 , 9.1024 , 0.4995 , 0.5272 , 0.7814 , 0.6625 , 0.0682 , -1.2300 , 0.5573 , -11.1140 , -18.9277 , 21.9495
2 , -2.7989 , 3.7111 , 9.9434 , -2.6873 , 3.3858 , 8.8025 , -0.0472 , -0.2651 , 0.0771 , 0.5157 , 0.9478 , -0.2047 , 0.5654 , -20.1977 , -16.9767 , 26.3848
8 , -1.5706 , 0.3544 , 8.3417 , -1.2873 , 1.1992 , 9.6476 , 0.2478 , -0.4521 , 0.1473 , -0.2833 , -0.8448 , -1.3059 , 0.4913 , -7.0237 , -7.6002 , 10.3487
6 , -0.6896 , 2.3536 , 9.5364 , -0.7575 , 2.0983 , 9.5495 , 0.2265 , 0.2620 , 0.1895 , 0.4773 , 0.0134 , 0.6477 , 0.5094 , -12.3551 , -4.5352 , 13.1611
1 , -1.6305 , 4.7838 , 6.7926 , -1.8925 , 4.6352 , 8.4323 , 0.1507 , 0.2669 , 0.0056 , 0.6091 , 0.2587 , 0.1296 , 0.5954 , -28.2068 , -12.6493 , 30.9132
9 , 0.6273 , 1.9058 , 11.4829 , 0.1642 , 2.5185 , 9.4763 , -0.3685 , -0.4918 , -0.6028 , -1.0334 , -0.5241 , -0.1434 , 0.5023 , -14.8811 , 0.9929 , 14.9142
10 , -0.4717 , 2.1477 , 9.3736 , 0.3395 , 2.8109 , 9.3890 , 0.4183 , 0.2095 , -0.3243 , 0.0053 , -0.0863 , -0.4296 , 0.4453 , -16.6567 , 2.0706 , 16.7849
4 , -1.1493 , 3.4238 , 7.8460 , -1.4586 , 4.0051 , 8.8319 , 0.6907 , 0.7947 , 0.2054 , 1.3413 , 0.2447 , 1.3055 , 0.5101 , -24.1049 , -9.3777 , 25.8648
3 , -0.7015 , 4.2283 , 10.4319 , -1.0273 , 3.7341 , 9.0095 , 0.4690 , 0.4862 , -0.0488 , 0.7807 , 0.3625 , 0.6610 , 0.5234 , -22.3815 , -6.5050 , 23.3077
2 , -2.1213 , 4.0751 , 8.5931 , -1.7835 , 4.1945 , 8.6831 , 0.1312 , 0.6200 , 0.1956 , -0.3378 , -0.1194 , -0.0900 , 0.5422 , -25.3227 , -11.6073 , 27.8562
5 , -1.3480 , 4.4821 , 7.6282 , -1.3964 , 3.9981 , 8.8451 , 0.3554 , 0.2120 , -0.0054 , -0.2365 , -0.0164 , 0.4016 , 0.5502 , -24.0598 , -8.9715 , 25.6781
4 , -1.3647 , 4.1205 , 11.1286 , -1.3948 , 4.7916 , 8.4419 , -0.2121 , 0.2785 , 0.2396 , 0.0300 , -0.6710 , 2.6867 , 0.5620 , -29.2490 , -9.3816 , 30.7167
5 , -0.2466 , 3.7303 , 9.9386 , -0.7599 , 3.2590 , 9.2180 , -0.2158 , -0.2792 , -0.1251 , 0.5133 , 0.4713 , 0.7206 , 0.5438 , -19.4099 , -4.7128 , 19.9738
7 , 0.0670 , 4.2738 , 8.1908 , -0.9125 , 4.0779 , 8.8718 , -0.1071 , 0.1228 , -0.0989 , -0.2152 , -1.2263 , -0.0130 , 0.5441 , -24.5717 , -5.8727 , 25.2637
3 , -0.8715 , 4.2235 , 8.6481 , -0.8657 , 3.5455 , 9.1022 , -0.1730 , -0.1949 , -0.0897 , -0.0058 , 0.6780 , -0.4541 , 0.5573 , -21.1948 , -5.4329 , 21.8800
10 , -0.1077 , 3.6249 , 9.0504 , -0.0917 , 3.4117 , 9.1936 , 0.2717 , 0.0831 , -0.1428 , 0.4748 , -0.3230 , -0.5407 , 0.4905 , -20.3584 , -0.5717 , 20.3664
6 , -0.2753 , 3.4118 , 8.6912 , 0.0084 , 3.0442 , 9.3222 , 0.3828 , 0.5473 , 0.1540 , 0.1520 , -0.0633 , 0.1424 , 0.5007 , -18.0844 , 0.0518 , 18.0844
4 , -1.2809 , 4.4462 , 7.4103 , -1.1816 , 3.6352 , 9.0310 , 0.7090 , 0.5498 , 0.2243 , 0.5806 , -0.6232 , 0.0529 , 0.5548 , -21.7581 , -7.4539 , 22.9995
9 , 0.7087 , 2.5355 , 9.7184 , 0.7141 , 3.0429 , 9.2952 , -0.0894 , -0.3458 , -0.0598 , -0.0054 , -0.5074 , 0.4231 , 0.5005 , -18.0768 , 4.3928 , 18.6029
4 , -0.5890 , 4.3121 , 6.6513 , -0.6723 , 3.8428 , 8.9973 , -0.3557 , 0.1161 , -0.0188 , 0.0833 , 0.4693 , -2.3460 , 0.5577 , -23.0698 , -4.2732 , 23.4622
5 , -0.6632 , 3.1796 , 9.0432 , -0.7331 , 3.2127 , 9.2364 , -0.0729 , -0.0067 , 0.0233 , 0.0698 , -0.0331 , -0.1932 , 0.5491 , -19.1235 , -4.5378 , 19.6545
2 , -0.9194 , 4.2307 , 9.7447 , -1.3922 , 3.8063 , 8.9300 , -0.3868 , 0.0721 , 0.4662 , 0.0682 , -0.1311 , -0.1166 , 0.5097 , -22.8384 , -8.8614 , 24.4973
7 , -0.8260 , 4.4462 , 8.7798 , -0.8570 , 4.2050 , 8.8178 , 0.1147 , 0.0201 , -0.0097 , 0.0309 , 0.2412 , -0.0380 , 0.4988 , -25.3908 , -5.5509 , 25.9905
2 , -0.6465 , 4.1565 , 10.5564 , -0.9810 , 3.7931 , 8.9900 , 0.4103 , 0.2547 , -0.0396 , 0.3345 , 0.3634 , 1.5663 , 0.5395 , -22.7547 , -6.2272 , 23.5914
3 , -0.8595 , 3.2466 , 8.6314 , -0.7732 , 3.5486 , 9.1093 , 0.1532 , 0.0177 , 0.0441 , -0.0863 , -0.3019 , -0.4780 , 0.5265 , -21.2141 , -4.8518 , 21.7618
9 , -0.0575 , 2.9450 , 9.2227 , 0.2009 , 3.5414 , 9.1427 , -0.1956 , -0.1607 , -0.2589 , -0.3494 , -0.1056 , -0.5257 , 0.4656 , -21.1689 , 1.2590 , 21.2063
1 , -1.4533 , 5.4494 , 7.9107 , -1.7438 , 4.4515 , 8.5623 , -0.2555 , 0.3946 , -0.0317 , 0.2904 , 0.9979 , -0.6517 , 0.5599 , -26.9959 , -11.5111 , 29.3477
6 , 0.1030 , 3.5818 , 9.6417 , -0.2595 , 2.9175 , 9.3590 , 0.1861 , -0.4637 , -0.1630 , -0.9664 , 0.4081 , -0.2225 , 0.5032 , -17.3079 , -1.5880 , 17.3806
10 , -0.1030 , 3.7015 , 7.6210 , 0.1833 , 3.6788 , 9.0886 , -0.5616 , -0.0721 , 0.0600 , -0.2863 , 0.0228 , -1.4677 , 0.4407 , -22.0325 , 1.1555 , 22.0627
9 , 0.2897 , 3.5794 , 9.3592 , 0.3127 , 3.0205 , 9.3247 , 0.3926 , 0.5302 , 0.1040 , -0.0948 , 0.5350 , -0.5568 , 0.4396 , -17.9390 , 1.9207 , 18.0415
3 , -0.4214 , 3.7087 , 9.4406 , -0.2516 , 2.9923 , 9.3356 , 0.0689 , 0.4068 , 0.1675 , 0.0577 , -0.0090 , -0.3235 , 0.4764 , -17.7658 , -1.5439 , 17.8328
4 , -0.6872 , 4.2067 , 7.2547 , -1.1493 , 4.3917 , 8.6926 , 0.1849 , -0.1546 , 0.2469 , 0.4622 , -0.1850 , -1.4380 , 0.5424 , -26.6047 , -7.5319 , 27.6503
6 , -0.4669 , 2.8252 , 9.5771 , 0.0562 , 3.0523 , 9.3194 , -0.1792 , -0.2468 , -0.1599 , -0.5231 , -0.2270 , 0.2577 , 0.5573 , -18.1342 , 0.3454 , 18.1375
2 , 0.0886 , 3.9434 , 9.4167 , -0.1795 , 3.1040 , 9.3007 , 0.0237 , 0.5492 , 0.5865 , 0.8619 , -0.3003 , -0.7244 , 0.5856 , -18.4524 , -1.1056 , 18.4855
1 , -1.3935 , 4.2283 , 10.0607 , -1.6099 , 4.0428 , 8.7883 , 0.0420 , -0.2181 , 0.0801 , 0.1686 , -0.9565 , 0.0370 , 0.5949 , -24.3461 , -10.3809 , 26.4668
6 , -1.3599 , 1.7263 , 8.6457 , -0.3398 , 2.6821 , 9.4266 , -0.0008 , -0.2602 , 0.0966 , -1.0202 , -0.9558 , -0.7809 , 0.5303 , -15.8725 , -2.0643 , 16.0062
2 , -0.6058 , 4.2858 , 10.1876 , -0.8970 , 3.7048 , 9.0355 , 0.1122 , -0.1026 , -0.1355 , 0.9665 , -0.2451 , 0.4434 , 0.5375 , -22.1964 , -5.6698 , 22.9091
2 , -0.9122 , 3.3879 , 7.9921 , -0.9974 , 3.8778 , 8.9520 , 0.1214 , -0.2279 , 0.1082 , 0.3917 , 0.4080 , 1.2356 , 0.5443 , -23.2923 , -6.3577 , 24.1444
4 , -0.4525 , 3.6034 , 8.0184 , -0.6320 , 3.9663 , 8.9465 , 0.1452 , -0.1399 , 0.2286 , 0.1794 , -0.3629 , -0.9280 , 0.5605 , -23.8567 , -4.0405 , 24.1965
2 , -1.0056 , 3.8883 , 8.2435 , -0.5637 , 3.5208 , 9.1355 , -0.1040 , 0.5815 , 0.0197 , -0.4419 , 0.3675 , -0.8920 , 0.5633 , -21.0402 , -3.5311 , 21.3344
6 , 0.1963 , 2.8779 , 9.9745 , -0.2898 , 3.4707 , 9.1674 , -0.1339 , -0.7117 , -0.4293 , -0.1052 , 0.6690 , -0.7898 , 0.5390 , -20.7267 , -1.8108 , 20.8057
6 , 0.4214 , 3.6776 , 9.6801 , 0.3077 , 3.5415 , 9.1397 , -0.2286 , -0.0422 , 0.0215 , -0.1114 , -0.6636 , 0.8349 , 0.5292 , -21.1698 , 1.9284 , 21.2575
6 , 0.3256 , 3.5723 , 9.4358 , 0.3249 , 3.5780 , 9.1248 , 0.0719 , 0.0305 , -0.0219 , 0.0007 , -0.0057 , 0.3110 , 0.5296 , -21.3986 , 2.0394 , 21.4956
7 , 0.6417 , 5.5643 , 8.9809 , 0.0088 , 4.9569 , 8.4616 , -0.4192 , 0.0959 , 0.0032 , 0.0702 , -0.7167 , 0.0979 , 0.5471 , -30.3624 , 0.0595 , 30.3624
7 , 0.2275 , 4.5491 , 9.3472 , -0.0813 , 4.6843 , 8.6152 , -0.1303 , 0.0812 , 0.0563 , 0.3088 , -0.1352 , 0.7321 , 0.5482 , -28.5332 , -0.5410 , 28.5383
8 , 0.0958 , 3.4334 , 9.0958 , 0.2871 , 4.0692 , 8.9179 , -0.0295 , -0.0318 , -0.0023 , -0.1913 , -0.6358 , 0.1779 , 0.5141 , -24.5156 , 1.8438 , 24.5848
10 , 1.5204 , 4.1708 , 8.7439 , 1.0977 , 4.0663 , 8.8561 , -0.1199 , -0.0293 , -0.3762 , 0.4227 , 0.1046 , -0.1122 , 0.4940 , -24.4968 , 7.0655 , 25.4954
7 , -1.4270 , 3.0671 , 8.7607 , -1.0998 , 3.3081 , 9.1661 , 0.1635 , 0.3225 , -0.1654 , -0.0350 , -0.1620 , 1.0838 , 0.5167 , -19.7142 , -6.8422 , 20.8678
10 , -0.3855 , 1.7335 , 9.2922 , -0.7605 , 0.8975 , 9.7358 , 0.3010 , -0.1368 , 0.2426 , -0.6977 , -1.5391 , 1.1294 , 0.4319 , -5.2509 , -4.4662 , 6.8934
9 , 0.4932 , 1.9753 , 9.3568 , -0.0545 , 1.7129 , 9.6557 , 0.3407 , -0.2529 , -0.1111 , 0.2436 , -0.2524 , 0.3739 , 0.4310 , -10.0593 , -0.3232 , 10.0645
6 , 0.3783 , 2.8396 , 9.7495 , -0.1098 , 2.8224 , 9.3911 , 0.1238 , -0.2584 , 0.0105 , -0.5702 , 0.3261 , 0.1094 , 0.5247 , -16.7265 , -0.6697 , 16.7399
4 , -2.2626 , 3.3233 , 9.1844 , -1.9469 , 3.6218 , 8.9030 , -0.0759 , 0.2773 , 0.1241 , -0.3157 , -0.2985 , 0.2815 , 0.5966 , -21.6735 , -12.3352 , 24.9379
2 , -0.7566 , 3.7231 , 9.3927 , -1.1592 , 3.5409 , 9.0713 , -0.1010 , -0.1246 , -0.0628 , 0.0530 , -0.2128 , 0.2735 , 0.6339 , -21.1658 , -7.2820 , 22.3834
5 , -0.6273 , 3.7351 , 9.1437 , -1.0667 , 3.4615 , 9.1132 , 0.1238 , -0.2505 , 0.0697 , 0.3101 , 0.2616 , 0.2795 , 0.6240 , -20.6691 , -6.6761 , 21.7206
7 , -0.5100 , 4.0152 , 8.7583 , -0.8798 , 3.8503 , 8.9762 , -0.1352 , 0.3164 , -0.1722 , 0.3698 , 0.1649 , -0.2179 , 0.6111 , -23.1178 , -5.5982 , 23.7859
7 , -0.4765 , 4.3959 , 9.8740 , -0.8426 , 3.8538 , 8.9782 , -0.1285 , -0.0177 , 0.0759 , 0.5314 , 0.4511 , -0.9047 , 0.6179 , -23.1400 , -5.3615 , 23.7530
10 , -0.3089 , 4.0152 , 8.9043 , -0.0175 , 4.1731 , 8.8744 , -0.0106 , -0.2419 , -0.5271 , 0.1875 , -0.4835 , -0.6094 , 0.5520 , -25.1846 , -0.1133 , 25.1848
3 , -0.9457 , 3.5052 , 9.2323 , -0.4648 , 3.7939 , 9.0311 , 0.2289 , 0.1961 , 0.1003 , -0.4810 , -0.2887 , 0.2012 , 0.5726 , -22.7600 , -2.9461 , 22.9499
3 , 0.1077 , 3.8069 , 8.5500 , 0.1176 , 3.5524 , 9.1399 , 0.2381 , 0.1173 , 0.0771 , -0.0098 , 0.2545 , -0.5899 , 0.6024 , -21.2379 , 0.7371 , 21.2507
8 , 0.4693 , 4.4079 , 9.1054 , 0.3865 , 4.0208 , 8.9361 , 0.3682 , 0.2266 , -0.2601 , 0.3365 , 0.1788 , 0.4566 , 0.5832 , -24.2050 , 2.4767 , 24.3314
3 , 0.9242 , 3.9937 , 9.3089 , 0.7300 , 3.8380 , 8.9949 , 0.1642 , 0.3030 , 0.0123 , 0.1942 , 0.1557 , 0.3141 , 0.5848 , -23.0393 , 4.6397 , 23.5018
10 , 0.1724 , 3.6752 , 8.0903 , 0.6919 , 4.3685 , 8.7526 , 0.1947 , 0.5962 , -0.0738 , 0.2778 , -0.8466 , 0.9538 , 0.5439 , -26.4532 , 4.5196 , 26.8365
1 , -2.9497 , 4.4246 , 6.0001 , -2.7384 , 4.1346 , 8.4603 , -0.0338 , 0.3085 , 0.0765 , -0.2114 , 0.2900 , -2.4602 , 0.6245 , -24.9365 , -17.9354 , 30.7166
7 , -2.0710 , 4.7885 , 10.1948 , -1.9963 , 4.2438 , 8.6125 , 0.1849 , 0.5559 , -0.2094 , -0.0748 , 0.5448 , 1.5823 , 0.5792 , -25.6420 , -13.0500 , 28.7718
7 , -2.0447 , 4.8436 , 7.9418 , -2.1536 , 4.3732 , 8.5093 , -0.0002 , -0.2499 , -0.0384 , -0.7100 , -0.3652 , -0.2083 , 0.5739 , -26.4838 , -14.2024 , 30.0517
1 , -3.6225 , 4.8556 , 9.5723 , -3.6118 , 4.3883 , 7.9917 , -0.3862 , -0.3299 , 0.2799 , 0.8512 , -0.0930 , 1.4082 , 0.6172 , -26.5826 , -24.3206 , 36.0295
4 , -2.1764 , 3.9697 , 7.8436 , -2.2195 , 4.0117 , 8.6689 , -0.1639 , -0.4020 , 0.0752 , 0.0431 , -0.0420 , -0.8253 , 0.5902 , -24.1468 , -14.3610 , 28.0946
9 , -0.0527 , 4.6186 , 9.0575 , -0.3348 , 4.3557 , 8.7799 , 0.5185 , -0.9695 , -0.5313 , 0.2821 , 0.2629 , 0.2777 , 0.5161 , -26.3692 , -2.1836 , 26.4595
10 , -0.2706 , 4.6138 , 9.0528 , -0.1779 , 4.3733 , 8.7757 , -0.1052 , 0.5937 , -0.0848 , 0.9728 , 0.2500 , 0.1358 , 0.4970 , -26.4843 , -1.1610 , 26.5098
10 , -0.9074 , 3.4286 , 9.1222 , -0.0932 , 4.2285 , 8.8477 , -0.2934 , 0.1069 , -0.0201 , 0.5146 , 0.4811 , 0.5235 , 0.5001 , -25.5427 , -0.6038 , 25.5499
4 , -1.9442 , 3.8021 , 8.6553 , -1.3868 , 3.6629 , 8.9906 , 0.0108 , 0.7972 , 0.3929 , 1.9279 , 0.1703 , 0.3615 , 0.5588 , -21.9324 , -8.7685 , 23.6202
2 , -0.9505 , 3.7039 , 11.3010 , -1.2886 , 3.5884 , 9.0351 , -0.4455 , -0.7025 , 0.1302 , 0.2471 , 0.4843 , -1.0502 , 0.5847 , -21.4637 , -8.1167 , 22.9472
5 , -0.7063 , 3.6489 , 9.1605 , -0.4503 , 4.0288 , 8.9295 , -0.1859 , -0.2407 , -0.1966 , -0.2560 , -0.3799 , 0.2310 , 0.5794 , -24.2565 , -2.8869 , 24.4277
8 , -0.2251 , 4.4845 , 9.2994 , -0.4697 , 3.9648 , 8.9571 , 0.1929 , -0.2059 , -0.2210 , -0.1145 , 0.1246 , -1.0225 , 0.5483 , -23.8470 , -3.0020 , 24.0352
7 , -0.5483 , 5.0112 , 8.1860 , -0.7002 , 4.3213 , 8.7753 , 0.1745 , 0.3916 , -0.1379 , 0.1519 , 0.6899 , -0.5893 , 0.5826 , -26.1457 , -4.5622 , 26.5407
2 , 0.5962 , 3.4885 , 9.3880 , 0.6773 , 3.5314 , 9.1236 , 0.1336 , 0.0867 , 0.1052 , -0.0812 , -0.0429 , 0.2643 , 0.6386 , -21.1064 , 4.2458 , 21.5293
7 , -1.0655 , 4.9346 , 9.8955 , -1.5099 , 4.3826 , 8.6419 , -0.1474 , -0.2664 , 0.0062 , 0.2457 , 0.5256 , -0.4296 , 0.5797 , -26.5451 , -9.9106 , 28.3348
3 , -1.8604 , 2.3416 , 10.3840 , -1.5494 , 2.5015 , 9.3548 , -0.0777 , 0.1478 , -0.0946 , 0.1895 , 0.2256 , -0.4768 , 0.5487 , -14.7783 , -9.4044 , 17.5168
1 , -3.4813 , 3.5818 , 5.5260 , -3.1684 , 3.0202 , 8.7755 , -0.2689 , -0.1821 , 0.1070 , -0.3128 , 0.5616 , -3.2495 , 0.6029 , -17.9373 , -19.8523 , 26.7555
7 , -1.8029 , 2.9114 , 8.3800 , -2.1064 , 3.1776 , 9.0353 , 0.3670 , 0.4801 , 0.0734 , 0.3035 , -0.2662 , -0.6553 , 0.5601 , -18.9067 , -13.1229 , 23.0146
1 , -3.1173 , 4.6880 , 8.0232 , -2.8308 , 3.4557 , 8.7301 , 0.2607 , 1.4508 , 0.5670 , 1.0207 , 0.5595 , 1.3522 , 0.5960 , -20.6334 , -17.9653 , 27.3585
9 , 1.4629 , 3.4573 , 9.5412 , 0.2663 , 2.8078 , 9.3923 , 0.1965 , -0.5284 , 0.0386 , -1.0540 , -0.2172 , -0.3611 , 0.5428 , -16.6375 , 1.6240 , 16.7166
4 , -2.9928 , 2.7295 , 8.5045 , -1.6087 , 3.3000 , 9.0935 , 0.1874 , 0.2871 , 0.0820 , -1.3841 , -0.5705 , -0.5891 , 0.6063 , -19.6640 , -10.0323 , 22.0753
5 , -0.8141 , 2.5810 , 9.1246 , -0.8029 , 2.6176 , 9.4167 , 0.1092 , 0.1234 , 0.0129 , -0.0663 , 0.1765 , -0.2514 , 0.5779 , -15.4811 , -4.8732 , 16.2300
5 , -0.5555 , 2.8755 , 9.6226 , -0.8089 , 2.6307 , 9.4125 , 0.0805 , -0.0318 , 0.1211 , 0.0691 , 0.2640 , 0.0952 , 0.5786 , -15.5606 , -4.9119 , 16.3175
7 , -1.4222 , 2.8827 , 8.2555 , -1.1930 , 3.1132 , 9.2225 , 0.1525 , 0.2553 , -0.0262 , -0.2292 , -0.2305 , -0.9671 , 0.5646 , -18.5093 , -7.3706 , 19.9229
3 , -0.9314 , 2.8468 , 9.6393 , -1.2675 , 2.8828 , 9.2873 , 0.0573 , -0.6451 , -0.1880 , 0.3361 , -0.0361 , 0.3521 , 0.5817 , -17.0957 , -7.7713 , 18.7792
10 , 0.1053 , 2.5379 , 8.9618 , 0.1648 , 3.1448 , 9.2873 , -0.1975 , 0.2126 , 0.1015 , 0.1034 , -0.1782 , -0.0765 , 0.5392 , -18.7038 , 1.0165 , 18.7314
8 , -0.4358 , 3.4813 , 9.2515 , -0.2414 , 3.1365 , 9.2884 , -0.1223 , 0.1203 , 0.1730 , 0.3467 , -0.5985 , -0.3267 , 0.5598 , -18.6526 , -1.4887 , 18.7119
6 , 1.0271 , 1.8819 , 9.6561 , 0.7620 , 1.4617 , 9.6671 , 0.3566 , 0.4331 , -0.0512 , 0.0616 , -0.0275 , -0.3223 , 0.5950 , -8.5720 , 4.5070 , 9.6846
8 , 1.0726 , 1.2211 , 10.5468 , 0.8341 , 1.4090 , 9.6690 , 0.2240 , -0.3116 , -0.1783 , -0.1039 , -0.2119 , -0.0943 , 0.5940 , -8.2609 , 4.9306 , 9.6204
2 , -1.3839 , 3.2083 , 11.0161 , -1.5271 , 2.5915 , 9.3339 , -0.2280 , -0.5107 , 0.0820 , -1.0635 , 0.8922 , -2.1870 , 0.6191 , -15.3229 , -9.2915 , 17.9200
5 , -1.4629 , 2.3153 , 10.4917 , -1.1097 , 2.6707 , 9.3705 , 0.2130 , -0.9236 , -0.2290 , -0.2742 , 0.5376 , 1.6456 , 0.6088 , -15.8034 , -6.7538 , 17.1861
5 , 0.3855 , 2.9833 , 9.6202 , 0.0715 , 2.5109 , 9.4795 , -0.1669 , 0.0892 , -0.1489 , 0.3140 , 0.4723 , 0.1407 , 0.6179 , -14.8355 , 0.4319 , 14.8418
10 , 0.1413 , 3.2993 , 9.4382 , -0.1265 , 3.0619 , 9.3155 , 0.2057 , 0.0592 , -0.1263 , 0.2677 , 0.2374 , 0.1227 , 0.5756 , -18.1937 , -0.7777 , 18.2103
9 , 0.4118 , 1.7981 , 10.0272 , 0.3685 , 2.0192 , 9.5894 , 0.0182 , -0.2028 , -0.4434 , -0.0836 , -0.0104 , -0.2398 , 0.5727 , -11.8821 , 2.2007 , 12.0842
4 , -1.5228 , 2.8731 , 8.8373 , -1.9626 , 2.3332 , 9.3207 , 0.0591 , -0.3775 , -0.1123 , -0.5586 , 1.0858 , -1.9750 , 0.6224 , -13.7638 , -11.8908 , 18.1888
5 , -0.5866 , 2.5738 , 9.6489 , -0.8283 , 2.4017 , 9.4719 , 0.1189 , -0.1368 , 0.0453 , -0.0791 , -0.1056 , 0.0430 , 0.6081 , -14.1760 , -4.9979 , 15.0313
3 , -0.8308 , 2.1596 , 9.4526 , -0.5710 , 2.1981 , 9.5401 , 0.0872 , 0.3030 , 0.0911 , -0.2598 , -0.0384 , -0.0875 , 0.6100 , -12.9524 , -3.4253 , 13.3977
10 , -0.1413 , 2.1644 , 9.0432 , -0.1494 , 2.5141 , 9.4777 , 0.5960 , 0.1790 , -0.0256 , 0.5564 , 0.2082 , -0.4537 , 0.5458 , -14.8546 , -0.9031 , 14.8820
5 , -0.9457 , 2.9785 , 9.2395 , -0.6876 , 3.1029 , 9.2774 , 0.0695 , 0.0208 , 0.0038 , -0.2581 , -0.1244 , -0.0379 , 0.5967 , -18.4456 , -4.2388 , 18.9263
6 , 0.3496 , 2.6193 , 9.3281 , 0.2234 , 2.6738 , 9.4325 , -0.0631 , 0.0220 , 0.1217 , -0.2330 , 0.0509 , -0.0206 , 0.5625 , -15.8220 , 1.3569 , 15.8801
10 , 0.3376 , 2.6888 , 9.2970 , 0.2744 , 2.6824 , 9.4287 , 0.2320 , 0.1289 , -0.0995 , 0.2619 , 0.1691 , -0.0646 , 0.5619 , -15.8746 , 1.6670 , 15.9619
7 , -0.1365 , 3.7806 , 9.5388 , -1.0506 , 3.0322 , 9.2667 , -0.0093 , -0.4728 , 0.4082 , -0.8409 , -0.6571 , 0.0183 , 0.6008 , -18.0111 , -6.4680 , 19.1372
5 , -0.9577 , 2.6864 , 8.0591 , -0.6031 , 2.9222 , 9.3417 , -0.3062 , -0.2725 , -0.1471 , 0.4666 , 0.8584 , 0.1971 , 0.5938 , -17.3365 , -3.6938 , 17.7256
8 , -0.0670 , 3.2442 , 8.7870 , -0.2320 , 2.7121 , 9.4213 , 0.4232 , 0.0928 , 0.0789 , 0.3613 , -0.0377 , -0.0693 , 0.5667 , -16.0550 , -1.4109 , 16.1169
2 , -1.1469 , 3.7231 , 9.0192 , -1.1189 , 3.0110 , 9.2657 , 0.2014 , -0.0263 , 0.6330 , 0.1995 , 0.2021 , -0.5290 , 0.6208 , -17.8806 , -6.8855 , 19.1605
5 , -0.2394 , 2.9450 , 9.7710 , -0.3375 , 2.8460 , 9.3785 , 0.0945 , 0.0256 , -0.0121 , 0.0023 , -0.2674 , 0.2153 , 0.6295 , -16.8707 , -2.0611 , 16.9961
5 , -0.5674 , 2.7678 , 9.8884 , -0.3260 , 2.7376 , 9.4111 , 0.0847 , 0.0898 , -0.0628 , 0.0866 , 0.2074 , 0.3599 , 0.6290 , -16.2099 , -1.9838 , 16.3309
7 , -1.8915 , 2.8516 , 8.2100 , -1.6067 , 2.8973 , 9.2301 , -0.0771 , 0.1533 , 0.1583 , -0.2847 , -0.0457 , -1.0201 , 0.6063 , -17.1839 , -9.8748 , 19.8191
5 , -0.7279 , 3.5938 , 9.0216 , -1.3631 , 3.1284 , 9.1938 , -0.1663 , -0.1485 , 0.0606 , 0.6353 , 0.4655 , -0.1722 , 0.6373 , -18.6027 , -8.4337 , 20.4251
8 , 0.3160 , 3.8763 , 8.0160 , -0.3160 , 2.7688 , 9.4024 , 0.5288 , -0.1601 , -0.1832 , -0.1677 , -0.1327 , 0.5147 , 0.5855 , -16.3998 , -1.9248 , 16.5124
8 , -0.2969 , 2.6098 , 9.3185 , -0.1861 , 2.6341 , 9.4444 , -0.1089 , 0.2034 , -0.0805 , -0.1108 , -0.0243 , -0.1259 , 0.5958 , -15.5811 , -1.1287 , 15.6220
1 , -2.9306 , 3.3328 , 6.3879 , -2.5191 , 3.2008 , 8.9207 , 1.2442 , 1.0348 , 0.2561 , 2.5072 , -0.9430 , 2.3779 , 0.6468 , -19.0498 , -15.7692 , 24.7298
2 , -2.2793 , 4.3025 , 7.9562 , -1.9662 , 3.5533 , 8.9263 , 0.0218 , 0.2737 , 0.0850 , -0.3131 , 0.7492 , -0.9701 , 0.6637 , -21.2435 , -12.4224 , 24.6090
8 , -0.5866 , 2.4469 , 10.3624 , -1.0104 , 2.9412 , 9.3005 , 0.5417 , -0.3861 , -0.3591 , 0.4238 , -0.4943 , 1.0620 , 0.6124 , -17.4529 , -6.2000 , 18.5215
2 , -1.4725 , 5.9905 , 5.9977 , -1.1905 , 3.7645 , 8.9767 , 0.0292 , -0.4288 , 0.4002 , -0.2820 , 2.2260 , -2.9791 , 0.6727 , -22.5738 , -7.5546 , 23.8044
4 , -1.1445 , 3.9506 , 9.8453 , -1.4835 , 3.4100 , 9.0742 , 0.3767 , -0.2749 , 0.3452 , 0.2911 , -0.2568 , 0.2395 , 0.6488 , -20.3482 , -9.2847 , 22.3664
1 , -2.8755 , 3.7231 , 7.3887 , -1.9746 , 3.8041 , 8.8205 , 0.2924 , 1.1441 , -0.1746 , 0.8301 , 0.1465 , 1.0248 , 0.6648 , -22.8242 , -12.6184 , 26.0800
1 , -3.8428 , 3.0288 , 8.1549 , -3.8442 , 3.1104 , 8.4686 , 0.4470 , 0.8650 , 0.3959 , 0.0014 , -0.0816 , -0.3137 , 0.5676 , -18.4918 , -24.4151 , 30.6276
6 , -1.1109 , 1.1612 , 10.7287 , -1.5557 , 1.8451 , 9.5050 , 0.1232 , -1.0067 , -0.5191 , -2.0597 , 1.7415 , -1.3406 , 0.5089 , -10.8448 , -9.2951 , 14.2831
1 , -3.8548 , 3.4621 , 7.6377 , -3.4402 , 3.5731 , 8.4598 , 0.2332 , -0.0849 , 0.4980 , -0.4146 , -0.1110 , -0.8221 , 0.5633 , -21.3680 , -22.1291 , 30.7618
6 , 0.1963 , 1.9705 , 10.8580 , -0.7665 , 2.2719 , 9.5090 , -0.4455 , -0.8992 , -0.1825 , 0.9629 , -0.3014 , 1.3490 , 0.5273 , -13.3955 , -4.6087 , 14.1661
7 , -1.0247 , 2.9234 , 9.5603 , -1.6817 , 2.6058 , 9.3033 , 0.4103 , -0.2486 , 0.3428 , 0.3840 , -0.3600 , 0.5611 , 0.5563 , -15.4098 , -10.2460 , 18.5052
4 , -1.7789 , 3.8572 , 9.5148 , -2.0083 , 3.5566 , 8.9156 , -0.2329 , 0.3347 , -0.2852 , 0.2294 , 0.3005 , 0.5993 , 0.6120 , -21.2646 , -12.6946 , 24.7656
7 , -1.2139 , 2.3248 , 10.0607 , -1.9065 , 2.3487 , 9.3284 , 0.2778 , 0.3201 , 0.1999 , 0.6926 , -0.0239 , 0.7323 , 0.5608 , -13.8571 , -11.5508 , 18.0399
5 , -1.2139 , 3.1892 , 8.7750 , -1.4809 , 2.6810 , 9.3161 , 0.0499 , 0.0537 , 0.1608 , -0.4178 , 0.2807 , -0.6225 , 0.5720 , -15.8660 , -9.0320 , 18.2567
3 , -1.9178 , 2.4086 , 9.1533 , -2.2098 , 2.0990 , 9.3210 , 0.1330 , -0.1985 , -0.0616 , 0.2920 , 0.3097 , -0.1677 , 0.4821 , -12.3588 , -13.3374 , 18.1832
10 , -1.9178 , -0.5890 , 9.9123 , -0.9612 , 0.2390 , 9.7565 , 0.7353 , 0.0208 , 0.3617 , -0.9566 , -0.8280 , 0.1558 , 0.4913 , -1.3967 , -5.6269 , 5.7976
1 , -3.7375 , 3.8356 , 7.9274 , -3.8121 , 3.5331 , 8.3160 , 0.0481 , 0.1692 , 0.1217 , -0.0212 , 0.1110 , -1.2696 , 0.5916 , -21.1170 , -24.6269 , 32.4409
1 , -2.8875 , 4.4581 , 9.9291 , -3.6666 , 3.6485 , 8.3316 , 0.0591 , 0.3207 , 0.1357 , -0.6982 , -0.1504 , 0.3860 , 0.6056 , -21.8415 , -23.7534 , 32.2688
6 , -1.6520 , 2.3823 , 10.3720 , -1.5805 , 2.1635 , 9.4335 , -0.0802 , -0.7996 , -0.4470 , -0.4259 , 0.1853 , 0.1364 , 0.5597 , -12.7451 , -9.5109 , 15.9027
1 , -3.1078 , 3.8141 , 8.2507 , -2.9088 , 3.6934 , 8.6063 , 0.3163 , 0.4496 , 0.2878 , -0.3283 , 0.1854 , -0.1784 , 0.6171 , -22.1244 , -18.6745 , 28.9521
2 , -1.8508 , 3.3759 , 10.0847 , -2.5176 , 2.9164 , 9.0181 , 0.0463 , 0.0910 , 0.4332 , 0.2478 , 0.0118 , -0.6621 , 0.5960 , -17.3010 , -15.5980 , 23.2943
6 , -0.4382 , 2.6936 , 10.2690 , -0.5967 , 2.7696 , 9.3885 , -0.0448 , 0.0910 , 0.1253 , 0.1585 , -0.0760 , 0.8806 , 0.5392 , -16.4047 , -3.6364 , 16.8029
2 , -1.7742 , 3.6225 , 9.7854 , -2.0397 , 3.2923 , 9.0095 , 0.0982 , -0.0898 , 0.2756 , 0.2464 , 0.2440 , 0.0193 , 0.6072 , -19.6166 , -12.7563 , 23.3995
4 , -2.8181 , 2.6169 , 9.3281 , -1.8634 , 3.6428 , 8.9123 , 0.1623 , -0.4136 , 0.1540 , -0.9547 , -1.0258 , 0.4158 , 0.6200 , -21.8055 , -11.8093 , 24.7980
3 , -1.3839 , 3.4741 , 9.5747 , -1.6579 , 3.2306 , 9.1096 , -0.1657 , 0.0489 , -0.0708 , 0.1926 , 0.3584 , -0.0233 , 0.6064 , -19.2341 , -10.3143 , 21.8251
5 , -1.3767 , 3.4310 , 9.7926 , -1.3670 , 3.3415 , 9.1179 , -0.1547 , 0.0818 , -0.1227 , -0.0097 , 0.0895 , 0.6747 , 0.6074 , -19.9221 , -8.5263 , 21.6700
8 , -1.0583 , 2.8468 , 9.1366 , -1.1061 , 3.3003 , 9.1682 , 0.2130 , 0.1698 , 0.1730 , -0.0695 , -1.0209 , 1.2517 , 0.5585 , -19.6657 , -6.8793 , 20.8343
7 , -1.9801 , 2.9617 , 8.4566 , -2.0273 , 2.7952 , 9.1787 , -0.4876 , 0.4276 , -0.1196 , 0.1693 , 0.8226 , -0.5593 , 0.5860 , -16.5604 , -12.4548 , 20.7212
8 , -1.4342 , 2.1955 , 9.5268 , -1.3880 , 2.3844 , 9.4105 , -0.0148 , 0.0311 , -0.0433 , -0.0461 , -0.1889 , 0.1163 , 0.5445 , -14.0720 , -8.3906 , 16.3836
3 , -0.6608 , 3.2945 , 9.4478 , -1.2300 , 2.7703 , 9.3265 , -0.0197 , -0.2138 , 0.0985 , 0.5691 , 0.5242 , 0.1213 , 0.5733 , -16.4089 , -7.5127 , 18.0470
8 , -1.1445 , 2.1381 , 9.2706 , -0.8930 , 2.6208 , 9.4077 , 0.3792 , -0.3751 , 0.1229 , -0.2514 , -0.4828 , -0.1370 , 0.5421 , -15.5008 , -5.4227 , 16.4219
7 , -1.8388 , 3.1557 , 9.7255 , -1.8747 , 2.5418 , 9.2841 , -0.1236 , 0.2963 , 0.0368 , 0.5124 , 0.5037 , -0.7198 , 0.5764 , -15.0221 , -11.4161 , 18.8677
3 , 0.1676 , 5.9761 , 8.3632 , -0.5273 , 5.6997 , 7.9627 , 0.0908 , 0.3995 , 0.2438 , 2.0309 , -0.2695 , -0.0305 , 0.4809 , -35.5357 , -3.7888 , 35.7371
5 , 0.3472 , 5.3560 , 7.6737 , -0.0049 , 5.3293 , 8.2322 , 0.3309 , 0.0831 , 0.0966 , -0.0382 , 0.5415 , -0.2497 , 0.5098 , -32.9179 , -0.0341 , 32.9179
8 , 0.8021 , 4.4438 , 8.6553 , 0.5881 , 4.6945 , 8.5899 , 0.3358 , 0.3909 , -0.0732 , -0.4396 , -0.0640 , 0.2665 , 0.5165 , -28.6009 , 3.9165 , 28.8678
5 , 1.5802 , 5.9761 , 9.4789 , 0.1705 , 5.2952 , 8.2524 , -0.0863 , -0.3616 , 0.2481 , 0.6315 , -0.8515 , 0.4029 , 0.5232 , -32.6811 , 1.1839 , 32.7025
9 , 1.0439 , 3.5244 , 9.1820 , 0.8831 , 3.6758 , 9.0487 , -0.4168 , -0.3983 , 0.0111 , 0.1608 , -0.1514 , 0.1333 , 0.5347 , -22.0134 , 5.5743 , 22.7082
2 , -0.6584 , 4.2786 , 9.9410 , -1.0943 , 3.8303 , 8.9611 , -0.5481 , 0.6628 , 0.6574 , 5.1215 , -2.1998 , -0.1430 , 0.4522 , -22.9907 , -6.9623 , 24.0218
2 , -1.8939 , 4.5491 , 9.8620 , -1.2125 , 3.7296 , 8.9883 , 0.7775 , 0.8699 , 0.7454 , -0.6814 , 0.8195 , 0.8737 , 0.5404 , -22.3531 , -7.6825 , 23.6364
4 , -0.9745 , 4.4150 , 8.2124 , -1.3311 , 4.7261 , 8.4890 , 0.6638 , -0.2688 , 0.3666 , 0.3566 , -0.3111 , -0.2766 , 0.5469 , -28.8114 , -8.9114 , 30.1581
5 , -0.0838 , 4.0248 , 9.3472 , -0.3139 , 3.8504 , 9.0137 , 0.0823 , 0.0446 , -0.0072 , 0.4288 , 0.1935 , 0.4078 , 0.5273 , -23.1183 , -1.9946 , 23.2042
7 , -0.8715 , 4.2020 , 9.0049 , -0.6538 , 4.3851 , 8.7472 , 0.3431 , 0.1332 , 0.1821 , -0.2177 , -0.1831 , 0.2576 , 0.5041 , -26.5610 , -4.2746 , 26.9028
4 , -0.6273 , 4.6377 , 8.9474 , -0.9283 , 4.5048 , 8.6611 , 0.1263 , -0.2071 , 0.1162 , -0.4604 , -0.5375 , -0.0872 , 0.5635 , -27.3462 , -6.1177 , 28.0221
3 , -0.2251 , 3.4765 , 9.7112 , -0.2946 , 3.9819 , 8.9570 , 0.3743 , 0.7318 , 0.5187 , 0.0695 , -0.5054 , 0.7542 , 0.5337 , -23.9565 , -1.8836 , 24.0304
8 , 0.3687 , 4.4773 , 9.0121 , 0.0862 , 3.9400 , 8.9799 , 0.0017 , -0.0947 , -0.1245 , 0.0551 , 0.0465 , 0.0321 , 0.5249 , -23.6888 , 0.5498 , 23.6952
7 , 0.3352 , 4.5683 , 7.7622 , -0.1569 , 4.5619 , 8.6796 , 0.5142 , 0.3793 , 0.3892 , -0.2310 , 0.0112 , 1.6900 , 0.5243 , -27.7219 , -1.0354 , 27.7413
4 , -1.0439 , 2.9210 , 7.9418 , -0.2801 , 3.6064 , 9.1151 , 0.6596 , 0.8521 , 0.4644 , -0.7638 , -0.6854 , -1.1733 , 0.5350 , -21.5769 , -1.7599 , 21.6485
5 , -0.0024 , 3.7638 , 8.1429 , -0.0469 , 3.7475 , 9.0623 , -0.6074 , -0.2590 , -0.0396 , -0.9971 , -0.8265 , -1.1204 , 0.5456 , -22.4662 , -0.2962 , 22.4681
6 , 1.0200 , 2.9976 , 9.3113 , 0.8461 , 2.9900 , 9.3013 , 0.0762 , 0.3195 , -0.0029 , 0.1738 , 0.0076 , 0.0100 , 0.5355 , -17.7520 , 5.1978 , 18.4973
4 , -0.4262 , 3.0383 , 10.6090 , -0.0817 , 4.0244 , 8.9425 , -0.3985 , 0.0965 , 0.1076 , -0.3444 , -0.9860 , 1.6665 , 0.5532 , -24.2281 , -0.5237 , 24.2337
3 , 0.4142 , 2.6553 , 9.3832 , 0.7014 , 2.9288 , 9.3328 , -0.0179 , -0.1045 , 0.0978 , -0.2872 , -0.2736 , 0.0504 , 0.5365 , -17.3769 , 4.2983 , 17.9006
6 , 1.6664 , 2.6553 , 10.0296 , 1.0690 , 2.9041 , 9.3056 , -0.1755 , -0.1753 , 0.0087 , -0.2909 , -0.1866 , -0.0014 , 0.5321 , -17.2254 , 6.5533 , 18.4298
2 , -0.2969 , 3.8644 , 8.1070 , -0.0477 , 3.6847 , 9.0880 , 0.0737 , 0.6805 , 0.0759 , -0.2492 , 0.1797 , -0.9810 , 0.5716 , -22.0696 , -0.3006 , 22.0716
1 , -2.5978 , 3.9434 , 10.4295 , -1.8558 , 4.7177 , 8.3946 , 0.1825 , -0.1210 , 0.2866 , -0.7419 , -0.7743 , 2.0349 , 0.6290 , -28.7554 , -12.4662 , 31.3413
8 , 0.1652 , 3.9146 , 8.0687 , 0.4117 , 4.0430 , 8.9249 , -0.1248 , 0.0507 , 0.0771 , -0.2465 , -0.1284 , -0.8562 , 0.5211 , -24.3478 , 2.6414 , 24.4907
5 , 0.4597 , 3.7351 , 9.1294 , 0.4957 , 3.7766 , 9.0367 , 0.0921 , 0.2266 , -0.0023 , -0.0360 , -0.0416 , 0.0927 , 0.5361 , -22.6505 , 3.1401 , 22.8671
9 , -0.3831 , 3.9242 , 8.0424 , 0.5843 , 3.2928 , 9.2188 , -0.6275 , -0.4655 , 0.2426 , -0.9674 , 0.6314 , -1.1764 , 0.4739 , -19.6195 , 3.6265 , 19.9518
7 , -0.3041 , 4.2211 , 9.3425 , -0.8389 , 4.3037 , 8.7718 , -0.2610 , 0.0030 , 0.1901 , -1.0909 , -1.3228 , -1.5483 , 0.5094 , -26.0307 , -5.4630 , 26.5977
1 , -2.3177 , 4.5898 , 8.4302 , -2.4346 , 5.0301 , 8.0586 , -0.3862 , 0.0653 , 0.2628 , 0.1169 , -0.4402 , 0.3716 , 0.5726 , -30.8587 , -16.8101 , 35.1403
10 , 0.4717 , 5.3919 , 7.9538 , -0.1997 , 4.4990 , 8.7114 , -0.4296 , -0.2108 , -0.0561 , 0.6714 , 0.8929 , -0.7577 , 0.4741 , -27.3081 , -1.3134 , 27.3396
7 , -0.0479 , 5.6936 , 6.9578 , -0.3462 , 4.3974 , 8.7586 , 0.0988 , 0.3708 , -0.0182 , 0.2983 , 1.2962 , -1.8009 , 0.5447 , -26.6414 , -2.2634 , 26.7374
4 , -0.5291 , 4.4510 , 8.8708 , -0.8120 , 4.4749 , 8.6883 , -0.5793 , 0.5437 , 0.7215 , 0.2829 , -0.0239 , 0.1825 , 0.5720 , -27.1492 , -5.3394 , 27.6693
2 , -1.5754 , 3.8261 , 7.8077 , -0.9926 , 3.9805 , 8.9074 , 0.0768 , 0.4636 , 0.2060 , 1.0788 , -0.3460 , 0.0951 , 0.5765 , -23.9472 , -6.3587 , 24.7770
4 , -1.4845 , 3.5770 , 10.2355 , -0.3435 , 4.7401 , 8.5781 , -0.2134 , 0.0886 , 0.3452 , -1.1410 , -1.1630 , 1.6574 , 0.5917 , -28.9046 , -2.2930 , 28.9955
2 , -0.1891 , 4.0966 , 9.1820 , -0.2931 , 4.0911 , 8.9077 , -0.0270 , 0.3537 , 0.1430 , 0.1040 , 0.0055 , 0.2743 , 0.5884 , -24.6563 , -1.8848 , 24.7282
7 , 0.6034 , 5.3967 , 8.1262 , 0.1074 , 5.0999 , 8.3755 , 0.1232 , -0.3671 , 0.1485 , -2.1018 , -1.5971 , -0.4385 , 0.5510 , -31.3355 , 0.7348 , 31.3441
8 , 0.3352 , 3.9194 , 9.0647 , 0.4866 , 4.1047 , 8.8930 , 0.3156 , 0.3213 , 0.0453 , -0.1514 , -0.1853 , 0.1718 , 0.5067 , -24.7441 , 3.1318 , 24.9415
9 , 1.4653 , 4.6090 , 8.0783 , 0.9529 , 4.2431 , 8.7897 , 0.2032 , -0.0813 , -0.1276 , -0.8116 , 0.0642 , 0.0476 , 0.4941 , -25.6373 , 6.1871 , 26.3733
3 , 0.3280 , 3.9865 , 9.3305 , 0.3792 , 3.9360 , 8.9741 , -0.0539 , -0.4747 , 0.0734 , -0.0512 , 0.0505 , 0.3564 , 0.5232 , -23.6630 , 2.4195 , 23.7864
10 , 0.9409 , 4.5707 , 8.9019 , 0.8474 , 4.5457 , 8.6480 , -0.0008 , -0.1008 , -0.0530 , 1.2571 , -0.7580 , 0.4047 , 0.4875 , -27.6155 , 5.5966 , 28.1769
5 , 0.2610 , 3.2011 , 10.7144 , 0.4630 , 3.4254 , 9.1773 , -0.4308 , 0.5828 , 0.1290 , 0.9353 , 0.2330 , 0.2514 , 0.4964 , -20.4443 , 2.8879 , 20.6473
9 , 0.9218 , 3.6417 , 8.8995 , 1.0060 , 3.7231 , 9.0165 , 0.4555 , 0.6365 , -0.1599 , -0.0842 , -0.0814 , -0.1170 , 0.4790 , -22.3121 , 6.3665 , 23.2026
9 , 1.1109 , 4.4557 , 8.6050 , 1.1873 , 3.7611 , 8.9786 , 0.3040 , 0.4166 , -0.0738 , -0.2584 , -0.5097 , 0.5100 , 0.4920 , -22.5525 , 7.5332 , 23.7774
2 , -0.5411 , 4.4318 , 7.8245 , -0.0848 , 3.5139 , 9.1551 , -0.0851 , 0.8809 , 0.9891 , 1.1981 , -0.8586 , 0.6949 , 0.5505 , -20.9967 , -0.5306 , 21.0035
1 , -1.6951 , 3.9865 , 9.0001 , -1.3308 , 3.7281 , 8.9722 , 0.2649 , 0.7788 , -0.2943 , 0.6892 , -0.2372 , 0.9018 , 0.5998 , -22.3434 , -8.4371 , 23.8833
8 , 0.6680 , 3.2371 , 8.5140 , 0.2332 , 4.2231 , 8.8477 , 0.2857 , 0.3103 , 0.2933 , 0.4348 , -0.9860 , -0.3336 , 0.5225 , -25.5078 , 1.5095 , 25.5525
5 , 0.1221 , 4.5563 , 9.0671 , 0.1547 , 4.3060 , 8.8093 , -0.0124 , 0.2761 , 0.2848 , 0.3553 , 0.0540 , -0.2235 , 0.5324 , -26.0459 , 1.0060 , 26.0654
6 , 0.8715 , 3.6513 , 9.6561 , 0.9021 , 3.9958 , 8.9101 , -0.1865 , -0.4221 , -0.0158 , -0.9428 , 0.2517 , -0.9659 , 0.5253 , -24.0451 , 5.7812 , 24.7303
3 , 1.2809 , 4.1325 , 8.5093 , 0.8704 , 4.1001 , 8.8658 , 0.0133 , 0.5241 , 0.1742 , 0.4105 , 0.0324 , -0.3565 , 0.5434 , -24.7145 , 5.6072 , 25.3426
10 , 0.6608 , 4.1301 , 8.5619 , 0.9107 , 4.3841 , 8.7247 , -0.0142 , -0.3519 , -0.1984 , 0.1045 , 0.6463 , -0.8763 , 0.5417 , -26.5549 , 5.9588 , 27.2153
4 , -0.1772 , 4.2546 , 7.9131 , -0.0001 , 4.0908 , 8.9127 , -0.2806 , 0.2382 , -0.1086 , -0.1771 , 0.1638 , -0.9996 , 0.6077 , -24.6548 , -0.0005 , 24.6548
8 , 0.8500 , 4.4581 , 8.1884 , 0.4827 , 3.7044 , 9.0672 , 0.4116 , -0.2657 , -0.1160 , -0.0326 , -0.3596 , 1.0103 , 0.5648 , -22.1943 , 3.0473 , 22.4025
2 , -0.9769 , 4.3719 , 8.6864 , -0.2525 , 3.7628 , 9.0525 , 0.1495 , -0.2309 , 0.1376 , -0.7243 , 0.6092 , -0.3661 , 0.6300 , -22.5628 , -1.5980 , 22.6193
7 , 0.3879 , 4.2714 , 9.4837 , 0.4611 , 4.1932 , 8.8529 , 0.1568 , -0.2352 , 0.0319 , -1.1650 , -0.5946 , 0.2836 , 0.6028 , -25.3148 , 2.9815 , 25.4898
10 , -0.1772 , 2.5092 , 9.9530 , 0.6604 , 3.8457 , 8.9969 , -0.0442 , -0.1869 , -0.5167 , 1.3221 , 0.9596 , -0.7798 , 0.5174 , -23.0885 , 4.1980 , 23.4670
7 , 0.3496 , 4.4893 , 9.0025 , 0.1008 , 4.1570 , 8.8814 , -0.0283 , 0.4368 , 0.5407 , 0.1698 , 0.0378 , 0.4826 , 0.5806 , -25.0807 , 0.6500 , 25.0891
4 , 0.5674 , 4.4294 , 9.6393 , 0.1122 , 3.9874 , 8.9587 , 0.6113 , 0.4978 , 0.0484 , 0.6803 , -0.1158 , 0.5944 , 0.6276 , -23.9914 , 0.7176 , 24.0022
7 , 0.2490 , 4.3504 , 9.2132 , 0.0656 , 4.0970 , 8.9096 , -0.3520 , 0.3781 , -0.2051 , 0.1834 , 0.2534 , 0.3036 , 0.6225 , -24.6945 , 0.4221 , 24.6981
1 , -3.7183 , 3.6465 , 5.0854 , -3.5938 , 2.4549 , 8.7880 , 0.4623 , 0.5834 , 0.4161 , -0.8380 , -2.5435 , -1.6865 , 0.4559 , -14.4970 , -22.2420 , 26.5494
10 , -2.1261 , 1.5898 , 9.0575 , -2.0183 , 1.5915 , 9.4638 , -0.0674 , 0.1142 , 0.1760 , 1.4867 , 0.3454 , 0.7956 , 0.4454 , -9.3400 , -12.0387 , 15.2370
9 , 0.1508 , 2.0591 , 9.5268 , -0.0993 , 1.9513 , 9.6100 , 0.1403 , 0.1142 , 0.1382 , 0.2502 , 0.1078 , -0.0832 , 0.4497 , -11.4771 , -0.5922 , 11.4924
4 , -0.9002 , 2.9234 , 9.1270 , -1.4147 , 2.6371 , 9.3389 , 0.4910 , 0.5412 , 0.4919 , 0.5145 , 0.2863 , -0.2119 , 0.5401 , -15.5996 , -8.6141 , 17.8199
4 , -1.0607 , 3.2634 , 9.9674 , -1.3667 , 3.4236 , 9.0874 , -0.0949 , 0.1539 , 0.1321 , -0.2854 , -0.1435 , 0.0898 , 0.5711 , -20.4331 , -8.5526 , 22.1508
1 , -2.2578 , 3.3496 , 8.8253 , -1.9711 , 3.4100 , 8.9809 , 0.1562 , 0.6683 , 0.0386 , 0.9104 , -0.1466 , 0.9864 , 0.5915 , -20.3484 , -12.3785 , 23.8177
1 , -2.2650 , 4.5060 , 6.7112 , -2.2580 , 4.0986 , 8.6182 , -0.4040 , -0.2664 , -0.0146 , -0.0070 , 0.4074 , -1.9070 , 0.6179 , -24.7046 , -14.6818 , 28.7380
10 , -0.0455 , 4.7502 , 8.5188 , -0.5377 , 4.2925 , 8.8009 , 0.1354 , -0.0110 , 0.1760 , 0.4228 , 0.5631 , -0.1528 , 0.5329 , -25.9579 , -3.4962 , 26.1923
1 , -2.1525 , 4.3959 , 9.2299 , -1.9213 , 3.4581 , 8.9733 , 0.6076 , 0.7556 , -0.4324 , 0.1351 , 1.1461 , 1.6237 , 0.5919 , -20.6479 , -12.0850 , 23.9245
8 , -0.5962 , 3.6034 , 9.2970 , -0.6947 , 3.7268 , 9.0443 , 0.2631 , 0.0140 , 0.2096 , 0.0985 , -0.1234 , 0.2527 , 0.5581 , -22.3353 , -4.3923 , 22.7631
6 , -0.1197 , 2.7103 , 9.9123 , 0.2163 , 3.0408 , 9.3208 , 0.0854 , -0.2315 , 0.2335 , -0.3360 , -0.3305 , 0.5915 , 0.5735 , -18.0638 , 1.3291 , 18.1126
7 , 0.4549 , 4.4653 , 9.7710 , -0.0757 , 3.3167 , 9.2284 , 0.7775 , 0.5754 , -0.1221 , -0.2619 , -0.5226 , 1.2729 , 0.5717 , -19.7679 , -0.4697 , 19.7735
9 , 1.0678 , 3.6656 , 8.9546 , 0.4668 , 3.7360 , 9.0551 , 0.4543 , 0.2834 , -0.0634 , 0.3400 , -0.0153 , 0.1150 , 0.5621 , -22.3937 , 2.9513 , 22.5874
8 , 0.6632 , 3.7183 , 9.1342 , 0.5394 , 3.3585 , 9.1978 , 0.2460 , 0.4343 , -0.0372 , 0.5284 , 0.3071 , -0.2432 , 0.5653 , -20.0277 , 3.3565 , 20.3070
1 , -1.5754 , 4.1182 , 10.6186 , -1.7657 , 3.4194 , 9.0200 , -0.1407 , 0.1136 , 0.0923 , 0.5757 , -0.4600 , 0.0878 , 0.6237 , -20.4065 , -11.0757 , 23.2184
1 , -1.7167 , 3.8644 , 9.9410 , -1.8935 , 3.4447 , 8.9844 , 0.0780 , -0.2816 , 0.2041 , 0.3180 , 0.6734 , 1.6342 , 0.6250 , -20.5648 , -11.9011 , 23.7602
3 , -1.4054 , 3.0144 , 9.3425 , -1.1646 , 2.8088 , 9.3233 , -0.1566 , -0.3794 , -0.1563 , -0.0804 , -0.0650 , 0.0742 , 0.5922 , -16.6436 , -7.1200 , 18.1026
10 , -0.6512 , 3.5124 , 9.0432 , -0.7711 , 4.0462 , 8.8997 , 0.3034 , 0.1875 , -0.1434 , 0.1199 , -0.5338 , 0.1435 , 0.5267 , -24.3681 , -4.9522 , 24.8662
5 , -0.8164 , 3.4334 , 9.4765 , -0.4525 , 3.8498 , 9.0080 , 0.0530 , 0.2187 , -0.0744 , 0.1005 , -0.0549 , 0.2267 , 0.5446 , -23.1147 , -2.8757 , 23.2929
6 , 0.5100 , 3.7997 , 8.4111 , -0.2054 , 3.5594 , 9.1356 , 0.1550 , -0.0843 , 0.2872 , -0.4483 , -0.0997 , -0.5832 , 0.5531 , -21.2822 , -1.2878 , 21.3211
1 , -1.7885 , 3.4478 , 8.4015 , -1.9904 , 3.4590 , 8.9579 , 0.5600 , 0.2688 , -0.2339 , 0.2019 , -0.0112 , -0.5564 , 0.6186 , -20.6535 , -12.5275 , 24.1558
8 , -1.2570 , 3.4909 , 7.9203 , -0.8888 , 3.7713 , 9.0088 , 0.1012 , 0.1411 , -0.0879 , 0.0269 , -0.7617 , 0.4941 , 0.5425 , -22.6166 , -5.6345 , 23.3079
3 , -0.6010 , 2.8995 , 9.3137 , -0.5036 , 3.4666 , 9.1597 , 0.3273 , 0.5675 , -0.0408 , -0.0973 , -0.5671 , 0.1541 , 0.5522 , -20.7012 , -3.1472 , 20.9391
9 , 0.6608 , 4.2762 , 8.0400 , 0.7352 , 4.0248 , 8.9124 , -0.1138 , -0.2804 , -0.0097 , -0.0744 , 0.2514 , -0.8724 , 0.5560 , -24.2311 , 4.7160 , 24.6857
9 , 1.5204 , 3.7734 , 9.3592 , 1.3381 , 3.8755 , 8.9085 , 0.0499 , 0.3231 , -0.0292 , 0.1823 , -0.1021 , 0.4508 , 0.5555 , -23.2778 , 8.5422 , 24.7956
10 , 0.8667 , 4.2905 , 7.7742 , 0.4060 , 4.0830 , 8.9070 , 0.0774 , 0.3231 , 0.5071 , -0.1522 , -0.1516 , -0.1344 , 0.5736 , -24.6044 , 2.6098 , 24.7425
4 , -0.0407 , 4.2594 , 6.1988 , 0.1521 , 3.5240 , 9.1503 , 0.7292 , 0.3916 , 0.2768 , 0.3124 , -0.7634 , 0.2209 , 0.6699 , -21.0604 , 0.9523 , 21.0819
10 , 0.2442 , 4.0918 , 8.1573 , 0.2348 , 3.4835 , 9.1641 , 0.5832 , -0.3855 , -0.3695 , -0.8549 , -0.1674 , -0.9972 , 0.5953 , -20.8067 , 1.4677 , 20.8584
4 , -0.2059 , 4.0751 , 6.4406 , -0.0374 , 3.7492 , 9.0616 , 0.4726 , 0.2156 , 0.1400 , -0.8054 , -0.1075 , -0.4063 , 0.6767 , -22.4771 , -0.2365 , 22.4784
5 , 0.0742 , 3.4932 , 9.7615 , 0.2112 , 3.6791 , 9.0879 , -0.1999 , -0.2248 , -0.1074 , -0.4171 , 0.3960 , -2.6473 , 0.6790 , -22.0343 , 1.3314 , 22.0745
5 , 1.1301 , 3.2706 , 9.6106 , 0.7471 , 3.1271 , 9.2646 , -0.0820 , -0.0941 , 0.0679 , 0.0143 , 0.1531 , -0.0515 , 0.6624 , -18.5950 , 4.6102 , 19.1579
9 , 1.3145 , 3.2754 , 8.8085 , 0.9755 , 3.4021 , 9.1457 , -0.0338 , -0.3122 , 0.0801 , 0.2289 , -0.0238 , 0.1177 , 0.6401 , -20.2990 , 6.0881 , 21.1923
5 , 1.0032 , 3.4071 , 9.3784 , 0.9110 , 3.3182 , 9.1831 , 0.0847 , 0.3299 , 0.1308 , 0.0922 , 0.0889 , 0.1952 , 0.6756 , -19.7769 , 5.6656 , 20.5724
1 , -1.8532 , 4.0320 , 6.8285 , -2.0822 , 4.0690 , 8.6763 , -0.0570 , -0.3543 , 0.0997 , 0.2291 , -0.0371 , -1.8478 , 0.6785 , -24.5147 , -13.4952 , 27.9838
9 , 0.6824 , 3.2993 , 8.0687 , 1.0208 , 3.3729 , 9.1516 , -0.3826 , -0.6885 , 0.1736 , -0.3385 , -0.0736 , -1.0829 , 0.6223 , -20.1174 , 6.3648 , 21.1002
9 , 0.7159 , 3.6393 , 8.6625 , 0.8954 , 3.4225 , 9.1463 , -0.0484 , -0.3751 , 0.0563 , -0.1795 , 0.2168 , -0.4838 , 0.6201 , -20.4257 , 5.5914 , 21.1772
5 , 0.1915 , 3.7423 , 9.3592 , -0.0304 , 3.5015 , 9.1602 , 0.1874 , -0.2199 , 0.0294 , 0.0472 , -0.2908 , 0.0626 , 0.6802 , -20.9195 , -0.1904 , 20.9204
2 , -0.4597 , 3.3089 , 8.1645 , -0.4996 , 3.8140 , 9.0208 , -0.1022 , -0.3439 , 0.1204 , 0.0399 , -0.5051 , -0.8563 , 0.6969 , -22.8872 , -3.1701 , 23.1057
1 , -1.1947 , 4.6832 , 9.6346 , -1.3447 , 4.2550 , 8.7325 , 0.0267 , -0.1259 , 0.1516 , 0.1500 , 0.4282 , 0.9021 , 0.7079 , -25.7149 , -8.7543 , 27.1643
1 , -1.6449 , 4.2450 , 9.6561 , -1.3265 , 4.3205 , 8.7031 , -0.1254 , -0.2664 , 0.0655 , 0.3185 , 0.3268 , 0.8884 , 0.7095 , -26.1400 , -8.6663 , 27.5392
8 , -0.0694 , 4.0511 , 8.9043 , 0.1075 , 3.9695 , 8.9667 , -0.1834 , -0.1155 , 0.0209 , -0.1769 , 0.0816 , -0.0624 , 0.6597 , -23.8770 , 0.6869 , 23.8869
3 , 0.3496 , 4.2642 , 8.1741 , 0.2498 , 4.0663 , 8.9204 , 0.1788 , 0.3885 , 0.3575 , -0.1061 , -0.6521 , -0.6290 , 0.6675 , -24.4972 , 1.6040 , 24.5497
5 , 0.8979 , 3.2251 , 9.6729 , 0.8127 , 3.4955 , 9.1264 , -0.1572 , -0.0440 , -0.0604 , 0.0851 , -0.2704 , 0.5465 , 0.6770 , -20.8817 , 5.0888 , 21.4928
9 , 1.6090 , 3.1796 , 11.0639 , 0.9645 , 3.5242 , 9.1006 , -0.2824 , -0.6732 , -0.3866 , -0.1624 , 0.1127 , 0.3520 , 0.6521 , -21.0613 , 6.0496 , 21.9129
9 , 2.0567 , 3.4334 , 8.5404 , 1.6106 , 3.2378 , 9.1155 , -0.2885 , 0.3940 , -0.0732 , 0.4461 , 0.1956 , -0.5752 , 0.6264 , -19.2789 , 10.0199 , 21.7272
2 , -0.6608 , 2.6912 , 10.7551 , 0.3323 , 2.5853 , 9.4539 , -0.3734 , 0.8534 , 0.1504 , 1.8848 , 0.6087 , 0.1902 , 0.6490 , -15.2852 , 2.0131 , 15.4172
5 , 0.4789 , 2.5667 , 9.4047 , 0.3023 , 3.2352 , 9.2527 , 0.2075 , 0.3250 , 0.2426 , 0.1765 , -0.6685 , 0.1520 , 0.6452 , -19.2626 , 1.8715 , 19.3533
7 , -0.4597 , 3.1628 , 8.0041 , -0.4307 , 3.5474 , 9.1324 , -0.1578 , -0.7153 , -0.0866 , -0.5582 , 0.7360 , -0.8722 , 0.6721 , -21.2067 , -2.6999 , 21.3779
9 , 0.9793 , 3.0407 , 10.3983 , 0.3852 , 3.0457 , 9.3137 , 0.0059 , -0.4814 , -0.1624 , -0.2152 , 0.1554 , -0.1317 , 0.6219 , -18.0939 , 2.3683 , 18.2482
6 , 0.7279 , 3.7806 , 9.1006 , 0.5478 , 3.5520 , 9.1243 , -0.0564 , -0.0959 , 0.1070 , 0.1801 , 0.2286 , -0.0237 , 0.6443 , -21.2355 , 3.4357 , 21.5116
7 , -1.1373 , 2.0854 , 9.2491 , 0.8338 , 3.6824 , 9.0507 , 0.0041 , 0.6255 , -0.2723 , -1.9711 , -1.5970 , 0.1984 , 0.6883 , -22.0552 , 5.2635 , 22.6745
3 , 0.2921 , 2.9665 , 10.4606 , 0.7071 , 3.5194 , 9.1260 , -0.0362 , 0.0110 , 0.0331 , -0.4150 , -0.5529 , 1.3346 , 0.6961 , -21.0315 , 4.4304 , 21.4931
9 , 0.5794 , 3.4310 , 7.9203 , 0.5837 , 3.3845 , 9.1856 , 0.1709 , 0.0232 , -0.0243 , 0.1561 , -0.3486 , -0.1663 , 0.6404 , -20.1894 , 3.6359 , 20.5142
4 , 1.0631 , 4.7766 , 10.6090 , 0.1095 , 3.9006 , 8.9969 , -0.0503 , -0.8790 , 0.4967 , -0.9667 , -1.3412 , 0.7478 , 0.6960 , -23.4378 , 0.6975 , 23.4482
10 , 0.8332 , 3.5100 , 8.9953 , 1.1028 , 3.3984 , 9.1326 , -0.3875 , -0.3470 , 0.0441 , -0.2696 , 0.1116 , -0.1373 , 0.6139 , -20.2762 , 6.8853 , 21.4133
6 , 1.1804 , 3.0479 , 8.9594 , 1.1284 , 3.0296 , 9.2584 , 0.1623 , 0.1900 , 0.0514 , -0.2401 , 0.2362 , -0.1219 , 0.6074 , -17.9948 , 6.9485 , 19.2897
9 , -1.3552 , 2.8779 , 8.0903 , -0.5846 , 2.6277 , 9.4299 , 0.1831 , -0.3836 , 0.2499 , 0.6492 , 0.0299 , 1.9285 , 0.4741 , -15.5425 , -3.5474 , 15.9421
2 , -1.8196 , 5.4015 , 2.9689 , -2.3115 , 3.9802 , 8.6594 , -0.0435 , -0.3384 , -0.0414 , 0.4918 , 1.4213 , -5.6905 , 0.5373 , -23.9454 , -14.9455 , 28.2268
4 , -1.6185 , 3.7758 , 9.6561 , -1.6358 , 3.8627 , 8.8642 , 0.3193 , 0.6377 , 0.5560 , 0.8170 , -0.0797 , 0.1814 , 0.5566 , -23.1963 , -10.4558 , 25.4439
3 , -1.2211 , 3.6752 , 8.4614 , -1.1127 , 3.8023 , 8.9708 , 0.1568 , 0.1796 , -0.0396 , -0.3598 , 0.8881 , -3.2509 , 0.5906 , -22.8130 , -7.0706 , 23.8836
2 , -1.0726 , 3.8141 , 8.4757 , -0.9494 , 3.8659 , 8.9624 , 0.1269 , 0.6231 , 0.5652 , 0.1689 , -0.2601 , 0.3466 , 0.6157 , -23.2167 , -6.0470 , 23.9913
3 , -0.1484 , 4.4366 , 10.5157 , -0.9262 , 3.8748 , 8.9609 , -0.0368 , 0.0311 , -0.1520 , 0.7777 , 0.5617 , 1.5547 , 0.6340 , -23.2737 , -5.9011 , 24.0102
3 , -0.2945 , 3.5531 , 9.2060 , -0.2882 , 3.6278 , 9.1064 , -0.0252 , 0.0965 , 0.0148 , -0.0518 , -0.1441 , 0.5401 , 0.6349 , -21.7112 , -1.8129 , 21.7868
9 , -0.6512 , 2.7223 , 7.2834 , 0.2818 , 3.1087 , 9.2966 , 0.3932 , -0.0929 , -0.6492 , -0.9307 , 0.8754 , -2.0013 , 0.5440 , -18.4815 , 1.7363 , 18.5629
7 , 0.0144 , 4.6281 , 11.2004 , -0.5437 , 3.8667 , 8.9958 , 0.1965 , 0.1515 , 0.2072 , 0.5580 , 0.7615 , 2.2047 , 0.6058 , -23.2217 , -3.4584 , 23.4778
4 , -2.2315 , 5.5906 , 7.0464 , -1.1847 , 3.8816 , 8.9275 , -0.0099 , 0.3916 , 0.9915 , 1.1990 , 0.7466 , 2.2729 , 0.6376 , -23.3165 , -7.5588 , 24.5111
8 , 0.0934 , 3.7303 , 8.7415 , 0.1526 , 3.3928 , 9.1998 , 0.0481 , 0.1142 , 0.0502 , 0.3598 , -0.1247 , 0.3151 , 0.5976 , -20.2413 , 0.9504 , 20.2636
3 , -0.9050 , 3.8668 , 9.2060 , -0.5660 , 3.6220 , 9.0957 , 0.0414 , 0.1454 , 0.1174 , 0.5277 , -0.4041 , 0.5605 , 0.6091 , -21.6751 , -3.5609 , 21.9657
9 , 0.6153 , 2.9761 , 8.6433 , 0.5680 , 3.4387 , 9.1664 , -0.5115 , -0.3855 , 0.2127 , -0.1729 , -0.2639 , 0.2503 , 0.5866 , -20.5268 , 3.5457 , 20.8308
7 , -1.2785 , 4.6210 , 8.9785 , -1.6016 , 4.1221 , 8.7529 , 0.6070 , 0.0256 , -0.1948 , 0.9312 , -0.6216 , 1.5377 , 0.5764 , -24.8556 , -10.3693 , 26.9318
5 , -1.0942 , 3.0623 , 8.6864 , -1.0222 , 3.2496 , 9.1960 , 0.4769 , -0.0953 , -0.0091 , -0.0720 , -0.1873 , -0.5095 , 0.5845 , -19.3515 , -6.3426 , 20.3644
8 , -0.8500 , 3.7423 , 8.3560 , -0.9709 , 3.4385 , 9.1326 , 0.3578 , 0.0880 , -0.1703 , -0.7267 , -0.6588 , 0.5666 , 0.5703 , -20.5259 , -6.0683 , 21.4041
5 , -0.8356 , 3.2730 , 9.5675 , -0.8855 , 3.0184 , 9.2885 , 0.0799 , 0.0513 , -0.0940 , 0.1911 , 0.2785 , -0.0873 , 0.5611 , -17.9261 , -5.4455 , 18.7350
6 , -0.5770 , 2.8372 , 10.0943 , -0.8759 , 2.9040 , 9.3258 , 0.0530 , 0.0562 , 0.0612 , 0.2989 , -0.0667 , 0.7685 , 0.5657 , -17.2248 , -5.3655 , 18.0411
3 , -0.3184 , 3.2634 , 9.3784 , -0.6950 , 3.1167 , 9.2722 , 0.0304 , 0.1661 , -0.0921 , 0.3766 , 0.1467 , 0.1062 , 0.5954 , -18.5309 , -4.2868 , 19.0203
4 , -0.8332 , 3.6201 , 9.1533 , -1.0101 , 3.6314 , 9.0534 , 0.5233 , 0.4343 , 0.1736 , 0.1769 , -0.0112 , 0.1000 , 0.6143 , -21.7340 , -6.3661 , 22.6471
1 , -2.4350 , 4.4581 , 8.6649 , -2.5826 , 4.0193 , 8.5642 , 0.3016 , -0.0055 , 0.0600 , 0.5978 , -0.3513 , 0.1869 , 0.6451 , -24.1957 , -16.7812 , 29.4455
10 , -1.1301 , 2.8875 , 9.5603 , -0.7021 , 3.5433 , 9.1172 , -0.1193 , -0.1271 , 0.1418 , -0.4280 , -0.6558 , 0.4432 , 0.5193 , -21.1810 , -4.4035 , 21.6339
10 , -0.2322 , 3.4047 , 9.0839 , -0.1835 , 3.3915 , 9.1997 , 0.2833 , 0.0501 , -0.0897 , 0.3654 , 0.5543 , -0.2667 , 0.5090 , -20.2327 , -1.1425 , 20.2650
4 , -1.3456 , 3.7734 , 8.1525 , -1.4651 , 3.9510 , 8.8551 , -0.2842 , 0.2840 , 0.0661 , 0.1195 , -0.1776 , -0.7026 , 0.5770 , -23.7589 , -9.3945 , 25.5489
6 , -0.6967 , 2.7965 , 9.0551 , -0.9188 , 3.4042 , 9.1508 , 0.5814 , -0.3983 , -0.1489 , 0.2221 , -0.6077 , -0.0957 , 0.5409 , -20.3118 , -5.7338 , 21.1055
10 , 0.4573 , 3.3592 , 9.8381 , -0.2877 , 3.5121 , 9.1517 , 0.4354 , 0.3861 , -0.4189 , 0.7450 , -0.1529 , 0.6864 , 0.5323 , -20.9856 , -1.8006 , 21.0627
1 , -2.8492 , 4.6497 , 7.9322 , -2.2462 , 4.2253 , 8.5599 , 0.3627 , 0.4759 , 0.3520 , 1.3052 , -0.7129 , 0.1265 , 0.6004 , -25.5221 , -14.7032 , 29.4544
6 , -0.4405 , 4.2762 , 7.4055 , -0.5616 , 4.0464 , 8.9153 , -0.4687 , -0.5223 , 0.1815 , 0.1211 , 0.2298 , -1.5098 , 0.5769 , -24.3692 , -3.6046 , 24.6343
5 , -1.0056 , 4.4677 , 8.1956 , -0.7988 , 3.9578 , 8.9369 , 0.2032 , 0.0977 , -0.1294 , 0.6001 , -0.4598 , 0.6258 , 0.5851 , -23.8025 , -5.1076 , 24.3443
9 , -0.0790 , 3.2897 , 9.0144 , 0.0374 , 3.7947 , 9.0426 , -0.4009 , -0.2199 , 0.0740 , -0.1164 , -0.5050 , -0.0282 , 0.5728 , -22.7652 , 0.2367 , 22.7664
10 , -0.1413 , 3.6968 , 8.1238 , -0.2404 , 3.9337 , 8.9799 , -0.0161 , -0.4472 , -0.0103 , 0.0992 , -0.2370 , -0.8561 , 0.5759 , -23.6487 , -1.5336 , 23.6984
7 , -1.1971 , 4.7981 , 6.1006 , -0.7418 , 3.4657 , 9.1438 , 0.7512 , 0.9639 , 0.7637 , 0.6173 , -0.0754 , -0.6345 , 0.6238 , -20.6958 , -4.6383 , 21.2092
9 , 0.6153 , 3.0383 , 9.3544 , 0.6956 , 2.8377 , 9.3613 , 0.1745 , 0.1093 , 0.0398 , -0.1808 , 0.2246 , -0.1912 , 0.5990 , -16.8201 , 4.2496 , 17.3486
9 , 0.3208 , 3.4262 , 9.5412 , 0.8359 , 2.9828 , 9.3045 , 0.0182 , -0.0727 , -0.0585 , -0.2206 , 0.0555 , 0.0499 , 0.6005 , -17.7076 , 5.1335 , 18.4367
10 , 0.8093 , 3.4956 , 8.5452 , 0.5907 , 3.6652 , 9.0768 , -0.2641 , 0.3445 , 0.2695 , -0.2866 , -0.4186 , -0.6393 , 0.6118 , -21.9471 , 3.7235 , 22.2607
2 , -0.3472 , 3.4238 , 9.2634 , -0.6064 , 3.1653 , 9.2619 , -0.2360 , -0.1271 , 0.1180 , 0.6638 , 0.1579 , -0.0033 , 0.7064 , -18.8307 , -3.7457 , 19.1996
1 , -1.7742 , 3.6369 , 7.0416 , -0.8670 , 3.6803 , 9.0484 , 0.1764 , 0.3891 , 0.0612 , 1.8918 , -0.1679 , 1.1608 , 0.6925 , -22.0422 , -5.4733 , 22.7116
8 , 1.4222 , 3.1341 , 10.5971 , 0.5768 , 3.7521 , 9.0421 , 0.7451 , 0.7721 , -0.3194 , 0.8454 , -0.6180 , 1.5550 , 0.6516 , -22.4951 , 3.6497 , 22.7892
2 , -0.2131 , 4.2786 , 9.9506 , -0.0796 , 3.6661 , 9.0952 , 0.1617 , 0.0403 , 0.2524 , 0.2759 , 0.0761 , 0.0365 , 0.6729 , -21.9527 , -0.5015 , 21.9584
8 , 0.0551 , 3.3879 , 9.5484 , 0.5992 , 3.3005 , 9.2151 , 0.0377 , -0.0287 , 0.1663 , 0.0904 , -0.8727 , 0.9582 , 0.6534 , -19.6671 , 3.7203 , 20.0158
7 , 0.6584 , 3.7590 , 8.4590 , 0.1508 , 3.8185 , 9.0314 , -0.3557 , -0.0202 , 0.1369 , -0.0574 , 0.3044 , -0.2420 , 0.6960 , -22.9161 , 0.9564 , 22.9361
8 , 0.7997 , 3.5962 , 8.7271 , 0.6127 , 3.7859 , 9.0256 , 0.2014 , 0.0708 , -0.0799 , -0.1171 , -0.4339 , -0.2602 , 0.6808 , -22.7090 , 3.8833 , 23.0386
2 , 0.2466 , 3.1485 , 8.7630 , 0.1556 , 3.2407 , 9.2544 , -0.3105 , 0.3616 , 0.3349 , 0.0910 , -0.0922 , -0.4914 , 0.6919 , -19.2967 , 0.9635 , 19.3208
5 , 0.0694 , 3.9673 , 10.3816 , 0.1870 , 3.4803 , 9.1664 , 0.4849 , -0.2517 , 0.0539 , 0.5193 , 0.2859 , -1.1743 , 0.6799 , -20.7868 , 1.1685 , 20.8196
7 , 0.3879 , 4.2522 , 8.3632 , 0.6117 , 4.2179 , 8.8321 , -0.1553 , 0.0348 , -0.0879 , -0.2239 , 0.0343 , -0.4689 , 0.6895 , -25.4745 , 3.9622 , 25.7808
2 , 0.2322 , 4.5755 , 9.4119 , 0.4139 , 4.2041 , 8.8501 , 0.2417 , 0.3250 , 0.2805 , 0.2349 , -0.1339 , -0.0224 , 0.7026 , -25.3853 , 2.6777 , 25.5261
5 , 0.0623 , 3.7159 , 8.2172 , -0.0309 , 3.8178 , 9.0329 , 0.2882 , 0.2181 , -0.1496 , 0.0980 , -0.0684 , 0.0605 , 0.6988 , -22.9114 , -0.1963 , 22.9123
2 , 1.2977 , 4.5180 , 9.9291 , 0.2703 , 4.3035 , 8.8078 , -0.2763 , -0.5370 , 0.2701 , -0.3972 , -0.3985 , -1.4621 , 0.7070 , -26.0297 , 1.7576 , 26.0890
2 , -0.5938 , 3.7423 , 8.2363 , 0.3534 , 4.0557 , 8.9217 , -0.2073 , -0.0843 , 0.0881 , -0.9472 , -0.3134 , -0.6854 , 0.7037 , -24.4290 , 2.2686 , 24.5341
6 , 1.4007 , 3.7183 , 9.1030 , 0.7081 , 3.7201 , 9.0460 , 0.3169 , 0.1973 , -0.0701 , 0.6925 , -0.0018 , 0.0571 , 0.6588 , -22.2933 , 4.4761 , 22.7382