3 , -0.5866 , 6.0001 , 7.8724 , -0.1031 , 5.9616 , 7.7858 , 0.7402 , 0.5980 , -0.2632 , -0.4835 , 0.0384 , 0.0866 , 0.6602 , -37.4392 , -0.7589 , 37.4469
4 , -0.6872 , 6.2323 , 8.4111 , -0.6954 , 6.0481 , 7.6881 , -0.1981 , 0.2223 , 0.1834 , 0.0082 , 0.1842 , 0.7230 , 0.6106 , -38.0784 , -5.1681 , 38.4275
2 , -0.3113 , 6.2945 , 8.7319 , -0.0113 , 5.8770 , 7.8505 , -0.3551 , 1.2736 , -0.2595 , -0.2999 , 0.4175 , 0.8814 , 0.6303 , -36.8190 , -0.0828 , 36.8191
8 , -0.1508 , 5.7870 , 8.3895 , -0.0334 , 5.7079 , 7.9742 , -0.0631 , 0.2840 , 0.0245 , -0.1174 , 0.0790 , 0.4153 , 0.6398 , -35.5947 , -0.2403 , 35.5956
3 , 0.2610 , 7.7311 , 8.2938 , 0.3079 , 6.5375 , 7.3032 , -0.2549 , -0.1405 , 0.1754 , -0.0469 , 1.1936 , 0.9906 , 0.6716 , -41.8082 , 2.4138 , 41.8778
4 , -0.8524 , 6.0408 , 7.8556 , -0.1933 , 6.2716 , 7.5365 , -0.1468 , 0.6890 , -0.3120 , -0.6591 , -0.2309 , 0.3191 , 0.6662 , -39.7567 , -1.4691 , 39.7838
5 , -0.0790 , 6.2850 , 6.9602 , -0.0868 , 5.7111 , 7.9716 , 0.4415 , -0.0379 , 0.3434 , 0.0077 , 0.5738 , -1.0114 , 0.6686 , -35.6178 , -0.6236 , 35.6232
3 , 0.1987 , 5.6218 , 8.7774 , 0.0571 , 5.7829 , 7.9199 , 0.6101 , 0.0855 , 0.3025 , 0.1416 , -0.1611 , 0.8575 , 0.6535 , -36.1349 , 0.4134 , 36.1373
1 , -0.1963 , 6.4406 , 7.9538 , -0.6490 , 6.6001 , 7.2241 , 0.1770 , 0.1167 , 0.0551 , 0.4527 , -0.1595 , 0.7297 , 0.6787 , -42.3012 , -5.1335 , 42.6115
1 , -3.7470 , 6.5747 , 4.2786 , -1.9999 , 6.1659 , 7.3589 , -0.0655 , 0.3647 , -0.2503 , -1.7471 , 0.4088 , -3.0803 , 0.7045 , -38.9574 , -15.2040 , 41.8192
4 , -0.6488 , 6.5795 , 7.7551 , -0.3299 , 5.7772 , 7.9174 , 0.2943 , -0.5803 , 0.0337 , -0.3189 , 0.8023 , -0.1624 , 0.6604 , -36.0937 , -2.3863 , 36.1725
2 , -0.7686 , 5.6601 , 8.3584 , -0.5045 , 5.6891 , 7.9718 , 0.2472 , -0.0147 , 0.0801 , -0.2641 , -0.0291 , 0.3866 , 0.6595 , -35.4598 , -3.6211 , 35.6442
10 , -0.6776 , 4.4701 , 8.5715 , -1.2638 , 4.6532 , 8.5393 , -0.3716 , 0.0385 , -0.3890 , 0.5863 , -0.1831 , 0.0322 , 0.6251 , -28.3267 , -8.4187 , 29.5512
4 , -1.0798 , 5.7534 , 9.2395 , -0.4820 , 5.5250 , 8.0878 , 0.0676 , -0.0898 , -0.1441 , -0.5978 , 0.2284 , 1.1517 , 0.6516 , -34.2910 , -3.4108 , 34.4602
1 , -0.4621 , 5.8109 , 8.3321 , -0.2963 , 5.3605 , 8.2066 , 0.3835 , 0.2914 , 0.1278 , -0.1658 , 0.4504 , 0.1255 , 0.6746 , -33.1352 , -2.0677 , 33.1996
3 , 0.2394 , 4.5922 , 8.9618 , 0.2952 , 4.7714 , 8.5625 , 0.0634 , -0.0147 , 0.0557 , -0.0558 , -0.1792 , 0.3992 , 0.6725 , -29.1139 , 1.9747 , 29.1808
1 , 0.0000 , 5.2219 , 8.5093 , -0.0391 , 5.1586 , 8.3401 , -0.0222 , 0.5773 , -0.0695 , 0.0391 , 0.0634 , 0.1691 , 0.6788 , -31.7374 , -0.2689 , 31.7385
10 , -1.1660 , 5.2913 , 7.8389 , -0.8678 , 5.1543 , 8.2976 , -0.2916 , 0.0489 , -0.0433 , -0.1187 , -0.3418 , 0.1518 , 0.6198 , -31.7083 , -5.9704 , 32.2655
10 , -1.2714 , 4.7407 , 8.3369 , -1.1616 , 4.8447 , 8.4469 , 0.0279 , -0.1246 , 0.2793 , 0.1584 , 0.4873 , -0.6607 , 0.6197 , -29.6054 , -7.8303 , 30.6234
6 , -1.0224 , 5.1932 , 7.7287 , -0.7517 , 5.3238 , 8.2014 , 0.5331 , 0.1435 , 0.3703 , 0.3135 , -0.0971 , 0.0948 , 0.6276 , -32.8798 , -5.2368 , 33.2942
1 , -2.6576 , 5.8660 , 6.6968 , -2.7809 , 5.4023 , 7.6976 , -0.0839 , 0.0085 , 0.4308 , -0.2575 , 0.5595 , -0.3400 , 0.7603 , -33.4272 , -19.8630 , 38.8833
1 , -1.5084 , 5.3943 , 5.8396 , -2.0598 , 5.2203 , 8.0422 , 0.0744 , 0.1949 , 0.5261 , -0.0878 , 0.0495 , 0.2971 , 0.7684 , -32.1623 , -14.3663 , 35.2250
4 , -1.5611 , 4.2498 , 8.4374 , -0.2723 , 4.4231 , 8.7483 , -0.0222 , 0.0660 , 0.0117 , -0.1467 , -0.3792 , 1.2838 , 0.6883 , -26.8101 , -1.7825 , 26.8693
4 , 0.3567 , 5.0088 , 9.3281 , -0.2515 , 4.6169 , 8.6482 , -0.1773 , 0.0318 , 0.1437 , 1.2188 , -0.0606 , 0.9217 , 0.6896 , -28.0857 , -1.6660 , 28.1351
3 , 0.5411 , 5.5116 , 8.3776 , -0.0812 , 4.3327 , 8.7972 , 0.2778 , 0.0818 , 0.0716 , 0.0956 , -0.0566 , 0.5524 , 0.6922 , -26.2199 , -0.5290 , 26.2252
10 , -1.0200 , 3.1173 , 8.9905 , -0.6809 , 4.4223 , 8.7264 , 0.0383 , 0.3366 , 0.1968 , -0.3391 , -1.3049 , 0.2641 , 0.6372 , -26.8044 , -4.4615 , 27.1731
8 , 0.3879 , 6.0791 , 9.8069 , -0.7903 , 5.2598 , 8.2389 , 0.5459 , -0.6341 , 0.3434 , 0.1893 , 0.1872 , 0.4331 , 0.6729 , -32.4356 , -5.4792 , 32.8951
6 , 0.5363 , 5.3560 , 9.7040 , -0.5086 , 5.1603 , 8.3237 , -0.0264 , 0.0690 , 0.0447 , -0.0445 , 0.0066 , 0.1760 , 0.6749 , -31.7492 , -3.4965 , 31.9412
9 , -1.0966 , 4.8723 , 7.8484 , -0.6756 , 5.1169 , 8.3385 , 0.0267 , -0.5974 , 0.1577 , 1.2359 , 0.5096 , -0.2243 , 0.6840 , -31.4518 , -4.6323 , 31.7911
1 , -0.7566 , 5.3320 , 6.6010 , 0.1225 , 4.4870 , 8.7191 , -0.0924 , 0.4563 , -0.0347 , 0.3612 , -0.8046 , 1.2507 , 0.7446 , -27.2291 , 0.8047 , 27.2410
6 , -0.4525 , 5.3033 , 9.1366 , -0.9039 , 4.5544 , 8.6378 , 0.4665 , 0.3127 , 0.3898 , 0.3867 , 0.1193 , 0.6209 , 0.6605 , -27.6725 , -5.9740 , 28.3100
6 , -0.4094 , 5.2602 , 9.2012 , -0.7978 , 5.0377 , 8.3759 , 0.0530 , 0.0452 , 0.0392 , -0.4017 , 0.2297 , -0.3622 , 0.6768 , -30.9109 , -5.4411 , 31.3861
7 , -1.8508 , 5.3560 , 7.2211 , -1.2903 , 5.6008 , 7.9459 , 0.2057 , 0.6750 , 0.0429 , -0.6634 , 0.2437 , -0.5332 , 0.6686 , -34.8282 , -9.2236 , 36.0289
1 , -1.1181 , 5.0519 , 8.7415 , -1.2932 , 4.7652 , 8.4729 , 0.1916 , 0.8699 , 0.0160 , 0.1751 , 0.2867 , 0.2686 , 0.7708 , -29.0725 , -8.6781 , 30.3401
7 , -0.3855 , 5.6026 , 9.6681 , -1.0898 , 5.0741 , 8.3208 , 0.0078 , 0.1588 , -0.0665 , 0.1106 , -0.1610 , 0.0974 , 0.6850 , -31.1587 , -7.4620 , 32.0397
1 , -1.9609 , 4.0200 , 8.2698 , -1.3783 , 4.0465 , 8.8259 , 0.1214 , 0.3861 , 0.0636 , 2.0679 , 0.4595 , 1.5437 , 0.6964 , -24.3702 , -8.8760 , 25.9363
10 , -0.0407 , 4.4414 , 9.1461 , -0.5160 , 4.4510 , 8.7231 , -0.1058 , 0.6658 , -0.1514 , 0.4753 , -0.0096 , 0.4230 , 0.6054 , -26.9924 , -3.3854 , 27.2039
8 , -3.1102 , 3.9649 , 6.8476 , -1.2112 , 3.6023 , 9.0403 , 0.4751 , 0.5968 , 0.3178 , -0.4265 , -0.1378 , -0.7633 , 0.5934 , -21.5513 , -7.6308 , 22.8624
8 , -2.0088 , 4.6042 , 7.4103 , -1.0964 , 4.6600 , 8.5587 , -0.1083 , 0.5889 , -0.0537 , -0.6322 , -0.5658 , 0.4341 , 0.6233 , -28.3719 , -7.3003 , 29.2960
9 , -0.2011 , 4.9178 , 8.5045 , -0.6440 , 4.8190 , 8.5166 , -0.0387 , -0.0434 , 0.0581 , 0.3998 , 0.4388 , 0.1842 , 0.6221 , -29.4329 , -4.3245 , 29.7489
2 , -0.2969 , 4.9921 , 11.4159 , -0.7013 , 4.6823 , 8.5880 , -0.0661 , -0.5449 , -0.0029 , 0.5528 , -0.0709 , -0.0070 , 0.6762 , -28.5199 , -4.6682 , 28.8994
10 , -1.4366 , 4.4629 , 7.6497 , -1.1098 , 4.8011 , 8.4787 , 0.1269 , -0.1045 , 0.1156 , -0.8846 , 0.1000 , -0.7308 , 0.6027 , -29.3129 , -7.4574 , 30.2466
1 , -2.8636 , 4.9585 , 7.4031 , -1.9896 , 4.5546 , 8.4538 , 0.4079 , 0.7416 , -0.1166 , -0.0120 , -0.0630 , 0.0315 , 0.7387 , -27.6742 , -13.2433 , 30.6797
6 , -1.7957 , 5.4158 , 9.6992 , -1.1994 , 5.4269 , 8.0796 , 0.4103 , 0.9908 , 0.1327 , -0.1510 , -0.4133 , -0.2671 , 0.5987 , -33.5999 , -8.4436 , 34.6446
9 , -0.2993 , 5.5260 , 9.9458 , -0.2018 , 5.7314 , 7.9549 , 0.0169 , 0.4899 , 0.1461 , 0.3694 , 0.3141 , 0.3652 , 0.5898 , -35.7635 , -1.4530 , 35.7930
10 , -1.1445 , 4.6569 , 8.9522 , -0.8909 , 5.0420 , 8.3639 , 0.2026 , -0.3054 , -0.6822 , 0.4647 , 0.6229 , -0.2042 , 0.6051 , -30.9398 , -6.0800 , 31.5315
8 , -1.0224 , 5.2650 , 8.9498 , 0.2188 , 5.4526 , 8.1481 , -0.9250 , 1.1289 , -0.3188 , -1.2962 , -0.4461 , 0.4497 , 0.6150 , -33.7801 , 1.5384 , 33.8151
7 , -1.5228 , 4.4653 , 8.4159 , -0.1836 , 4.9570 , 8.4596 , -0.3942 , 0.6609 , -0.4067 , -0.4653 , 0.2625 , -0.3023 , 0.6311 , -30.3630 , -1.2432 , 30.3884
2 , -0.1341 , 5.0807 , 8.3321 , 0.0935 , 4.8356 , 8.5311 , 0.1128 , -0.0122 , -0.0708 , -0.2276 , 0.2451 , -0.1990 , 0.6819 , -29.5439 , 0.6281 , 29.5506
5 , 0.1915 , 5.7439 , 7.2810 , -0.0970 , 5.3767 , 8.2007 , -0.3276 , -0.9340 , 0.0361 , 0.2886 , 0.3672 , -0.9197 , 0.6197 , -33.2485 , -0.6778 , 33.2554
3 , 0.3472 , 6.9075 , 8.6984 , -0.2503 , 5.8350 , 7.8778 , 0.0536 , 0.2266 , 0.4888 , -0.1615 , 0.0357 , -0.6735 , 0.6363 , -36.5131 , -1.8199 , 36.5584
4 , 0.4932 , 7.1900 , 7.3097 , -0.1581 , 5.9627 , 7.7841 , -0.0075 , -0.0605 , 0.0270 , 0.6514 , 1.2273 , -0.4743 , 0.6466 , -37.4468 , -1.1639 , 37.4649
3 , -1.4557 , 6.4741 , 7.3792 , -0.5515 , 5.8957 , 7.8171 , 0.3437 , 0.8521 , 0.9378 , -0.5044 , -0.6906 , 1.3195 , 0.6374 , -36.9557 , -4.0357 , 37.1754
5 , -0.6728 , 5.4566 , 7.4175 , -0.5605 , 5.6961 , 7.9631 , 0.1574 , 0.1307 , 0.2414 , -0.1123 , -0.2396 , -0.5456 , 0.6433 , -35.5097 , -4.0262 , 35.7373
1 , -0.9362 , 4.8460 , 8.7152 , -0.5909 , 5.1682 , 8.3133 , -0.1315 , -1.0593 , 0.2842 , -0.3452 , -0.3222 , 0.4019 , 0.7310 , -31.8035 , -4.0659 , 32.0623
9 , -0.7303 , 3.8548 , 9.2491 , -0.8829 , 4.0880 , 8.8701 , 0.2613 , -0.1222 , 0.1082 , 0.1526 , -0.2332 , 0.3789 , 0.6440 , -24.6362 , -5.6843 , 25.2835
9 , 0.8907 , 5.4637 , 11.5667 , -0.3813 , 4.8863 , 8.4941 , 0.1800 , 0.3934 , -0.1074 , 1.2719 , 0.5775 , 3.0727 , 0.6152 , -29.8850 , -2.5701 , 29.9953
8 , -1.3025 , 4.7215 , 7.5515 , -0.3943 , 5.3415 , 8.2148 , 0.0151 , -0.2175 , 0.2157 , -0.9082 , -0.6199 , -0.6633 , 0.6225 , -33.0026 , -2.7477 , 33.1168
3 , -0.7710 , 4.8197 , 8.7870 , -0.6321 , 4.9623 , 8.4348 , 0.2277 , -0.4429 , -0.2204 , -0.1388 , -0.1426 , 0.3522 , 0.6565 , -30.3987 , -4.2858 , 30.6994
2 , -0.4022 , 6.1365 , 8.8253 , 0.0124 , 5.6863 , 7.9898 , 0.3657 , -0.1240 , 0.0887 , -0.4147 , 0.4502 , 0.8355 , 0.6632 , -35.4393 , 0.0892 , 35.4394
9 , -1.0918 , 4.6880 , 8.7870 , -0.5323 , 4.7409 , 8.5680 , -0.4272 , 0.0037 , -0.0598 , 1.1429 , -0.5844 , 0.9157 , 0.6127 , -28.9101 , -3.5553 , 29.1279
9 , -0.1125 , 3.9553 , 10.1852 , -0.8051 , 4.4528 , 8.7003 , -0.3056 , 0.0941 , -0.1434 , -0.3992 , -0.3467 , -0.0210 , 0.6248 , -27.0047 , -5.2868 , 27.5173
1 , -0.9745 , 5.1022 , 8.7535 , -1.4121 , 4.9959 , 8.3197 , -0.0643 , -0.1930 , -0.0298 , 0.4376 , 0.1063 , 0.4338 , 0.7426 , -30.6266 , -9.6331 , 32.1059
6 , 1.2642 , 3.4669 , 10.9107 , 0.3156 , 3.2537 , 9.2458 , 0.1825 , -0.0904 , -0.0317 , 0.5152 , -0.3758 , 0.9563 , 0.6829 , -19.3773 , 1.9553 , 19.4757
4 , -1.2714 , 5.1621 , 8.0017 , -0.7070 , 4.9601 , 8.4302 , 0.1171 , 0.3512 , 0.0331 , 0.8627 , 1.0136 , 0.3831 , 0.7061 , -30.3838 , -4.7941 , 30.7597
9 , -0.7494 , 4.3839 , 8.6864 , -0.3995 , 4.4851 , 8.7118 , 0.3260 , 0.3091 , -0.0188 , -0.3499 , -0.1011 , -0.0253 , 0.6198 , -27.2162 , -2.6258 , 27.3426
9 , -0.5698 , 4.6473 , 9.1940 , -0.4735 , 4.7284 , 8.5783 , 0.2173 , -0.0947 , 0.0667 , -0.0819 , 0.4097 , -1.6876 , 0.6294 , -28.8269 , -3.1597 , 28.9996
4 , -1.5563 , 6.1485 , 7.3169 , -0.7874 , 5.6870 , 7.9504 , -0.1633 , 0.0684 , -0.1105 , -0.2685 , 0.1239 , 0.3195 , 0.6672 , -35.4445 , -5.6560 , 35.8929
9 , -0.4765 , 4.4534 , 10.6282 , 0.0362 , 4.4135 , 8.7573 , 0.2246 , 0.0623 , 0.1406 , -0.6994 , -1.0017 , 1.2843 , 0.6066 , -26.7473 , 0.2366 , 26.7484
6 , 0.5363 , 5.7870 , 8.2124 , -0.1294 , 5.1773 , 8.3276 , 0.1623 , -0.0373 , 0.2402 , 0.1773 , -0.0392 , 0.5695 , 0.6315 , -31.8661 , -0.8903 , 31.8785
8 , -0.4334 , 4.9202 , 6.4214 , 0.1396 , 5.1952 , 8.3163 , -0.1315 , 0.0641 , 0.0649 , -0.2688 , -0.5671 , -0.8844 , 0.6380 , -31.9898 , 0.9614 , 32.0042
4 , 0.3783 , 5.3584 , 8.3201 , 0.5137 , 4.9593 , 8.4446 , -0.2164 , -0.2676 , 0.2664 , -0.1546 , 0.4541 , 0.7350 , 0.6836 , -30.3785 , 3.4813 , 30.5773
10 , -0.0670 , 5.2219 , 6.0024 , -0.0294 , 4.5732 , 8.6750 , 0.2619 , -0.1295 , 0.1156 , -0.0017 , -0.0935 , 0.1910 , 0.6639 , -27.7967 , -0.1945 , 27.7973
6 , -0.7494 , 4.5539 , 8.7391 , 0.4480 , 4.8310 , 8.5224 , 0.1843 , 0.0079 , 0.1681 , -0.2397 , -0.1238 , 0.1784 , 0.6858 , -29.5131 , 3.0093 , 29.6662
8 , -0.7015 , 4.7287 , 7.9801 , 0.3205 , 4.7659 , 8.5647 , -0.1847 , 0.1869 , -0.2210 , -0.2845 , -0.0108 , 0.7179 , 0.6842 , -29.0768 , 2.1428 , 29.1557
2 , 1.9513 , 5.0974 , 11.3848 , 0.6975 , 4.4037 , 8.7345 , -0.3667 , -0.5028 , 0.2774 , -0.9584 , -0.1371 , -0.4216 , 0.7383 , -26.6830 , 4.5655 , 27.0708
4 , -1.4701 , 5.2411 , 8.1142 , 0.2020 , 5.2417 , 8.2858 , -0.4699 , -0.3042 , -0.3408 , 0.8227 , 2.9443 , 0.6425 , 0.6755 , -32.3102 , 1.3969 , 32.3404
4 , -0.8117 , 5.5523 , 6.2107 , 0.1135 , 5.3964 , 8.1876 , 0.1941 , 0.5968 , -0.1844 , -0.9252 , 0.1560 , -1.9768 , 0.6227 , -33.3859 , 0.7946 , 33.3954
2 , -0.0311 , 5.7798 , 7.1325 , 0.1530 , 5.6713 , 7.9989 , 0.1849 , -0.1533 , 0.1033 , -0.1434 , 0.2641 , 0.8551 , 0.6645 , -35.3321 , 1.0956 , 35.3491
4 , 1.0631 , 5.7918 , 8.4709 , 0.3768 , 5.4901 , 8.1171 , -0.0038 , 0.4239 , -0.0494 , 1.1292 , 0.4932 , 1.5294 , 0.6658 , -34.0443 , 2.6581 , 34.1479
3 , 0.4908 , 6.5675 , 8.8852 , 0.4000 , 5.7619 , 7.9253 , 0.2326 , 0.1081 , 0.0642 , 0.0909 , -0.0085 , -0.3929 , 0.6569 , -35.9837 , 2.8891 , 36.0995
10 , 0.2801 , 5.1884 , 8.2914 , -0.7152 , 4.3302 , 8.7698 , 0.6877 , -0.0574 , -0.0347 , -0.6400 , -0.8752 , -1.2613 , 0.6334 , -26.2030 , -4.6621 , 26.6145
5 , -0.4046 , 6.1293 , 9.2898 , -0.7108 , 5.5800 , 8.0330 , 0.1251 , 0.2333 , 0.0319 , 0.0380 , -0.5329 , -0.5030 , 0.6232 , -34.6808 , -5.0568 , 35.0475
5 , -0.9936 , 6.2922 , 6.4454 , -0.6455 , 5.5138 , 8.0840 , 0.0805 , 0.3146 , 0.0453 , 0.2408 , 0.6155 , 1.2058 , 0.6195 , -34.2118 , -4.5650 , 34.5150
3 , 0.4717 , 6.3209 , 8.7822 , 0.2502 , 5.6654 , 8.0007 , -0.0313 , 0.0971 , 0.2078 , -0.2718 , -0.1442 , -0.4994 , 0.6505 , -35.2894 , 1.7915 , 35.3349
6 , 0.4190 , 5.3320 , 9.6968 , 0.2388 , 5.3544 , 8.2124 , -0.9550 , -0.4502 , -0.3175 , 0.3095 , -0.5395 , 2.9641 , 0.6545 , -33.0930 , 1.6658 , 33.1349
1 , -1.3623 , 7.4558 , 6.6824 , -0.7440 , 7.2997 , 6.5062 , 0.0047 , 0.1655 , -0.1703 , -0.6183 , 0.1560 , 0.1762 , 0.6419 , -48.1046 , -6.5237 , 48.5449
6 , -1.2690 , 6.3783 , 6.7758 , -0.7739 , 6.5894 , 7.2216 , -0.1981 , -0.0568 , -0.0744 , 0.2950 , -0.0410 , 0.3635 , 0.6366 , -42.2162 , -6.1165 , 42.6569
1 , -2.6744 , 7.8077 , 3.2059 , -1.3423 , 7.2328 , 6.4850 , 0.3034 , 0.0916 , 0.2860 , -0.5037 , -0.1409 , 0.3339 , 0.6434 , -47.5221 , -11.6939 , 48.9398
7 , -2.1070 , 5.6888 , 6.4047 , -1.8121 , 6.0711 , 7.4852 , -0.0930 , 0.7281 , -0.3542 , 0.1720 , -0.2602 , -0.1085 , 0.6558 , -38.2490 , -13.6086 , 40.5977
5 , 0.8907 , 6.4358 , 8.8540 , 0.0743 , 5.5835 , 8.0616 , 0.2656 , 0.2614 , 0.0331 , -0.2970 , -0.0407 , -0.1102 , 0.6641 , -34.7053 , 0.5283 , 34.7093
9 , 0.2753 , 4.9083 , 8.0424 , -0.3966 , 5.2111 , 8.2981 , 0.3621 , -0.3024 , -0.1153 , 0.1691 , -0.6332 , 1.0492 , 0.6320 , -32.0989 , -2.7361 , 32.2153
10 , 1.1253 , 5.3249 , 8.3057 , 0.1774 , 5.2863 , 8.2579 , -0.0051 , -0.1436 , -0.1789 , 0.1075 , -0.7013 , 0.5147 , 0.6110 , -32.6195 , 1.2307 , 32.6427
4 , -1.9322 , 6.5292 , 5.0735 , 0.4218 , 6.2939 , 7.5086 , -0.1004 , 0.6194 , -0.5210 , 0.1097 , 0.3358 , 1.0605 , 0.6687 , -39.9264 , 3.2151 , 40.0557
3 , -0.0072 , 6.1772 , 7.1637 , 0.1718 , 6.1081 , 7.6702 , -0.0637 , 0.3335 , 0.2292 , 0.0508 , 0.1457 , 0.1831 , 0.6405 , -38.5251 , 1.2834 , 38.5464
10 , 0.0646 , 5.6505 , 7.6162 , -0.5050 , 5.4983 , 8.1046 , 0.4238 , 0.2285 , 1.1125 , 0.9863 , 1.2009 , -2.4828 , 0.6216 , -34.1021 , -3.5656 , 34.2880
6 , 0.6153 , 5.6888 , 8.6625 , 0.3175 , 5.6892 , 7.9814 , -0.4266 , -0.5431 , 0.3294 , 0.2978 , -0.0004 , 0.6811 , 0.6523 , -35.4604 , 2.2783 , 35.5335
10 , -0.2921 , 4.6281 , 8.0184 , 0.2524 , 5.6875 , 7.9849 , -0.0240 , -0.6365 , 0.2958 , -0.5445 , -1.0594 , 0.0335 , 0.6465 , -35.4481 , 1.8102 , 35.4943
10 , -0.5746 , 4.5970 , 7.9849 , 0.3206 , 5.7750 , 7.9194 , -0.0106 , -0.1320 , 0.1406 , -0.8952 , -1.1780 , 0.0655 , 0.6332 , -36.0778 , 2.3180 , 36.1522
8 , 0.4429 , 5.7415 , 8.0687 , 0.5435 , 5.8045 , 7.8856 , -0.5445 , 1.2559 , -0.2620 , -0.1006 , -0.0630 , 0.1831 , 0.6303 , -36.2916 , 3.9429 , 36.5051
6 , 0.7805 , 6.0862 , 8.8660 , 0.3086 , 5.8474 , 7.8666 , -0.0955 , 0.0550 , 0.0661 , -0.2584 , -0.0365 , -0.3318 , 0.6493 , -36.6033 , 2.2468 , 36.6722
9 , -0.1844 , 5.6744 , 8.1429 , 0.0789 , 5.6233 , 8.0338 , -0.3471 , -0.5950 , -0.0182 , -0.2178 , -0.1812 , 0.0157 , 0.6362 , -34.9892 , 0.5627 , 34.9937
7 , 0.9050 , 6.1677 , 9.4550 , -0.0494 , 5.8737 , 7.8528 , -0.1572 , 0.0091 , -0.0310 , 0.3104 , 0.1359 , -0.3875 , 0.6636 , -36.7949 , -0.3606 , 36.7967
8 , -1.0583 , 5.5284 , 7.2858 , -0.1072 , 5.4096 , 8.1789 , 0.1562 , -0.1020 , -0.0872 , -0.2113 , -1.1430 , 0.5650 , 0.6464 , -33.4789 , -0.7507 , 33.4873
9 , 0.6201 , 4.9705 , 10.4175 , -0.0772 , 5.1586 , 8.3398 , -0.5579 , -0.2034 , -0.0207 , 0.9775 , 0.4081 , 1.8454 , 0.6512 , -31.7378 , -0.5305 , 31.7422
6 , -0.6297 , 5.3799 , 8.1549 , 0.1850 , 5.5271 , 8.0986 , 0.0786 , -0.1240 , 0.3214 , -0.4484 , 0.3269 , -1.9046 , 0.6564 , -34.3054 , 1.3089 , 34.3303
2 , -0.3951 , 6.0839 , 7.2642 , 0.4641 , 6.1200 , 7.6485 , -0.2280 , -0.3427 , 0.2884 , 0.9629 , 0.3565 , 1.0355 , 0.7045 , -38.6140 , 3.4724 , 38.7698
10 , 0.4908 , 5.2171 , 9.0599 , 0.4443 , 5.1119 , 8.3571 , -0.5170 , 0.2297 , 0.3373 , 0.8438 , 0.6654 , 1.7467 , 0.6375 , -31.4177 , 3.0432 , 31.5647
2 , -0.1820 , 6.0001 , 7.0799 , 0.9804 , 5.9411 , 7.7403 , 0.0029 , 0.2456 , -0.3157 , -0.7936 , 0.8658 , -1.5272 , 0.7029 , -37.2882 , 7.2187 , 37.9805
3 , 0.7877 , 6.6369 , 9.5579 , 0.2459 , 5.5693 , 8.0680 , -0.3759 , 0.0452 , 0.2597 , 0.5418 , 1.0676 , 1.4899 , 0.7596 , -34.6046 , 1.7460 , 34.6486
2 , -2.7582 , 7.1158 , 5.9761 , -1.7098 , 6.3873 , 7.2422 , -0.1327 , 0.1228 , -0.1441 , -0.6126 , 0.6974 , 0.4458 , 0.6936 , -40.6415 , -13.2839 , 42.7574
4 , -1.3504 , 6.7279 , 7.0775 , -0.1956 , 6.5902 , 7.2596 , 0.0548 , -0.0617 , 0.2542 , -0.6065 , 0.9231 , -2.5908 , 0.6857 , -42.2223 , -1.5434 , 42.2505
5 , -1.0583 , 5.6050 , 7.8053 , 0.1893 , 6.0791 , 7.6928 , -0.4149 , 0.5186 , -0.4257 , 0.2752 , 0.3399 , 2.9091 , 0.6824 , -38.3089 , 1.4093 , 38.3348
3 , -0.1868 , 6.9769 , 6.5723 , 0.0298 , 6.5465 , 7.3016 , 0.1031 , 0.3189 , -0.0335 , -0.2165 , 0.4305 , -0.7293 , 0.6620 , -41.8784 , 0.2335 , 41.8791
3 , 0.2873 , 6.6537 , 6.8428 , 0.1309 , 6.3737 , 7.4518 , 0.2845 , 0.0996 , 0.1583 , 0.1564 , 0.2800 , -0.6090 , 0.6744 , -40.5365 , 1.0064 , 40.5490
8 , 0.7566 , 5.3201 , 9.7208 , -0.1425 , 5.2716 , 8.2680 , -0.8169 , 0.1631 , -0.0384 , -0.2574 , 0.1371 , 1.3929 , 0.6631 , -32.5172 , -0.9872 , 32.5322
2 , -0.7901 , 6.8093 , 7.2068 , -0.1175 , 6.0419 , 7.7235 , 0.5435 , 0.2205 , 0.2487 , -0.1195 , -0.4609 , 1.5232 , 0.6967 , -38.0322 , -0.8719 , 38.0422
2 , 0.6560 , 6.7471 , 6.6513 , 0.1519 , 6.6838 , 7.1746 , 0.1092 , 0.0916 , -0.2693 , 0.5041 , 0.0633 , -0.5233 , 0.6891 , -42.9651 , 1.2130 , 42.9823
8 , 0.0575 , 4.5850 , 8.1621 , 0.4970 , 4.9580 , 8.4464 , 0.0872 , 0.1368 , 0.0826 , -0.4395 , -0.3730 , -0.2843 , 0.6548 , -30.3698 , 3.3673 , 30.5560
10 , 0.4142 , 4.8963 , 7.9298 , 0.1607 , 4.7408 , 8.5831 , 0.1904 , -0.1136 , -0.2418 , -0.8981 , -0.6082 , -0.4952 , 0.6276 , -28.9092 , 1.0726 , 28.9291
7 , 0.4525 , 5.4278 , 7.3911 , -0.0372 , 5.2692 , 8.2707 , 0.2173 , -0.2773 , 0.0978 , 0.4897 , 0.1587 , -0.8796 , 0.6729 , -32.5004 , -0.2577 , 32.5014
2 , 0.4238 , 6.9530 , 8.0663 , -0.1827 , 6.6525 , 7.2029 , -0.5493 , -0.2181 , 0.3031 , 1.2242 , 0.9230 , 1.6679 , 0.7002 , -42.7160 , -1.4527 , 42.7407
4 , -0.0192 , 6.8931 , 7.9322 , -0.2280 , 6.4950 , 7.3439 , -0.3795 , 0.2480 , -0.0414 , -0.4161 , -0.5285 , 0.7751 , 0.7027 , -41.4762 , -1.7781 , 41.5143
5 , 0.3328 , 6.1365 , 7.5324 , -0.0177 , 5.9903 , 7.7644 , -0.3019 , -0.5247 , 0.3123 , 0.6091 , 0.3809 , 1.8510 , 0.6558 , -37.6503 , -0.1305 , 37.6505
2 , -0.8643 , 6.6321 , 6.9793 , -0.7502 , 6.6086 , 7.2065 , 0.2961 , 0.0574 , 0.1058 , -0.1141 , 0.0235 , -0.2272 , 0.6762 , -42.3681 , -5.9431 , 42.7829
7 , -0.3687 , 6.3017 , 7.7144 , 0.0794 , 5.4755 , 8.1353 , 0.2081 , 0.1087 , 0.2475 , -0.2829 , -0.0573 , -0.5694 , 0.6514 , -33.9415 , 0.5589 , 33.9461
9 , 0.0838 , 4.8269 , 9.1868 , 0.1922 , 5.0784 , 8.3871 , -0.1627 , -0.0971 , -0.1502 , 0.4447 , 0.4930 , 0.2467 , 0.6388 , -31.1886 , 1.3129 , 31.2162
1 , -2.0854 , 4.9729 , 7.5970 , -0.8979 , 5.8893 , 7.7898 , 0.4959 , 0.7159 , -0.6810 , -0.2251 , -1.3234 , -0.1257 , 0.7011 , -36.9085 , -6.5750 , 37.4895
10 , 0.2251 , 4.4917 , 7.9274 , 0.2192 , 4.2410 , 8.8395 , 0.1703 , -0.2010 , -0.4379 , -0.9087 , -1.4564 , -0.1171 , 0.6601 , -25.6236 , 1.4202 , 25.6629
9 , -0.4286 , 5.3273 , 8.7008 , -0.5318 , 5.4020 , 8.1674 , -0.4137 , -0.0446 , -0.0274 , 0.3738 , 0.6196 , 0.9787 , 0.5933 , -33.4252 , -3.7254 , 33.6322
6 , -1.0080 , 5.3129 , 7.2307 , -0.6905 , 5.3021 , 8.2208 , 0.1764 , 0.3073 , 0.3843 , 0.1853 , -0.0515 , 0.8152 , 0.6047 , -32.7292 , -4.8012 , 33.0794
3 , -0.4405 , 5.4637 , 7.1589 , 0.3217 , 5.4006 , 8.1793 , 0.0206 , 0.3079 , 0.3061 , -0.1805 , 0.1757 , -1.5040 , 0.6720 , -33.4155 , 2.2526 , 33.4913
1 , -0.0982 , 4.5826 , 9.1509 , -0.2661 , 4.3206 , 8.7996 , 0.1990 , 0.4581 , -0.0909 , 0.1680 , 0.2621 , 0.3514 , 0.7733 , -26.1405 , -1.7322 , 26.1979
2 , -0.7494 , 5.7295 , 5.7750 , -0.1980 , 5.4809 , 8.1296 , 0.0866 , 0.1539 , 0.1540 , 0.5165 , 0.5838 , 0.7412 , 0.6971 , -33.9798 , -1.3953 , 34.0084
2 , -0.8763 , 5.7008 , 6.5723 , -0.2475 , 5.5483 , 8.0824 , 0.1458 , -0.0190 , 0.0526 , 0.0967 , 0.0926 , 0.0605 , 0.6970 , -34.4560 , -1.7540 , 34.5006
8 , -1.1756 , 4.9394 , 6.2084 , 0.0468 , 5.1927 , 8.3189 , 0.3175 , -0.4417 , 0.1467 , 0.9660 , 0.4338 , 1.5862 , 0.6456 , -31.9723 , 0.3224 , 31.9739
8 , -1.2259 , 4.8700 , 6.6657 , 0.0679 , 5.1381 , 8.3526 , 0.0737 , 0.0061 , 0.1980 , -0.6066 , -0.6536 , -0.0492 , 0.6486 , -31.5971 , 0.4659 , 31.6005
5 , 1.2426 , 6.1293 , 9.4909 , 0.4171 , 5.6517 , 8.0034 , 0.1379 , 0.0996 , 0.1669 , -0.1633 , -0.1736 , 0.4603 , 0.6651 , -35.1913 , 2.9833 , 35.3175
3 , 0.5794 , 6.5962 , 8.4374 , 0.7790 , 5.9754 , 7.7368 , 0.0469 , -0.0495 , 0.4363 , -0.0559 , -0.0208 , -1.2555 , 0.6718 , -37.5403 , 5.7495 , 37.9780
2 , 0.5938 , 5.8277 , 9.1222 , 0.8165 , 5.1001 , 8.3362 , 0.0212 , 0.1270 , 0.2774 , 0.1963 , 0.3924 , -0.7368 , 0.7053 , -31.3364 , 5.5938 , 31.8318
3 , 0.9673 , 5.9689 , 10.5803 , 0.6943 , 5.2920 , 8.2270 , 0.1153 , 0.0831 , 0.0814 , -0.2777 , -0.2688 , -1.0681 , 0.7113 , -32.6587 , 4.8240 , 33.0131
9 , -1.5228 , 3.3448 , 8.0663 , 0.1512 , 4.8837 , 8.5028 , 0.5997 , 0.1729 , 0.3776 , 0.1600 , 0.0270 , 0.4901 , 0.6958 , -29.8674 , 1.0189 , 29.8848
2 , 0.2011 , 6.8237 , 12.3999 , -0.2216 , 5.2990 , 8.2487 , -0.3606 , -0.2028 , 0.2054 , 0.5759 , -0.0508 , -0.3141 , 0.7800 , -32.7075 , -1.5386 , 32.7437
6 , -0.0910 , 6.5029 , 6.9075 , -0.2878 , 5.3813 , 8.1932 , 0.1202 , 0.1057 , 0.0435 , -0.3730 , -0.1067 , -0.9098 , 0.6425 , -33.2808 , -2.0120 , 33.3416
3 , -0.8787 , 5.7702 , 8.0663 , -0.1564 , 6.3116 , 7.5039 , -0.1468 , -0.2456 , 0.3196 , -0.7223 , -0.5414 , 0.5624 , 0.6293 , -40.0614 , -1.1941 , 40.0792
8 , 0.1006 , 5.4302 , 8.8061 , -0.4967 , 5.1685 , 8.3192 , -0.0625 , -0.1216 , -0.1001 , 0.0322 , -0.3058 , 0.7910 , 0.6114 , -31.8060 , -3.4167 , 31.9890
8 , -0.7997 , 4.7167 , 7.3121 , -0.1388 , 5.0765 , 8.3893 , -0.5469 , 1.1142 , -0.2430 , -0.6609 , -0.3597 , -1.0772 , 0.6384 , -31.1751 , -0.9476 , 31.1895
1 , -0.1580 , 4.8795 , 8.8804 , 0.1196 , 5.0185 , 8.4244 , 0.0774 , 0.1215 , 0.0313 , -0.6247 , -0.2850 , -0.0445 , 0.6477 , -30.7800 , 0.8130 , 30.7908
6 , -0.1508 , 4.7622 , 8.5380 , 0.0460 , 5.0460 , 8.4087 , 0.0224 , 0.2792 , 0.0795 , -0.2160 , -0.0779 , -1.2283 , 0.6486 , -30.9671 , 0.3132 , 30.9687
10 , 0.1245 , 5.3105 , 8.5978 , 0.2121 , 5.1500 , 8.3429 , -0.3502 , 0.0501 , 0.2194 , -0.0876 , 0.1605 , 0.2550 , 0.6083 , -31.6784 , 1.4562 , 31.7118
7 , -0.2777 , 5.4757 , 6.4310 , -0.1789 , 5.4771 , 8.1327 , 0.1959 , -0.3079 , 0.2432 , 0.1669 , -0.9662 , 0.4772 , 0.6538 , -33.9525 , -1.2599 , 33.9758
5 , 0.0958 , 5.6888 , 7.2762 , 0.2494 , 5.4438 , 8.1531 , 0.0518 , -0.4075 , 0.3489 , -0.1537 , 0.2450 , -0.8769 , 0.6751 , -33.7186 , 1.7524 , 33.7641
9 , -0.0407 , 4.2666 , 8.6122 , -0.3674 , 4.7728 , 8.5589 , -0.1792 , -0.2743 , -0.2858 , 0.3267 , -0.5062 , 0.0533 , 0.6464 , -29.1235 , -2.4577 , 29.2271
7 , 0.0599 , 5.8588 , 8.0855 , -0.5429 , 5.3257 , 8.2166 , 0.1110 , 0.2779 , 0.1901 , -0.3142 , -0.3480 , -0.1024 , 0.6471 , -32.8929 , -3.7803 , 33.1094
6 , -0.0599 , 5.8971 , 8.9354 , -0.4461 , 5.3139 , 8.2300 , -0.1950 , 0.0660 , -0.0225 , -0.4206 , 0.0277 , -0.5468 , 0.6608 , -32.8109 , -3.1025 , 32.9573
5 , -0.1149 , 5.0280 , 8.4949 , -0.0052 , 5.1058 , 8.3726 , 0.1806 , 0.0220 , 0.3672 , -0.1097 , -0.0778 , 0.1222 , 0.6816 , -31.3756 , -0.0356 , 31.3757
2 , 0.1173 , 5.9498 , 7.4175 , 0.1667 , 5.5693 , 8.0701 , -0.2445 , -0.4814 , 0.0991 , -0.0494 , 0.3805 , -0.6526 , 0.6995 , -34.6044 , 1.1837 , 34.6247
4 , 0.2658 , 5.5787 , 4.5108 , 0.4529 , 4.6522 , 8.6210 , 0.5490 , 0.1729 , 0.2078 , -0.2039 , -0.1701 , 0.1468 , 0.7170 , -28.3197 , 3.0075 , 28.4789
5 , 0.1437 , 5.0878 , 6.8452 , 0.3575 , 4.6712 , 8.6152 , 0.4787 , -0.0202 , 0.1058 , -0.1037 , -1.0295 , 0.5285 , 0.7172 , -28.4460 , 2.3764 , 28.5451
8 , -0.7542 , 4.0798 , 9.1246 , -0.4332 , 4.5466 , 8.6782 , -0.0002 , -0.0012 , 0.0276 , 0.8067 , 0.1342 , -0.2097 , 0.6573 , -27.6210 , -2.8578 , 27.7685
4 , -0.4573 , 4.2810 , 8.8660 , -0.1005 , 4.2481 , 8.8382 , -0.1205 , 0.0715 , -0.0695 , -0.6801 , -0.1539 , -0.9036 , 0.7282 , -25.6701 , -0.6513 , 25.6784
7 , 0.2155 , 4.7598 , 10.4366 , -0.1546 , 4.2121 , 8.8547 , -0.1242 , -0.2676 , 0.3874 , -0.8150 , -0.1514 , -0.0126 , 0.7008 , -25.4366 , -1.0006 , 25.4563
5 , -0.2586 , 4.4126 , 8.4518 , -0.0161 , 4.2032 , 8.8602 , -0.1297 , -0.1906 , -0.0213 , 0.2316 , 0.5566 , 1.5764 , 0.7122 , -25.3791 , -0.1044 , 25.3793
5 , -1.0367 , 3.9913 , 8.5093 , -0.4764 , 3.8559 , 9.0042 , 0.4250 , -0.3250 , 0.3740 , -0.5604 , 0.1354 , -0.4949 , 0.6477 , -23.1533 , -3.0283 , 23.3505
8 , 0.1269 , 3.7542 , 9.0504 , -0.1508 , 4.2272 , 8.8475 , -0.0942 , 0.1570 , 0.0099 , 0.2777 , -0.4730 , 0.2028 , 0.6288 , -25.5344 , -0.9767 , 25.5530
4 , 0.2969 , 4.9131 , 10.3217 , 0.2252 , 4.4891 , 8.7160 , 0.3016 , -0.4221 , 0.2170 , -0.3832 , -0.5265 , 1.0575 , 0.6943 , -27.2425 , 1.4799 , 27.2827
8 , 0.3280 , 4.7239 , 8.7511 , 0.1011 , 4.1997 , 8.8613 , 0.2332 , -0.2279 , 0.0752 , -0.5943 , -0.0959 , 0.4884 , 0.6754 , -25.3567 , 0.6535 , 25.3652
3 , -0.1724 , 3.9434 , 9.1030 , 0.1013 , 4.8076 , 8.5468 , 0.5655 , 0.0122 , 0.4057 , -0.2737 , -0.8642 , 0.5563 , 0.7000 , -29.3562 , 0.6793 , 29.3641
3 , 0.9026 , 5.6385 , 9.7088 , 0.2566 , 4.8803 , 8.5022 , -0.3294 , 0.1759 , -0.0103 , -0.4122 , 0.4111 , -0.4359 , 0.7135 , -29.8447 , 1.7285 , 29.8947
2 , 0.7207 , 4.6952 , 10.2595 , 0.5934 , 4.3864 , 8.7509 , 0.0090 , 0.2541 , 0.1821 , -1.2950 , -1.4222 , -0.3039 , 0.7314 , -26.5696 , 3.8796 , 26.8513
4 , -0.0072 , 4.1996 , 7.2858 , 0.5175 , 4.2217 , 8.8363 , -0.0075 , 0.1325 , -0.0793 , -0.5247 , -0.0221 , -1.5505 , 0.7315 , -25.4989 , 3.3518 , 25.7182
6 , 0.3256 , 3.5411 , 9.7830 , 0.1613 , 3.8159 , 9.0324 , 0.2405 , -0.1857 , 0.1168 , 0.1643 , -0.2747 , 0.7506 , 0.6918 , -22.8991 , 1.0229 , 22.9219
8 , -0.4166 , 2.8947 , 9.3161 , -0.0449 , 3.6935 , 9.0844 , -0.2384 , -0.1405 , -0.5539 , 0.6339 , 0.5156 , 0.4209 , 0.6827 , -22.1253 , -0.2830 , 22.1272
7 , -0.8667 , 3.3424 , 8.1980 , -0.2213 , 3.8785 , 9.0043 , 0.0169 , 0.0537 , 0.1027 , 0.1542 , 0.0720 , 0.2471 , 0.6739 , -23.2973 , -1.4077 , 23.3398
1 , -1.4126 , 4.6066 , 8.1717 , -0.8789 , 4.1633 , 8.8354 , 0.3108 , 0.5021 , 0.2591 , 1.1111 , -0.3923 , -0.8433 , 0.7124 , -25.1216 , -5.6805 , 25.7558
7 , -0.5746 , 3.9745 , 9.9147 , -1.1521 , 4.0933 , 8.8368 , 0.3492 , -0.3794 , 0.3098 , 0.7283 , -0.5641 , 1.7196 , 0.6409 , -24.6704 , -7.4280 , 25.7643
1 , -2.0926 , 4.8005 , 10.8652 , -1.4501 , 4.6652 , 8.5031 , -0.3239 , -0.4533 , -0.0292 , -0.3719 , -0.4058 , -0.5469 , 0.6760 , -28.4064 , -9.6782 , 30.0099
8 , -0.5650 , 3.6728 , 8.4949 , -0.6676 , 3.7113 , 9.0527 , 0.2069 , 0.3127 , 0.3147 , 0.1360 , -0.4575 , 0.3640 , 0.6556 , -22.2378 , -4.2174 , 22.6342
2 , -0.6632 , 5.2506 , 6.9290 , -0.9459 , 4.1919 , 8.8150 , 0.1012 , 0.1564 , 0.5804 , 0.4982 , -0.6532 , 1.3392 , 0.7191 , -25.3063 , -6.1246 , 26.0369
6 , -0.0215 , 3.1964 , 9.7255 , -0.2813 , 3.4878 , 9.1611 , -0.1834 , -0.0770 , 0.1834 , 0.3244 , 0.3119 , -0.1850 , 0.6734 , -20.8337 , -1.7590 , 20.9079
5 , 0.0718 , 5.0399 , 9.0001 , -0.4086 , 3.5486 , 9.1330 , 0.3651 , 0.0024 , 0.5566 , -0.0774 , 0.5864 , 0.5399 , 0.6856 , -21.2140 , -2.5618 , 21.3681
10 , 0.4908 , 2.8181 , 9.7136 , 0.2948 , 3.0928 , 9.3015 , -0.0680 , 0.6573 , -0.0744 , 0.0547 , -0.0234 , 0.1583 , 0.6424 , -18.3838 , 1.8156 , 18.4732
1 , -1.6090 , 4.5731 , 8.3824 , -1.5624 , 3.7565 , 8.9229 , 0.2875 , 0.4508 , 0.1583 , -1.1503 , 0.2874 , -1.3354 , 0.7174 , -22.5230 , -9.9319 , 24.6156
5 , 0.3711 , 2.6409 , 9.7998 , 0.4133 , 2.8459 , 9.3755 , -0.0558 , 0.3213 , 0.2750 , -0.0422 , -0.2050 , 0.4243 , 0.6808 , -16.8701 , 2.5239 , 17.0579
10 , 1.0271 , 3.0742 , 8.3943 , -0.2593 , 2.5219 , 9.4733 , 0.1171 , -0.2169 , 0.0997 , -0.7200 , -0.3239 , -0.0686 , 0.6312 , -14.9015 , -1.5676 , 14.9837
7 , -0.5267 , 3.1102 , 10.5420 , 0.2196 , 3.2637 , 9.2450 , -0.0802 , 0.4514 , 0.2689 , -0.7463 , -0.1535 , 1.2970 , 0.6823 , -19.4390 , 1.3608 , 19.4866
6 , 0.0239 , 3.5124 , 9.0863 , 0.1896 , 3.0190 , 9.3285 , 0.1910 , -0.6249 , -0.3365 , -0.0818 , 0.3019 , -0.3020 , 0.6768 , -17.9297 , 1.1642 , 17.9674
10 , 0.2658 , 1.2785 , 10.1062 , 0.1457 , 1.9303 , 9.6137 , 0.3303 , 0.0104 , 0.2732 , 0.1200 , -0.6517 , 0.4925 , 0.6497 , -11.3517 , 0.8684 , 11.3849
5 , 0.1820 , 2.6792 , 8.7918 , -0.1683 , 3.1990 , 9.2687 , 0.0976 , -0.0599 , -0.4037 , 0.5442 , -0.8766 , 1.4601 , 0.7290 , -19.0390 , -1.0402 , 19.0674
8 , -0.3448 , 2.6696 , 8.3800 , 0.5320 , 3.4063 , 9.1806 , 0.1605 , 0.2468 , 0.0685 , 0.0163 , -0.3560 , 0.2121 , 0.6825 , -20.3254 , 3.3162 , 20.5941
5 , 1.3121 , 4.2618 , 11.5763 , 0.1469 , 3.3366 , 9.2204 , 0.2955 , -0.2651 , 0.3825 , -0.4917 , -0.6670 , -0.8404 , 0.7191 , -19.8916 , 0.9127 , 19.9125
6 , 0.3448 , 3.2466 , 9.3449 , 0.0597 , 2.8221 , 9.3916 , 0.0273 , 0.0818 , 0.1259 , 0.2396 , 0.0846 , 0.0729 , 0.7046 , -16.7246 , 0.3641 , 16.7286
3 , -0.0575 , 3.3999 , 9.6082 , -0.0983 , 3.4632 , 9.1742 , -0.1639 , -0.4166 , 0.2298 , -0.3422 , -0.9732 , 0.0940 , 0.7352 , -20.6802 , -0.6139 , 20.6893
2 , -0.5124 , 3.5435 , 9.0743 , 0.2188 , 3.2951 , 9.2339 , 0.2466 , -0.0660 , 0.0930 , 0.4564 , -0.3884 , -0.1141 , 0.7458 , -19.6335 , 1.3575 , 19.6804
7 , -0.7925 , 4.1517 , 7.9250 , -0.0772 , 3.3858 , 9.2033 , 0.8324 , 0.5259 , 0.2750 , 0.2520 , -0.0745 , -0.2272 , 0.7077 , -20.1975 , -0.4806 , 20.2033
9 , -1.4461 , 2.8085 , 8.4949 , -0.6616 , 2.9545 , 9.3276 , 0.8098 , 0.0104 , 0.1583 , -0.7845 , -0.1460 , -0.8327 , 0.6668 , -17.5340 , -4.0573 , 17.9973
2 , -0.8691 , 4.2618 , 7.8149 , -0.3146 , 3.5708 , 9.1280 , 0.1147 , -0.6897 , 0.3367 , -0.5545 , 0.6910 , -1.3131 , 0.7347 , -21.3536 , -1.9741 , 21.4447
7 , -0.0646 , 2.5475 , 9.2060 , -0.0384 , 2.8966 , 9.3690 , 0.1086 , 0.0067 , 0.0533 , -0.0262 , -0.3491 , -0.1630 , 0.6946 , -17.1798 , -0.2349 , 17.1814
6 , 0.1030 , 2.2650 , 9.2563 , 0.0825 , 2.5830 , 9.4600 , -0.0148 , -0.1521 , -0.0555 , 0.0205 , -0.3180 , -0.2037 , 0.6856 , -15.2714 , 0.4995 , 15.2795
7 , -2.8947 , 3.6728 , 9.1006 , -1.9878 , 3.7752 , 8.8299 , 0.7982 , 0.0977 , 0.4418 , -1.2014 , -1.3091 , -0.4427 , 0.6422 , -22.6413 , -12.6872 , 25.9537
9 , -1.0726 , 3.2802 , 7.6689 , -0.5544 , 3.2296 , 9.2430 , 0.4342 , -0.9194 , 0.0465 , -0.5183 , 0.0505 , -1.5741 , 0.6507 , -19.2281 , -3.4323 , 19.5320
5 , -0.4812 , 3.5818 , 9.1701 , -0.3579 , 3.3290 , 9.2174 , -0.1181 , 0.2779 , 0.4357 , -0.1234 , 0.2528 , -0.0473 , 0.6913 , -19.8443 , -2.2234 , 19.9685
1 , -1.5754 , 4.1062 , 9.0264 , -1.1081 , 3.6410 , 9.0380 , 0.1617 , -0.2499 , -0.0225 , -0.0076 , 0.2975 , -0.0259 , 0.7102 , -21.7948 , -6.9902 , 22.8883
10 , -0.3663 , 3.0790 , 8.7487 , -0.4672 , 2.1852 , 9.5487 , 0.0652 , 0.3054 , 0.0533 , 0.3044 , 0.2114 , 0.4786 , 0.6009 , -12.8755 , -2.8012 , 13.1766
10 , -1.6904 , 1.9513 , 9.2658 , -0.8031 , 2.6746 , 9.4006 , 0.5814 , -0.4203 , 0.3550 , -0.8872 , -0.7233 , -0.1348 , 0.6019 , -15.8271 , -4.8832 , 16.5633
5 , -0.8883 , 3.0886 , 9.8668 , -0.5990 , 3.5821 , 9.1093 , 0.1073 , 0.2523 , -0.0982 , -0.2893 , -0.4935 , 0.7575 , 0.7058 , -21.4246 , -3.7623 , 21.7525
2 , -1.5299 , 5.2387 , 7.3887 , -0.7689 , 4.1770 , 8.8392 , -0.5915 , 0.2401 , -0.5283 , -0.7610 , 1.0617 , -1.4505 , 0.7179 , -25.2099 , -4.9716 , 25.6955
5 , -0.4956 , 3.8284 , 8.1166 , -0.0916 , 3.5819 , 9.1286 , 0.0292 , 0.2853 , 0.0331 , -0.4041 , 0.2466 , -1.0121 , 0.7031 , -21.4229 , -0.5746 , 21.4306
2 , -0.1030 , 3.6441 , 8.5859 , -0.1484 , 4.0668 , 8.9224 , 0.3187 , 0.3146 , 0.3843 , 0.0455 , -0.4227 , -0.3366 , 0.7274 , -24.5000 , -0.9532 , 24.5186
1 , -0.8141 , 5.4996 , 8.6553 , -0.6142 , 5.3579 , 8.1906 , 0.2179 , -0.2492 , -0.0604 , -0.1999 , 0.1417 , 0.4647 , 0.6560 , -33.1172 , -4.2884 , 33.3937
8 , 1.6592 , 6.1006 , 9.0456 , -0.8544 , 4.5420 , 8.6493 , -0.6422 , 0.8711 , -0.4788 , 2.5136 , 1.5586 , 0.3962 , 0.6317 , -27.5908 , -5.6414 , 28.1616
3 , 0.1939 , 3.5483 , 11.0089 , -0.1331 , 3.6849 , 9.0870 , 0.0359 , -0.2053 , 0.0972 , 0.6311 , 0.3063 , -0.8196 , 0.6305 , -22.0712 , -0.8392 , 22.0872
1 , -0.8667 , 5.1070 , 8.1621 , -0.7228 , 4.1282 , 8.8660 , -0.0026 , 0.3207 , -0.1838 , -0.1440 , 0.9788 , -0.7039 , 0.7244 , -24.8954 , -4.6606 , 25.3278
9 , 1.0224 , 3.1557 , 10.7934 , 0.1686 , 3.5318 , 9.1470 , -0.0020 , -0.6872 , 0.2402 , -0.0680 , -0.3833 , 0.0135 , 0.6042 , -21.1090 , 1.0560 , 21.1354
2 , -0.0311 , 5.9282 , 9.4813 , -0.1563 , 4.2510 , 8.8360 , 0.1257 , 0.2327 , 0.1492 , -0.2890 , -1.4425 , -0.0035 , 0.6974 , -25.6886 , -1.0137 , 25.7085
4 , -1.4342 , 3.6465 , 10.5659 , 0.1138 , 4.0372 , 8.9364 , 0.0255 , 0.4245 , 0.1088 , 1.3491 , 1.3859 , -0.0536 , 0.6812 , -24.3101 , 0.7293 , 24.3210
5 , -0.2251 , 3.9913 , 8.8492 , -0.0834 , 4.2347 , 8.8448 , 0.1006 , -0.8393 , 0.0435 , -0.1417 , -0.2434 , 0.0044 , 0.6883 , -25.5831 , -0.5401 , 25.5888
2 , 0.0694 , 5.0471 , 9.1174 , -0.1775 , 4.3102 , 8.8069 , 0.3602 , -0.1136 , 0.3123 , -0.0835 , 0.1455 , -0.0893 , 0.7248 , -26.0733 , -1.1547 , 26.0989
5 , 0.2562 , 3.6321 , 10.1230 , 0.0689 , 4.0735 , 8.9203 , -0.0099 , -0.0898 , -0.1276 , 0.1873 , -0.4414 , 1.2027 , 0.7102 , -24.5434 , 0.4424 , 24.5474
9 , -0.2394 , 3.3424 , 9.0001 , 0.1142 , 3.7474 , 9.0617 , 0.6516 , -0.2999 , 0.2487 , -0.3537 , -0.4050 , -0.0616 , 0.6886 , -22.4654 , 0.7222 , 22.4770
1 , -0.4908 , 5.5212 , 6.0982 , -0.8044 , 5.0214 , 8.3850 , 0.1324 , 0.5742 , 0.4021 , 0.6536 , 0.1071 , -0.1295 , 0.7350 , -30.8001 , -5.4801 , 31.2838
8 , 0.3208 , 4.0415 , 9.3640 , -0.0344 , 3.8427 , 9.0224 , 0.5643 , -0.3378 , 0.3092 , 0.3552 , 0.1988 , 0.3417 , 0.7148 , -23.0695 , -0.2184 , 23.0705
7 , -0.0215 , 5.2028 , 7.0966 , 0.1204 , 3.6311 , 9.1088 , 0.1800 , 0.7788 , -0.3456 , -0.1420 , 1.5716 , -2.0122 , 0.7262 , -21.7325 , 0.7574 , 21.7457
9 , -1.9226 , 2.9090 , 7.5061 , -0.7136 , 3.9561 , 8.9448 , 0.4409 , 0.5718 , -0.1239 , -1.2090 , -1.0471 , -1.4388 , 0.6667 , -23.7918 , -4.5613 , 24.2251
1 , -0.2610 , 5.1836 , 8.1860 , -0.1340 , 4.1699 , 8.8749 , 0.3285 , -0.2462 , 0.1650 , -0.1270 , 1.0137 , -0.6889 , 0.6882 , -25.1638 , -0.8651 , 25.1787
7 , 0.5196 , 4.3384 , 10.2834 , -0.1542 , 3.8187 , 9.0313 , -0.0710 , 0.0788 , -0.0304 , -0.3079 , -0.2823 , 0.9624 , 0.6979 , -22.9170 , -0.9780 , 22.9379
6 , 0.0766 , 3.8548 , 9.1701 , -0.0966 , 3.4932 , 9.1629 , 0.3993 , 0.3952 , 0.3110 , 0.1732 , 0.3616 , 0.0072 , 0.6942 , -20.8674 , -0.6039 , 20.8762
9 , 0.8260 , 4.2905 , 8.3584 , -0.1509 , 3.3870 , 9.2020 , -0.1162 , 0.0916 , 0.5560 , -0.0023 , -0.2146 , -0.2617 , 0.6878 , -20.2046 , -0.9397 , 20.2265
7 , -0.5339 , 3.3855 , 10.6066 , -0.1160 , 3.5783 , 9.1298 , -0.2812 , 0.2559 , 0.4747 , -0.3078 , -0.2430 , 0.1121 , 0.6979 , -21.4002 , -0.7277 , 21.4126
4 , -0.8380 , 3.5148 , 8.5691 , 0.1182 , 3.7332 , 9.0675 , -0.1004 , -0.2395 , -0.0091 , 0.2170 , 0.3466 , -0.0961 , 0.7254 , -22.3760 , 0.7467 , 22.3885
1 , -0.7255 , 4.0415 , 8.8684 , -0.8119 , 3.6786 , 9.0542 , -0.0979 , 0.1741 , -0.0940 , 0.0864 , 0.3630 , -0.1859 , 0.7338 , -22.0310 , -5.1239 , 22.6191
2 , 0.3232 , 5.0328 , 10.3792 , -0.2473 , 4.0276 , 8.9380 , 0.2686 , 0.0177 , 0.0960 , -0.2627 , 0.2821 , 0.0262 , 0.7037 , -24.2489 , -1.5847 , 24.3007
9 , -0.1868 , 2.2793 , 10.7527 , -0.6134 , 3.2238 , 9.2413 , -0.3551 , -0.4233 , -0.5918 , -0.3707 , -0.1160 , -0.1023 , 0.6480 , -19.1919 , -3.7975 , 19.5640
4 , -1.5419 , 4.6281 , 9.0575 , -0.8230 , 4.1773 , 8.8342 , 0.2882 , -0.3091 , 0.1504 , 0.5045 , 0.6232 , 0.2066 , 0.7285 , -25.2117 , -5.3221 , 25.7673
10 , -0.8260 , 2.0136 , 10.0751 , -0.3055 , 2.8584 , 9.3759 , -0.3221 , 0.6194 , -0.0176 , -0.5206 , -0.8448 , 0.6993 , 0.6919 , -16.9462 , -1.8660 , 17.0486
3 , -0.8428 , 3.9529 , 9.1653 , -0.5433 , 3.1803 , 9.2607 , 0.0175 , 0.0159 , 0.1406 , 0.5337 , 0.1621 , 0.3930 , 0.7490 , -18.9231 , -3.3572 , 19.2186
8 , -0.5722 , 1.7047 , 8.4925 , -0.1593 , 3.1311 , 9.2920 , 0.2191 , -0.9029 , -1.4647 , -0.8032 , -0.2891 , 0.0552 , 0.7066 , -18.6195 , -0.9824 , 18.6454
10 , 0.5698 , 2.7055 , 9.4622 , 0.0867 , 2.7965 , 9.3991 , -0.1853 , 0.7788 , 0.3269 , 0.4831 , -0.0909 , 0.0631 , 0.6510 , -16.5684 , 0.5285 , 16.5768
3 , -0.4573 , 3.6704 , 9.6322 , -0.6956 , 3.4260 , 9.1624 , 0.4531 , 0.2871 , 0.3086 , 0.2383 , 0.2445 , 0.4698 , 0.7132 , -20.4476 , -4.3414 , 20.9034
2 , -1.2235 , 3.5196 , 11.4303 , -0.6177 , 3.2960 , 9.2155 , -0.1956 , 0.5785 , -0.3047 , -0.6058 , 0.2235 , 2.2148 , 0.7355 , -19.6396 , -3.8349 , 20.0105
10 , -0.9793 , 1.8604 , 10.2116 , -0.1228 , 2.2953 , 9.5335 , 0.7500 , 0.1661 , 0.7704 , -0.8565 , -0.4350 , 0.6781 , 0.6980 , -13.5360 , -0.7380 , 13.5561
10 , 0.2083 , 1.7766 , 10.0416 , -0.0003 , 2.0201 , 9.5963 , 0.1953 , -0.0018 , 0.3587 , 0.5654 , -0.1359 , -0.4885 , 0.6724 , -11.8879 , -0.0019 , 11.8879
1 , -3.1916 , 2.7726 , 9.9482 , -2.9601 , 2.5137 , 9.0050 , 0.1275 , -0.8644 , -0.1862 , -0.6625 , -0.9670 , -0.3904 , 0.7385 , -14.8520 , -18.1964 , 23.4881
5 , -0.5842 , 2.7702 , 9.3065 , -0.5110 , 2.7948 , 9.3861 , -0.0619 , 0.7440 , -0.2852 , -0.0732 , -0.0247 , -0.0795 , 0.7184 , -16.5585 , -3.1160 , 16.8492
6 , -0.2897 , 4.0224 , 10.4486 , -0.8804 , 2.8230 , 9.3502 , 0.2924 , 0.0318 , 0.3892 , 0.8708 , 0.2776 , 0.8758 , 0.7063 , -16.7304 , -5.3791 , 17.5739
1 , -2.2123 , 3.7327 , 7.2163 , -1.6245 , 3.2548 , 9.1070 , 0.1525 , 0.3354 , -0.1007 , 0.7578 , 1.0405 , -1.0096 , 0.7190 , -19.3842 , -10.1140 , 21.8641
4 , -0.3735 , 3.2993 , 8.7990 , -1.2556 , 3.1124 , 9.2145 , 0.0157 , -0.0727 , 0.1473 , -0.4994 , 0.6945 , -1.0835 , 0.7180 , -18.5043 , -7.7596 , 20.0654
4 , -0.0359 , 2.6840 , 9.5986 , -0.3002 , 2.9748 , 9.3397 , 0.1916 , 0.3018 , 0.1223 , 0.2643 , -0.2908 , 0.2589 , 0.7030 , -17.6586 , -1.8408 , 17.7543
3 , 0.2634 , 2.9450 , 8.8181 , -0.0122 , 2.7520 , 9.4126 , -0.2463 , -0.1485 , -0.2015 , 0.2756 , 0.1929 , -0.5945 , 0.7005 , -16.2977 , -0.0744 , 16.2979
5 , 1.8149 , 3.4430 , 11.1525 , 0.3666 , 2.8499 , 9.3762 , -0.2134 , 0.8961 , -0.1960 , 1.4483 , 0.5930 , 1.7763 , 0.7059 , -16.8947 , 2.2389 , 17.0424
7 , -0.9697 , 2.7774 , 9.1294 , -1.0369 , 2.9090 , 9.3077 , 0.1269 , -0.3983 , -0.0152 , -0.1937 , 0.0671 , -1.3276 , 0.6820 , -17.2557 , -6.3568 , 18.3893
9 , -0.2610 , 2.9904 , 9.2347 , -0.4846 , 2.7582 , 9.3983 , -0.0252 , -0.4050 , -0.0616 , 0.2236 , 0.2323 , -0.1636 , 0.6799 , -16.3352 , -2.9518 , 16.5997
6 , -0.1580 , 3.3185 , 8.5308 , 0.1109 , 3.0883 , 9.3070 , 0.0298 , -0.0177 , 0.1644 , -0.0080 , 0.2636 , -0.2997 , 0.6825 , -18.3562 , 0.6827 , 18.3689
7 , 0.3496 , 3.4693 , 11.7703 , -0.4493 , 2.5964 , 9.4460 , -0.2964 , 1.0580 , 1.0697 , -0.2187 , 0.0469 , 0.1718 , 0.7206 , -15.3527 , -2.7235 , 15.5924
9 , -0.5315 , 1.0535 , 10.8173 , 0.2393 , 2.0280 , 9.5917 , 0.5423 , 0.3323 , 0.0600 , -0.7708 , -0.9745 , 1.2257 , 0.6740 , -11.9347 , 1.4292 , 12.0200
5 , -0.2083 , 2.6026 , 7.8700 , -0.2802 , 2.6939 , 9.4252 , 0.0908 , 0.5626 , 1.0196 , 0.6417 , 0.1170 , 0.0369 , 0.7342 , -15.9441 , -1.7028 , 16.0347
4 , 0.7781 , 4.4581 , 11.9091 , -0.0196 , 3.3779 , 9.2065 , -0.1944 , -0.3507 , 0.1992 , -0.5168 , -0.0163 , 0.1479 , 0.7280 , -20.1481 , -0.1217 , 20.1485
6 , 0.5339 , 3.3831 , 8.5476 , -0.3913 , 3.2611 , 9.2403 , 0.3273 , 0.5986 , 0.1095 , 0.4200 , 0.7062 , -0.0343 , 0.7141 , -19.4230 , -2.4247 , 19.5738
2 , 0.3711 , 4.6449 , 9.6633 , 0.0808 , 3.4123 , 9.1935 , -0.0435 , 0.1509 , 0.3892 , 0.2065 , -0.1298 , 0.2328 , 0.7408 , -20.3627 , 0.5036 , 20.3689
3 , -0.0407 , 3.0048 , 9.7662 , 0.0580 , 3.2678 , 9.2460 , 0.0353 , -0.3207 , -0.0396 , 0.4879 , -0.3899 , 0.4628 , 0.7408 , -19.4644 , 0.3592 , 19.4677
1 , -1.9298 , 3.2730 , 8.6074 , -0.4065 , 3.4490 , 9.1711 , 0.1978 , -0.0086 , -0.1489 , 1.5151 , 0.1927 , 0.7292 , 0.7145 , -20.5914 , -2.5380 , 20.7473
6 , 0.2969 , 2.2554 , 8.3321 , 0.0485 , 2.8364 , 9.3874 , -0.3099 , -0.5138 , -0.2198 , 0.2484 , -0.5810 , -1.0553 , 0.6972 , -16.8118 , 0.2958 , 16.8144
5 , 0.1724 , 2.8540 , 9.5268 , 0.3206 , 3.0887 , 9.3020 , 0.1971 , -0.1643 , 0.0850 , -0.1482 , -0.2348 , 0.2248 , 0.6991 , -18.3586 , 1.9737 , 18.4643
10 , 2.1525 , 1.6401 , 9.4526 , 1.7936 , 1.5600 , 9.5142 , 0.4561 , 0.2706 , 0.1791 , 0.3589 , 0.0801 , -0.0616 , 0.6511 , -9.1530 , 10.6758 , 14.0624
5 , 0.3017 , 2.9952 , 8.6673 , 0.3369 , 2.9118 , 9.3583 , -0.2384 , -0.6188 , 0.0795 , -0.0352 , 0.0834 , -0.6910 , 0.7214 , -17.2728 , 2.0617 , 17.3954
9 , -0.4382 , 1.8508 , 9.2922 , 0.3016 , 2.2375 , 9.5432 , 0.1000 , -0.0910 , -0.3927 , -0.1316 , 0.1400 , 1.3196 , 0.7049 , -13.1887 , 1.8104 , 13.3124
9 , 0.5052 , 5.0352 , 8.8181 , 0.4177 , 5.0468 , 8.3980 , -0.1193 , 0.4661 , 0.2848 , 0.0875 , -0.0116 , 0.4201 , 0.6543 , -30.9724 , 2.8472 , 31.1030
5 , 0.5794 , 5.1621 , 8.1812 , 0.6648 , 5.4116 , 8.1513 , -0.0496 , 0.2474 , 0.5261 , -0.5044 , -0.3597 , 0.0707 , 0.6771 , -33.4925 , 4.6628 , 33.8156
5 , 0.7279 , 5.0160 , 8.0519 , 0.8654 , 5.1217 , 8.3180 , -0.2665 , -0.4056 , 0.2750 , -0.1376 , -0.1057 , -0.2661 , 0.6888 , -31.4843 , 5.9398 , 32.0397
4 , 1.1493 , 4.5587 , 8.7319 , 1.3551 , 5.4612 , 8.0318 , 0.2246 , 0.1912 , 0.1058 , -0.2059 , -0.9025 , 0.7002 , 0.6922 , -33.8410 , 9.5767 , 35.1700
7 , 0.0862 , 6.0048 , 8.9761 , 0.6487 , 5.7644 , 7.9070 , 0.3951 , -0.3904 , 0.1608 , 0.5867 , 0.4057 , -0.3483 , 0.6563 , -36.0012 , 4.6903 , 36.3055
8 , 1.3073 , 6.0743 , 8.3297 , 0.6625 , 5.4112 , 8.1517 , -0.3502 , -0.0464 , -0.0146 , -0.5763 , 0.5936 , 0.8244 , 0.6537 , -33.4900 , 4.6460 , 33.8107
10 , 0.1844 , 4.5731 , 7.9921 , 0.4405 , 4.7870 , 8.5476 , 0.3169 , 0.0238 , 0.0875 , -0.2059 , -0.4485 , 0.2562 , 0.6534 , -29.2180 , 2.9504 , 29.3666
9 , 0.2562 , 4.6329 , 8.6673 , 0.1911 , 4.7076 , 8.6007 , 0.0511 , -0.0422 , 0.0471 , -0.1695 , -0.0580 , -0.6230 , 0.6706 , -28.6884 , 1.2726 , 28.7166
3 , -0.1700 , 2.9162 , 9.8189 , -0.1722 , 3.8099 , 9.0347 , 0.5386 , -0.2059 , 0.2109 , 0.0023 , -0.8937 , 0.7842 , 0.7204 , -22.8613 , -1.0922 , 22.8874
7 , -0.3615 , 3.8261 , 7.7862 , -0.1158 , 4.0373 , 8.9363 , 0.6834 , -0.4514 , -0.1196 , -0.2457 , -0.2113 , -1.1501 , 0.7094 , -24.3113 , -0.7424 , 24.3226
1 , -0.1796 , 4.7024 , 8.2291 , -0.3919 , 4.2463 , 8.8310 , 0.2735 , -0.1081 , 0.1418 , -0.4030 , -0.2095 , -0.1805 , 0.7479 , -25.6580 , -2.5411 , 25.7836
8 , -0.6105 , 2.3631 , 8.7750 , -0.0568 , 3.8787 , 9.0068 , 0.5398 , 0.0782 , 0.0331 , -0.5537 , -1.5155 , -0.2318 , 0.6841 , -23.2981 , -0.3614 , 23.3009
4 , 0.5627 , 4.6808 , 11.3967 , -0.0579 , 4.2027 , 8.8602 , 0.0860 , -0.0495 , 0.6140 , 1.0587 , 0.2267 , 1.0353 , 0.7116 , -25.3763 , -0.3741 , 25.3790
10 , 0.5028 , 3.7758 , 6.8380 , 0.2519 , 3.2957 , 9.2328 , 0.2252 , 0.0806 , -0.1233 , 0.5645 , 0.2981 , -0.3764 , 0.6751 , -19.6375 , 1.5630 , 19.6996
3 , -0.3879 , 3.8332 , 10.3121 , -0.8080 , 3.1040 , 9.2673 , 0.2399 , 0.2492 , 0.4045 , 0.1687 , -0.4990 , 0.1733 , 0.7192 , -18.4526 , -4.9827 , 19.1135
1 , -0.5291 , 3.8476 , 8.1286 , -1.6355 , 3.8060 , 8.8887 , 0.0194 , -0.3012 , -0.5240 , 1.1064 , 0.0416 , -0.7602 , 0.7423 , -22.8368 , -10.4256 , 25.1041
8 , -0.4908 , 3.7351 , 8.9546 , -0.1411 , 4.0717 , 8.9203 , 0.2320 , 0.0647 , 0.1760 , -0.0648 , 0.1613 , -0.0184 , 0.6154 , -24.5320 , -0.9060 , 24.5488
2 , -0.7183 , 5.1788 , 8.6481 , -2.0344 , 4.2260 , 8.6123 , -0.0930 , -0.1784 , 0.0154 , 1.3161 , 0.9528 , 0.0358 , 0.7089 , -25.5269 , -13.2907 , 28.7796
7 , -0.5674 , 4.6473 , 9.1437 , -1.1077 , 4.6067 , 8.5861 , 0.3883 , 0.2028 , 0.2255 , 0.5402 , 0.0406 , 0.5576 , 0.6758 , -28.0183 , -7.3508 , 28.9665
1 , -3.3664 , 4.9681 , 7.8652 , -2.7976 , 5.4342 , 7.6690 , 0.4787 , 0.9786 , -0.2980 , 1.4663 , -1.1437 , 1.2856 , 0.6752 , -33.6514 , -20.0414 , 39.1672
7 , -1.3001 , 4.5084 , 8.1597 , -1.0567 , 5.0859 , 8.3179 , -0.2323 , 0.1863 , -0.0524 , -0.2434 , -0.5775 , -0.1582 , 0.6261 , -31.2399 , -7.2398 , 32.0678
10 , -1.4773 , 4.8364 , 9.2658 , -1.1539 , 4.4415 , 8.6667 , -0.1529 , -0.0941 , -0.2601 , -0.3233 , 0.3950 , 0.5991 , 0.5924 , -26.9302 , -7.5840 , 27.9777
8 , -1.3815 , 4.8700 , 8.2243 , -0.7993 , 4.5037 , 8.6746 , 0.0133 , 0.3048 , 0.1131 , -0.5822 , 0.3662 , -0.4502 , 0.6346 , -27.3388 , -5.2645 , 27.8411
5 , -0.9314 , 5.8085 , 6.1054 , -0.5751 , 4.9227 , 8.4621 , -0.0173 , 0.6554 , -0.3194 , -0.3563 , 0.8858 , -2.3567 , 0.6492 , -30.1307 , -3.8880 , 30.3805
5 , -1.2785 , 4.3600 , 9.1342 , -0.8354 , 4.6741 , 8.5805 , 0.4818 , -0.4233 , 0.3477 , -0.4432 , -0.3142 , 0.5537 , 0.6682 , -28.4654 , -5.5605 , 29.0034
4 , -0.6560 , 6.4478 , 5.3368 , -0.4157 , 5.3908 , 8.1815 , 0.6101 , -0.9902 , 0.5554 , -0.2403 , 1.0570 , -2.8447 , 0.6965 , -33.3468 , -2.9089 , 33.4734
7 , 0.0766 , 4.5874 , 9.3089 , -0.3941 , 4.6067 , 8.6483 , 0.5081 , 0.0568 , 0.5346 , -0.8988 , -0.5316 , -0.0529 , 0.6536 , -28.0180 , -2.6094 , 28.1392
3 , -1.1421 , 4.2163 , 8.7199 , -0.5418 , 5.0519 , 8.3878 , 0.4134 , 0.3121 , 0.4192 , -0.6002 , -0.8356 , 0.3322 , 0.6823 , -31.0078 , -3.6961 , 31.2273
8 , -0.6034 , 4.1708 , 8.7535 , -0.5540 , 4.3177 , 8.7875 , 0.0768 , -0.3085 , 0.1937 , -0.0494 , -0.1469 , -0.0341 , 0.6566 , -26.1221 , -3.6073 , 26.3700
10 , 0.1173 , 4.1205 , 9.7375 , -0.8333 , 3.6687 , 9.0563 , 0.5869 , 0.1240 , 0.1919 , 0.9506 , 0.4519 , 0.6812 , 0.6417 , -21.9687 , -5.2570 , 22.5889
8 , -0.7279 , 3.6321 , 8.8947 , -0.3444 , 4.0736 , 8.9139 , -0.0967 , 0.2223 , -0.0011 , -0.3834 , -0.4415 , -0.0191 , 0.6613 , -24.5442 , -2.2129 , 24.6437
3 , -0.8931 , 4.6688 , 8.4015 , -0.3655 , 5.0913 , 8.3735 , 0.3163 , -0.0464 , 0.2726 , -0.5276 , -0.4225 , 0.0280 , 0.6892 , -31.2766 , -2.4993 , 31.3763
1 , -0.1461 , 5.1812 , 7.9586 , -0.7344 , 5.1100 , 8.3378 , 0.0487 , 0.5522 , -0.0488 , 0.5884 , 0.0712 , -0.3792 , 0.7280 , -31.4043 , -5.0337 , 31.8052
6 , -0.6800 , 2.8372 , 8.6960 , -0.3197 , 4.2344 , 8.8396 , -0.2476 , -0.0764 , -0.0818 , -0.3603 , -1.3972 , -0.1436 , 0.6882 , -25.5810 , -2.0712 , 25.6647
4 , -0.6848 , 5.4422 , 7.9250 , -0.4305 , 5.3443 , 8.2112 , 0.4079 , -0.2492 , 0.1015 , -0.2279 , -0.7952 , 0.5279 , 0.6773 , -33.0226 , -3.0014 , 33.1587
2 , 0.0479 , 6.1413 , 7.6617 , -0.4168 , 5.8897 , 7.8300 , 0.6150 , 0.2486 , 0.3923 , 0.3761 , 0.0002 , 0.7128 , 0.6775 , -36.9115 , -3.0468 , 37.0370
4 , -0.3017 , 6.0839 , 9.1988 , -0.2674 , 5.4323 , 8.1602 , 0.4012 , 0.0379 , 0.1852 , -0.2162 , 0.5079 , -0.1896 , 0.6667 , -33.6381 , -1.8769 , 33.6904
3 , -0.5220 , 5.5380 , 7.6593 , -0.0549 , 5.5953 , 8.0536 , 0.1849 , -0.1399 , 0.0252 , -0.4670 , -0.0573 , -0.3943 , 0.6785 , -34.7891 , -0.3907 , 34.7913
3 , -0.5339 , 5.5236 , 6.3975 , -0.6075 , 5.3574 , 8.1914 , 0.4989 , 0.5101 , 0.6201 , 0.0089 , -1.1124 , 1.7137 , 0.6692 , -33.1138 , -4.2413 , 33.3843
9 , -0.5148 , 4.5348 , 8.6194 , -0.3127 , 4.2989 , 8.8086 , 0.1110 , 0.0971 , 0.2658 , -0.9012 , 0.3268 , -1.3074 , 0.6385 , -25.9998 , -2.0331 , 26.0791
4 , -0.4046 , 5.4757 , 9.6824 , -0.5084 , 5.8594 , 7.8473 , 0.8294 , 0.3127 , 0.4387 , 0.1038 , -0.3837 , 1.8352 , 0.6681 , -36.6903 , -3.7067 , 36.8771
1 , -0.4597 , 6.8404 , 6.2850 , -0.6425 , 6.8005 , 7.0364 , 0.7561 , -0.0935 , 0.3275 , 0.1828 , 0.0400 , -0.7514 , 0.6924 , -43.9043 , -5.2174 , 44.2132
3 , -1.4174 , 4.9154 , 9.3975 , -1.6287 , 5.3368 , 8.0645 , -0.5047 , -0.4527 , 0.3178 , 0.2113 , -0.4214 , 1.3330 , 0.6957 , -32.9704 , -11.4179 , 34.8915
7 , -1.4797 , 4.4126 , 7.1924 , -1.1493 , 5.1092 , 8.2913 , -0.0936 , 0.3824 , -0.0683 , -0.3303 , -0.6965 , -1.0989 , 0.6872 , -31.3988 , -7.8920 , 32.3754
9 , -0.2131 , 4.4725 , 8.8253 , -0.5276 , 4.3521 , 8.7722 , -0.1975 , 0.1411 , -0.0927 , 0.3146 , 0.1204 , 0.0531 , 0.6744 , -26.3457 , -3.4422 , 26.5696
10 , -0.5555 , 2.8779 , 9.2227 , -0.8543 , 4.0129 , 8.9071 , 0.1361 , -0.3800 , -0.1068 , 0.4281 , 0.3638 , 0.2318 , 0.6493 , -24.1549 , -5.4787 , 24.7684
10 , -1.4916 , 3.4837 , 7.4749 , -0.4760 , 4.2890 , 8.8061 , -0.1578 , 0.1429 , 0.0025 , 0.0451 , 0.0326 , -0.0215 , 0.6614 , -25.9356 , -3.0942 , 26.1195
9 , -0.4597 , 3.8620 , 8.1597 , -0.3794 , 4.0739 , 8.9124 , -0.7436 , -0.2963 , -0.0989 , -0.0803 , -0.2119 , -0.7527 , 0.6642 , -24.5457 , -2.4377 , 24.6664
1 , 0.1221 , 4.3959 , 11.5428 , 0.0921 , 3.9035 , 8.9958 , 0.0585 , 0.0263 , 0.0087 , -0.0202 , 0.0159 , 0.2485 , 0.6637 , -23.4563 , 0.5864 , 23.4636
10 , 0.7757 , 3.9697 , 11.1717 , -0.0220 , 3.8862 , 9.0037 , 0.7029 , 0.1539 , -0.3872 , 0.1441 , 0.5097 , 2.5391 , 0.6605 , -23.3458 , -0.1398 , 23.3463
5 , -0.4908 , 4.1397 , 8.8133 , -0.4044 , 4.4917 , 8.7081 , 0.2081 , -0.1265 , 0.3086 , -0.0864 , -0.3520 , 0.1052 , 0.7242 , -27.2596 , -2.6588 , 27.3890
4 , 1.0152 , 6.8069 , 9.7639 , -0.6364 , 4.9611 , 8.4352 , 1.0133 , 0.5327 , 0.2218 , 1.1727 , -0.2253 , 0.7660 , 0.7296 , -30.3909 , -4.3147 , 30.6956
7 , -0.0479 , 5.8181 , 9.0384 , -0.9008 , 4.6868 , 8.5669 , -0.4650 , 0.9004 , -0.1746 , 0.8529 , 1.1312 , 0.4715 , 0.6793 , -28.5500 , -6.0027 , 29.1742
1 , -1.6209 , 4.3791 , 8.4733 , -1.2806 , 4.6484 , 8.5395 , 0.1733 , 0.1961 , 0.0087 , -0.3404 , -0.2693 , -0.0662 , 0.6923 , -28.2945 , -8.5284 , 29.5518
2 , -0.1676 , 5.2075 , 7.9203 , -0.4393 , 4.0970 , 8.8990 , 0.3511 , 0.2682 , 0.5768 , 0.3651 , 0.2151 , 2.2009 , 0.7344 , -24.6946 , -2.8261 , 24.8557
2 , -0.8260 , 4.4917 , 4.9298 , -0.5765 , 4.5225 , 8.6825 , -0.1523 , 0.0238 , 0.1229 , 0.4089 , 0.6851 , -0.7622 , 0.7444 , -27.4624 , -3.7985 , 27.7238
10 , -0.1915 , 3.6297 , 8.8875 , -0.2343 , 3.4503 , 9.1766 , 0.1861 , -0.0898 , 0.1846 , 0.0428 , 0.1794 , -0.2891 , 0.6895 , -20.5995 , -1.4627 , 20.6514
7 , -0.5267 , 5.8420 , 8.3488 , -0.2966 , 4.5157 , 8.7001 , 0.5802 , -0.4386 , 0.2237 , -0.2301 , 1.3264 , -0.3512 , 0.6999 , -27.4174 , -1.9527 , 27.4868
2 , -0.9673 , 5.2913 , 6.5268 , -0.3298 , 4.9382 , 8.4661 , -0.2225 , 0.2089 , 0.1107 , -0.6375 , 0.3531 , -1.9393 , 0.7518 , -30.2357 , -2.2308 , 30.3179
1 , -1.5060 , 4.9178 , 8.3728 , -1.1940 , 4.8923 , 8.4149 , 0.2802 , 0.4789 , 0.0056 , -0.3120 , 0.0255 , -0.0421 , 0.7509 , -29.9258 , -8.0756 , 30.9963
10 , 1.2714 , 3.6776 , 10.5707 , 0.7123 , 2.8641 , 9.3520 , -0.0521 , -0.7508 , 0.3819 , -0.9182 , 1.1248 , -1.4796 , 0.6709 , -16.9808 , 4.3555 , 17.5305
10 , 0.6560 , 2.3464 , 10.0392 , 0.7362 , 2.5863 , 9.4308 , 0.7121 , 0.4813 , 0.2756 , 0.5351 , 1.0913 , 1.1399 , 0.6774 , -15.2912 , 4.4638 , 15.9295
8 , -0.7710 , 2.7438 , 10.4079 , -0.2736 , 3.2906 , 9.2340 , 0.3279 , -0.5480 , 0.0697 , -0.4973 , -0.5468 , 1.1739 , 0.6907 , -19.6060 , -1.6973 , 19.6794
6 , 0.5196 , 3.2323 , 9.8069 , -0.0927 , 3.4166 , 9.1918 , 0.4329 , -0.1094 , 0.2817 , 0.6122 , -0.1844 , 0.6152 , 0.6911 , -20.3895 , -0.5776 , 20.3977
4 , 0.0551 , 4.4677 , 9.9626 , 0.1235 , 4.2933 , 8.8161 , -0.0845 , -0.2645 , -0.1202 , 0.3673 , -0.3834 , 0.6006 , 0.7042 , -25.9631 , 0.8026 , 25.9755
9 , -0.0383 , 3.1628 , 10.3121 , 0.5584 , 3.1018 , 9.2864 , 0.5985 , 0.5656 , -0.0866 , -0.5967 , 0.0611 , 1.0257 , 0.6675 , -18.4389 , 3.4410 , 18.7572
5 , 0.3137 , 5.1764 , 6.2778 , 0.3995 , 4.5505 , 8.6778 , 0.1923 , 0.0611 , 0.2445 , 0.1153 , -0.5185 , 0.3582 , 0.7048 , -27.6468 , 2.6357 , 27.7721
9 , -0.8212 , 4.0727 , 8.4183 , 0.0987 , 4.0698 , 8.9217 , -0.2537 , -0.0947 , -0.1581 , -0.9200 , 0.0029 , -0.5035 , 0.6971 , -24.5195 , 0.6340 , 24.5277
1 , -1.1062 , 3.1461 , 8.7822 , -0.9600 , 4.3291 , 8.7469 , 0.2662 , 0.2773 , 0.1760 , -0.1461 , -1.1830 , 0.0353 , 0.7108 , -26.1961 , -6.2634 , 26.9345
10 , 0.4046 , 3.1820 , 8.9115 , -0.6668 , 2.7448 , 9.3911 , 0.0725 , 0.4624 , -0.1331 , 1.0714 , 0.4372 , -0.4796 , 0.6311 , -16.2535 , -4.0614 , 16.7533
9 , -0.3567 , 3.1748 , 8.7439 , -0.6106 , 3.1353 , 9.2719 , 0.0090 , -0.1698 , 0.0612 , 0.2539 , 0.0395 , -0.5280 , 0.7052 , -18.6455 , -3.7680 , 19.0224
6 , -0.1006 , 3.4094 , 9.4167 , -0.5563 , 3.3597 , 9.1964 , 0.1330 , 0.4532 , 0.4161 , 0.4558 , 0.0497 , 0.2203 , 0.7114 , -20.0350 , -3.4619 , 20.3319
6 , -0.2969 , 3.6369 , 10.4007 , -0.5547 , 3.6331 , 9.0919 , -0.2299 , 0.4759 , 0.0435 , 0.2579 , 0.0038 , 1.3088 , 0.7243 , -21.7449 , -3.4916 , 22.0234
7 , -1.6664 , 2.9090 , 10.0153 , -1.0910 , 3.9065 , 8.9285 , 0.6046 , -0.1411 , 0.1986 , -0.5754 , -0.9975 , 1.0867 , 0.7177 , -23.4755 , -6.9665 , 24.4874
3 , -0.4789 , 4.1541 , 8.2602 , -0.6368 , 4.1382 , 8.8679 , 0.2375 , 0.5553 , 0.5731 , -0.2155 , -0.0297 , 0.6134 , 0.7372 , -24.9599 , -4.1074 , 25.2956
2 , -0.8691 , 4.6138 , 8.1190 , -1.4447 , 3.7512 , 8.9449 , 0.4158 , 0.5149 , 0.6641 , 0.4726 , 0.0342 , -0.3471 , 0.7739 , -22.4894 , -9.1746 , 24.2888
8 , 0.2203 , 4.4797 , 9.6896 , -0.6396 , 3.8112 , 9.0131 , 0.0255 , 0.5302 , 0.0093 , 0.8599 , 0.6685 , 0.6765 , 0.7008 , -22.8693 , -4.0589 , 23.2267
5 , -1.3312 , 4.7814 , 7.3552 , -0.4137 , 4.4829 , 8.7122 , 0.8306 , -1.5302 , 0.6470 , -0.9175 , 0.2984 , -1.3570 , 0.7169 , -27.2022 , -2.7188 , 27.3378
7 , -0.7757 , 4.2594 , 8.5835 , -0.6830 , 4.5178 , 8.6772 , -0.0405 , -0.0489 , 0.2664 , -0.0928 , -0.2584 , -0.0937 , 0.7240 , -27.4316 , -4.5005 , 27.7983
8 , -0.1053 , 4.2474 , 9.6896 , -0.6390 , 4.2129 , 8.8325 , -0.6648 , 0.2853 , -0.0433 , 0.5336 , 0.0346 , 0.8571 , 0.7218 , -25.4418 , -4.1378 , 25.7761
6 , -0.4693 , 4.4797 , 8.9259 , -0.2479 , 4.4518 , 8.7345 , 0.1141 , 0.0183 , 0.0074 , -0.3937 , -0.1109 , -0.0193 , 0.7078 , -26.9977 , -1.6260 , 27.0466
9 , 0.2682 , 4.5731 , 10.0153 , -0.3730 , 4.1001 , 8.9006 , -0.0582 , 0.1234 , -0.1044 , -0.3525 , -0.2788 , 1.1003 , 0.6982 , -24.7140 , -2.3996 , 24.8303
7 , -0.1149 , 4.6353 , 9.6513 , -0.4575 , 4.2629 , 8.8198 , -0.0686 , 0.4972 , -0.1544 , 0.3426 , 0.3725 , 0.8315 , 0.7244 , -25.7656 , -2.9694 , 25.9361
4 , -0.4573 , 4.7502 , 9.5220 , 0.2037 , 4.6259 , 8.6446 , -0.5115 , -0.1478 , -0.3340 , -0.6275 , -0.3042 , -0.3724 , 0.7389 , -28.1454 , 1.3500 , 28.1778
3 , -0.0503 , 5.8540 , 6.1629 , -0.4620 , 4.3497 , 8.7771 , -0.0643 , 0.3396 , -0.1612 , 0.4117 , 1.5043 , -2.6142 , 0.7964 , -26.3302 , -3.0132 , 26.5020
10 , -0.0144 , 3.1916 , 9.2970 , -0.8505 , 2.7237 , 9.3824 , 0.0298 , -0.0800 , -0.5943 , 0.8361 , 0.4679 , -0.0854 , 0.7411 , -16.1254 , -5.1794 , 16.9368
9 , -1.8508 , 2.3512 , 8.9067 , -1.1718 , 3.1660 , 9.2073 , 0.2179 , -0.4178 , 0.0032 , -0.6790 , -0.8148 , -0.3006 , 0.7207 , -18.8350 , -7.2529 , 20.1832
9 , -0.6656 , 2.3177 , 12.2419 , -1.1718 , 3.1660 , 9.2073 , 0.2179 , -0.4178 , 0.0032 , -0.6790 , -0.8148 , -0.3006 , 0.7207 , -18.8350 , -7.2529 , 20.1832
1 , 0.6919 , 4.6545 , 9.5891 , 0.6295 , 4.4080 , 8.7375 , -0.1431 , -0.4844 , 0.0111 , -1.3214 , -0.6203 , 0.9929 , 0.6601 , -26.7111 , 4.1205 , 27.0270
6 , 0.4908 , 4.3145 , 8.6146 , 0.4040 , 4.2384 , 8.8342 , -0.0515 , 0.2113 , -0.0854 , 0.0868 , 0.0761 , -0.2196 , 0.6653 , -25.6068 , 2.6185 , 25.7403
4 , -0.7087 , 5.3177 , 7.9825 , -0.4564 , 4.8553 , 8.5081 , 0.0854 , 0.4270 , 0.1540 , 0.1188 , -0.9023 , 0.3626 , 0.6968 , -29.6762 , -3.0704 , 29.8346
7 , -0.0311 , 4.0056 , 8.7391 , -0.3672 , 4.0071 , 8.9431 , 0.2436 , -0.3769 , 0.7796 , -0.7509 , 0.6114 , -1.3101 , 0.6864 , -24.1178 , -2.3514 , 24.2322
3 , 0.1125 , 4.3145 , 8.3967 , 0.5539 , 4.6836 , 8.5981 , 0.2222 , -0.0562 , 0.3715 , -0.4414 , -0.3691 , -0.2014 , 0.7077 , -28.5286 , 3.6859 , 28.7657
8 , -0.7973 , 4.5850 , 8.2291 , -0.3557 , 4.0749 , 8.9129 , 0.4977 , -0.9090 , 0.5432 , -0.3722 , -0.1866 , 0.0346 , 0.6942 , -24.5524 , -2.2854 , 24.6585
2 , 2.3608 , 6.2610 , 7.8460 , 1.2222 , 5.5862 , 7.9668 , 0.0499 , 0.0886 , 0.2151 , 1.1386 , 0.6748 , -0.1208 , 0.7071 , -34.7250 , 8.7217 , 35.8036
6 , 0.5794 , 4.8029 , 8.4685 , 0.4309 , 4.9757 , 8.4396 , -0.0093 , 0.0635 , 0.0172 , 0.1485 , -0.1728 , 0.0289 , 0.7027 , -30.4895 , 2.9227 , 30.6292
1 , 1.1038 , 4.5587 , 9.2515 , 0.7049 , 4.3474 , 8.7620 , 0.1941 , -0.3867 , 0.2066 , 0.5569 , -0.1814 , 0.9252 , 0.6685 , -26.3155 , 4.5997 , 26.7145
9 , 0.6656 , 4.3145 , 8.5907 , 0.6508 , 4.4738 , 8.7024 , 0.0450 , 0.0067 , 0.0087 , 0.0148 , -0.1593 , -0.1118 , 0.6651 , -27.1419 , 4.2767 , 27.4768
5 , 0.9409 , 5.1956 , 10.6114 , 0.5531 , 4.5679 , 8.6602 , 0.1318 , 0.1674 , 0.1290 , 0.4022 , -0.3324 , 0.2681 , 0.6997 , -27.7618 , 3.6545 , 28.0013
1 , -1.3384 , 4.6186 , 8.7942 , -1.0885 , 4.8149 , 8.4736 , -0.0191 , -0.9713 , 0.1950 , -0.2499 , -0.1964 , 0.3206 , 0.7367 , -29.4055 , -7.3197 , 30.3028
5 , 0.0287 , 3.9865 , 9.4167 , -0.2890 , 4.1094 , 8.8994 , 0.0444 , 0.3207 , -0.1996 , 0.3177 , -0.1229 , 0.5172 , 0.7084 , -24.7738 , -1.8600 , 24.8436
5 , -0.0982 , 4.2259 , 8.4039 , -0.4027 , 4.2386 , 8.8342 , 0.2155 , -0.1454 , -0.0347 , 0.0388 , -0.0199 , 0.4197 , 0.7068 , -25.6084 , -2.6101 , 25.7411
8 , -1.6808 , 3.9482 , 7.4366 , -1.0345 , 4.5136 , 8.6445 , 0.3883 , -0.7269 , 0.2335 , -0.6462 , -0.5655 , -1.2079 , 0.6353 , -27.4040 , -6.8245 , 28.2410
2 , -4.5156 , 5.4446 , 10.5707 , -3.4550 , 4.9150 , 7.7509 , 0.2381 , 0.3500 , -0.2760 , 2.3991 , 0.6804 , 1.1510 , 0.7046 , -30.0787 , -24.0248 , 38.4957
8 , -1.7550 , 5.0926 , 6.9865 , -0.9984 , 5.2209 , 8.2411 , 0.2894 , -0.0519 , -0.0952 , 0.2729 , -0.0349 , 0.3400 , 0.6763 , -32.1667 , -6.9077 , 32.9001
10 , -1.9729 , 2.7319 , 8.8277 , -0.5108 , 5.1058 , 8.3570 , 1.4714 , -1.8888 , 0.2475 , -1.4621 , -2.3740 , 0.4707 , 0.6409 , -31.3759 , -3.4979 , 31.5703
2 , 2.4853 , 6.4621 , 9.0240 , 0.3678 , 5.5709 , 8.0623 , 0.3340 , -0.1631 , 0.1357 , 0.5013 , 0.7117 , -1.5403 , 0.7002 , -34.6157 , 2.6122 , 34.7141
8 , 0.5076 , 5.3464 , 7.9993 , -0.2760 , 4.5597 , 8.6778 , 0.1306 , 0.0055 , 0.0575 , 0.7836 , 0.7867 , -0.6785 , 0.6699 , -27.7075 , -1.8218 , 27.7673
6 , -0.1891 , 4.5372 , 9.1246 , -0.1478 , 4.8284 , 8.5343 , -0.1559 , 0.0110 , -0.0598 , -0.2161 , 0.3935 , 0.1066 , 0.6935 , -29.4959 , -0.9925 , 29.5126
4 , -1.4797 , 5.9139 , 5.1764 , -0.8013 , 5.9485 , 7.7552 , 0.3230 , 0.6029 , -0.1343 , 0.7343 , -0.9756 , 1.7333 , 0.7008 , -37.3423 , -5.8993 , 37.8054
7 , -1.8244 , 4.5563 , 8.0304 , -0.6494 , 4.9216 , 8.4573 , 0.0304 , 0.0788 , 0.0539 , 0.2520 , -0.9926 , 1.4957 , 0.6841 , -30.1233 , -4.3910 , 30.4417
2 , 0.6393 , 6.1317 , 6.7686 , -0.0259 , 5.9996 , 7.7572 , 0.4268 , -0.1002 , 0.1314 , -1.2526 , -1.7977 , 2.0019 , 0.7203 , -37.7193 , -0.1914 , 37.7198
3 , -0.9505 , 5.6936 , 6.0048 , -0.7513 , 5.4323 , 8.1300 , 0.1312 , -0.0049 , 0.0856 , -0.1992 , 0.2613 , -2.1251 , 0.7256 , -33.6376 , -5.2798 , 34.0494
6 , -1.8747 , 4.4653 , 6.5316 , -0.6622 , 4.7159 , 8.5728 , 0.0585 , -0.0556 , -0.0280 , 0.1234 , 0.2427 , 0.3315 , 0.7205 , -28.7433 , -4.4167 , 29.0806
3 , -1.3959 , 4.7742 , 7.0440 , -0.6100 , 4.9629 , 8.4361 , 0.6968 , -0.1149 , 0.3275 , -1.2647 , -0.4976 , -1.9045 , 0.7234 , -30.4030 , -4.1358 , 30.6830
2 , -0.0287 , 5.4589 , 8.4135 , -0.5950 , 5.4261 , 8.1470 , -0.1376 , 0.8088 , 0.3733 , 0.5662 , 0.0329 , 0.2665 , 0.7527 , -33.5942 , -4.1769 , 33.8529
2 , 0.6058 , 4.9777 , 8.5500 , -0.4857 , 5.4800 , 8.1181 , -0.0802 , -0.1937 , 0.0575 , 1.0915 , -0.5023 , 0.4319 , 0.7737 , -33.9734 , -3.4239 , 34.1455
6 , -1.0535 , 5.2195 , 8.3129 , -0.5788 , 4.5188 , 8.6842 , -0.3948 , 0.2113 , 0.0123 , -0.4747 , 0.7007 , -0.3713 , 0.7018 , -27.4380 , -3.8131 , 27.7017
8 , -1.4078 , 3.3735 , 8.2626 , -0.6504 , 4.0898 , 8.8894 , 1.0169 , -0.5217 , 0.5755 , -0.7574 , -0.7163 , -0.6267 , 0.7051 , -24.6481 , -4.1846 , 25.0008
6 , -0.8619 , 4.6904 , 7.1134 , -0.3133 , 4.3614 , 8.7778 , 0.0976 , 0.1490 , 0.0930 , 0.5863 , 0.1087 , 0.3132 , 0.7085 , -26.4067 , -2.0442 , 26.4857
10 , -0.8619 , 3.9194 , 7.4055 , -0.4967 , 3.7473 , 9.0488 , 0.2778 , -0.4423 , -0.0750 , -0.3653 , 0.1721 , -1.6433 , 0.6924 , -22.4652 , -3.1418 , 22.6839
5 , -0.5698 , 4.9178 , 8.1645 , 0.0739 , 4.9350 , 8.4741 , -0.2977 , -0.0855 , 0.0032 , -0.6438 , -0.0171 , -0.3096 , 0.7313 , -30.2138 , 0.4998 , 30.2180
6 , -0.2682 , 4.4964 , 8.3800 , -0.1318 , 4.7084 , 8.6014 , 0.2051 , 0.0232 , 0.2689 , -0.2920 , 0.2909 , -2.1440 , 0.7266 , -28.6934 , -0.8780 , 28.7068
4 , 0.4070 , 6.5866 , 9.8788 , -0.1920 , 5.4316 , 8.1628 , 0.1483 , -0.1271 , 0.1883 , 0.2854 , -0.0421 , -0.1970 , 0.7384 , -33.6329 , -1.3476 , 33.6599
10 , -0.5794 , 3.5747 , 9.1964 , -0.4062 , 4.3396 , 8.7848 , -0.3478 , -0.3018 , 0.1473 , -0.1732 , -0.7649 , 0.4116 , 0.7050 , -26.2645 , -2.6473 , 26.3976
3 , -2.3296 , 4.0679 , 8.6170 , -0.2582 , 4.5984 , 8.6579 , 0.2185 , -0.3073 , 0.1565 , -2.0714 , -0.5305 , -0.0409 , 0.7349 , -27.9632 , -1.7084 , 28.0154
7 , -0.6129 , 3.4190 , 9.3209 , -0.4992 , 4.2722 , 8.8130 , -0.5341 , 0.3628 , -0.1245 , -0.1138 , -0.8532 , 0.5079 , 0.7253 , -25.8263 , -3.2417 , 26.0289
7 , -1.3480 , 5.0495 , 9.9674 , -0.5335 , 4.9820 , 8.4300 , -0.6446 , 0.6377 , -0.2589 , 0.3515 , 0.6733 , 0.5892 , 0.6740 , -30.5321 , -3.6212 , 30.7461
9 , -0.9673 , 4.4797 , 8.8852 , -0.6856 , 4.7833 , 8.5335 , -0.1254 , -0.1564 , -0.0298 , -0.6624 , 0.2662 , 1.4339 , 0.6670 , -29.1935 , -4.5935 , 29.5527
7 , 0.2035 , 5.0711 , 8.6912 , 0.2995 , 5.6235 , 8.0285 , 0.1012 , -0.4673 , -0.4513 , -0.0960 , -0.5524 , 0.6627 , 0.6389 , -34.9899 , 2.1367 , 35.0551
9 , 0.3855 , 4.4007 , 9.0935 , 0.1781 , 4.9938 , 8.4381 , 0.0805 , -0.4044 , 0.0325 , 0.2074 , -0.5931 , 0.6554 , 0.6246 , -30.6120 , 1.2090 , 30.6358
9 , 0.5076 , 4.5204 , 10.1278 , 0.2109 , 4.5346 , 8.6927 , -0.6153 , 0.0788 , 0.0893 , 0.1411 , 0.3521 , -0.0087 , 0.6351 , -27.5420 , 1.3897 , 27.5770
5 , 0.1317 , 4.3169 , 8.5859 , 0.2089 , 4.9609 , 8.4567 , 0.1697 , -0.6213 , 0.1430 , -0.0772 , -0.6440 , 0.1292 , 0.6968 , -30.3892 , 1.4152 , 30.4222
6 , 0.1580 , 4.3336 , 10.4630 , 0.3769 , 4.5558 , 8.6760 , -0.2696 , -0.4276 , 0.0526 , -0.2189 , -0.2222 , 1.7870 , 0.6837 , -27.6821 , 2.4875 , 27.7936
3 , -0.4645 , 4.5850 , 6.7495 , 0.0726 , 5.0109 , 8.4295 , 0.3780 , 0.3641 , 0.4454 , -0.2713 , -1.0939 , 0.8340 , 0.7262 , -30.7287 , 0.4935 , 30.7326
3 , -0.4525 , 4.7095 , 9.9027 , 0.2570 , 5.3210 , 8.2336 , -0.4895 , -0.0293 , -0.1392 , -0.7214 , -0.7360 , -1.4841 , 0.7383 , -32.8601 , 1.7875 , 32.9087
4 , -0.3974 , 4.9298 , 8.8732 , -0.2375 , 5.7320 , 7.9535 , -0.1761 , -0.3280 , -0.0854 , 0.0148 , -0.3808 , -0.1817 , 0.6807 , -35.7675 , -1.7105 , 35.8084
7 , 1.0343 , 4.5874 , 12.7351 , -0.3027 , 5.1937 , 8.3129 , -0.5677 , 0.3231 , -0.2577 , -0.6023 , -0.2089 , -3.4836 , 0.6713 , -31.9794 , -2.0856 , 32.0473
9 , -1.5132 , 4.7718 , 5.9306 , -0.3617 , 4.1431 , 8.8811 , 0.0597 , 0.3054 , -0.0598 , 0.0888 , 0.4515 , -0.7166 , 0.6671 , -24.9911 , -2.3324 , 25.0997
4 , 0.5603 , 6.8572 , 4.9322 , -0.4230 , 6.3143 , 7.4914 , -0.0747 , 0.3292 , -0.1587 , 0.9833 , 0.5429 , -2.5592 , 0.6879 , -40.0819 , -3.2318 , 40.2120
4 , -0.1556 , 5.9402 , 6.7231 , 0.1321 , 5.8908 , 7.8391 , -0.2830 , -0.2389 , -0.0323 , -0.2877 , 0.0494 , -1.1160 , 0.6798 , -36.9197 , 0.9652 , 36.9323
7 , 0.2706 , 5.0423 , 7.0272 , -0.0274 , 5.3077 , 8.2461 , -0.2262 , 0.3091 , -0.2430 , 0.9588 , 0.7977 , 2.5521 , 0.6704 , -32.7676 , -0.1906 , 32.7681
6 , -0.3113 , 4.8436 , 6.8788 , 0.0799 , 5.0296 , 8.4182 , -0.0258 , 0.0983 , -0.0524 , 0.4636 , 0.4173 , 0.5555 , 0.6705 , -30.8559 , 0.5440 , 30.8607
6 , 0.1389 , 4.7885 , 8.7535 , 0.2414 , 4.8886 , 8.4978 , 0.2216 , 0.3011 , 0.0740 , -0.1025 , -0.1001 , 0.2556 , 0.6690 , -29.9010 , 1.6270 , 29.9452
5 , 1.4485 , 5.8420 , 9.3903 , 0.4068 , 4.8178 , 8.5319 , 0.0200 , -0.1124 , 0.0520 , 0.2779 , 0.1647 , -1.1528 , 0.6724 , -29.4248 , 2.7300 , 29.5512
8 , -1.2905 , 4.0008 , 7.2092 , 0.0109 , 4.2971 , 8.8150 , -0.1944 , 0.3262 , -0.0097 , -1.3014 , -0.2963 , -1.6059 , 0.6636 , -25.9882 , 0.0710 , 25.9883
10 , -0.7614 , 3.4741 , 6.1317 , -0.3172 , 4.2554 , 8.8296 , 0.7176 , -0.4203 , 0.2102 , -0.4442 , -0.7813 , -2.6978 , 0.6188 , -25.7172 , -2.0576 , 25.7994
7 , -0.3472 , 4.1684 , 7.7886 , 0.2435 , 4.4780 , 8.7212 , 0.4299 , 0.5595 , -0.1581 , -0.5907 , -0.3095 , -0.9326 , 0.6914 , -27.1695 , 1.5994 , 27.2165
5 , -0.3544 , 4.5755 , 5.6840 , 0.2581 , 4.3116 , 8.8042 , 0.4445 , -0.0397 , 0.1247 , -0.6124 , 0.2638 , -3.1202 , 0.6953 , -26.0825 , 1.6791 , 26.1365
2 , 2.3272 , 5.1357 , 8.7439 , 1.0087 , 5.1152 , 8.3059 , -0.1333 , 0.0201 , 0.4723 , -0.7884 , -0.9492 , 0.1699 , 0.7195 , -31.4401 , 6.9240 , 32.1935
7 , 1.0224 , 4.2474 , 9.6130 , 0.7068 , 4.4281 , 8.7214 , 0.1141 , 0.0452 , 0.1657 , -0.2902 , -0.2908 , 1.1430 , 0.7059 , -26.8428 , 4.6335 , 27.2398
9 , 0.6752 , 3.6465 , 9.1749 , 0.9941 , 3.7775 , 8.9951 , 0.0047 , -0.0525 , 0.0759 , -0.3189 , -0.1310 , 0.1797 , 0.6773 , -22.6561 , 6.3064 , 23.5174
6 , 0.5962 , 4.1612 , 8.8516 , 1.0338 , 3.8624 , 8.9545 , -0.1877 , -0.1521 , 0.0117 , -0.4377 , 0.2989 , -0.1029 , 0.6811 , -23.1944 , 6.5858 , 24.1113
5 , 0.4717 , 4.1660 , 8.7750 , 0.6388 , 4.0815 , 8.8940 , -0.0270 , 0.0201 , 0.0673 , -0.2605 , 0.4677 , -0.1501 , 0.7020 , -24.5945 , 4.1079 , 24.9352
7 , 0.4334 , 3.4837 , 8.1693 , 0.0933 , 4.2790 , 8.8234 , 0.3505 , 0.2346 , 0.0258 , 0.3400 , -0.7953 , -0.6541 , 0.7011 , -25.8704 , 0.6061 , 25.8775
9 , -0.2729 , 3.1988 , 8.9259 , 0.1673 , 3.4311 , 9.1853 , 0.6779 , 1.0995 , -0.0689 , -0.4402 , -0.2324 , -0.2594 , 0.6771 , -20.4798 , 1.0435 , 20.5063
7 , -1.3121 , 2.8252 , 9.2850 , -0.8834 , 3.5447 , 9.1008 , 0.1428 , 0.2590 , 0.0258 , -0.4286 , -0.7195 , 0.1842 , 0.6819 , -21.1899 , -5.5445 , 21.9033
8 , -1.0128 , 4.7191 , 9.1533 , -0.6801 , 4.6776 , 8.5923 , 0.0255 , 0.2541 , 0.1088 , -0.3327 , 0.0416 , 0.5610 , 0.6507 , -28.4882 , -4.5256 , 28.8454
6 , -0.3520 , 4.7119 , 9.7351 , -0.7100 , 4.6807 , 8.5882 , 0.0102 , 0.0721 , -0.0995 , -0.0083 , -0.1124 , 0.2060 , 0.6586 , -28.5090 , -4.7260 , 28.8980
3 , -0.5698 , 4.4055 , 10.8916 , -0.5880 , 4.1730 , 8.8550 , -0.2622 , -0.5040 , 0.0649 , -0.0705 , 0.6155 , 0.2217 , 0.7475 , -25.1843 , -3.7988 , 25.4692
5 , -0.1125 , 4.2690 , 9.2275 , -0.0826 , 4.0951 , 8.9103 , 0.0695 , 0.1429 , 0.0245 , 0.0730 , 0.0159 , 0.1209 , 0.7328 , -24.6819 , -0.5312 , 24.6876
4 , -0.4693 , 4.1612 , 8.8373 , 0.1280 , 4.2651 , 8.8297 , 0.1000 , 0.1802 , -0.1331 , -0.2046 , -0.0583 , -1.0602 , 0.7279 , -25.7800 , 0.8306 , 25.7934
4 , 0.2777 , 4.4534 , 7.3408 , 0.0630 , 4.2688 , 8.8286 , 0.1709 , 0.1313 , -0.0048 , 0.2148 , 0.1846 , -1.4878 , 0.7283 , -25.8038 , 0.4087 , 25.8071
10 , 0.0862 , 2.1237 , 10.3289 , 0.0057 , 3.5732 , 9.1325 , 0.7127 , -0.6659 , 0.4082 , 0.5522 , 0.4755 , -0.0414 , 0.6429 , -21.3686 , 0.0356 , 21.3686
9 , 0.1077 , 3.6680 , 8.6864 , 0.3508 , 3.7505 , 9.0543 , -0.3710 , 0.3763 , 0.0135 , -0.2430 , -0.0825 , -0.3679 , 0.6648 , -22.4853 , 2.2187 , 22.5945
2 , -0.7877 , 4.9945 , 7.5683 , -1.6391 , 4.0869 , 8.7625 , 0.1806 , -0.0177 , 0.2243 , -0.5230 , -0.0932 , -0.0042 , 0.7610 , -24.6292 , -10.5949 , 26.8114
8 , -0.6776 , 3.0527 , 9.6130 , -0.6281 , 3.6053 , 9.0982 , -0.3172 , 0.5583 , -0.5711 , -0.4948 , -1.5463 , 1.4917 , 0.7365 , -21.5703 , -3.9491 , 21.9288
10 , 0.0407 , 4.0152 , 9.6777 , -0.4274 , 3.7119 , 9.0670 , 0.3248 , -0.3751 , 0.3520 , -0.3172 , -0.4676 , -0.3398 , 0.6639 , -22.2410 , -2.6987 , 22.4042
2 , -1.0343 , 4.2474 , 9.4909 , -1.2145 , 3.8355 , 8.9434 , -0.3569 , -0.4197 , -0.2986 , 0.5441 , 0.0121 , 0.1094 , 0.7576 , -23.0240 , -7.7332 , 24.2880
8 , -0.7518 , 3.3783 , 9.6417 , -0.7088 , 3.5595 , 9.1103 , 0.4458 , -0.6573 , 0.0459 , 0.6466 , -0.1788 , 0.4261 , 0.7118 , -21.2827 , -4.4488 , 21.7427
1 , -2.3344 , 4.3983 , 9.6585 , -1.4457 , 4.1246 , 8.7788 , -0.0723 , 0.0653 , -0.1508 , 1.0076 , 0.8938 , 2.6538 , 0.7160 , -24.8719 , -9.3516 , 26.5719
5 , -1.5706 , 4.8221 , 7.9083 , -2.1594 , 4.5701 , 8.4037 , 0.0206 , -0.0379 , 0.6837 , -1.1614 , -0.1718 , -0.2631 , 0.6712 , -27.7760 , -14.4110 , 31.2919
6 , -2.0136 , 4.5180 , 7.7622 , -1.8288 , 4.8169 , 8.3441 , 0.0524 , -0.6060 , 0.2298 , -0.1848 , -0.2989 , -0.5818 , 0.6878 , -29.4187 , -12.3620 , 31.9105
3 , -1.1804 , 5.0543 , 8.5500 , -1.3507 , 4.7754 , 8.4582 , 0.1880 , 0.1930 , 0.2335 , 0.1703 , 0.2789 , 0.0917 , 0.7109 , -29.1405 , -9.0731 , 30.5203
4 , -2.3392 , 5.1357 , 9.1725 , -1.6703 , 4.8668 , 8.3483 , 0.4482 , 0.7776 , -0.2870 , 1.3830 , -0.3201 , 0.5680 , 0.7236 , -29.7541 , -11.3140 , 31.8326
4 , -2.1213 , 4.1684 , 7.9538 , -1.1134 , 4.8345 , 8.4592 , 0.0120 , -0.0361 , 0.1253 , -1.0080 , -0.6661 , -0.5054 , 0.7176 , -29.5369 , -7.4980 , 30.4737
7 , 0.4693 , 5.2626 , 10.5683 , -1.5531 , 4.4771 , 8.5857 , -0.0124 , 0.2230 , 0.3288 , 0.7845 , 1.1638 , -0.8019 , 0.7045 , -27.1642 , -10.2535 , 29.0349
3 , -0.2466 , 4.8269 , 9.7232 , 0.9086 , 5.3329 , 8.1795 , 0.0591 , -0.0464 , 0.2671 , -1.1552 , -0.5060 , 1.5436 , 0.6584 , -32.9430 , 6.3386 , 33.5473
1 , -0.6704 , 5.8851 , 9.4047 , -1.0878 , 5.2828 , 8.1902 , -0.0545 , 0.6542 , 0.1455 , 0.6353 , -0.7792 , -1.0792 , 0.6934 , -32.5952 , -7.5657 , 33.4617
8 , 0.7398 , 5.9737 , 7.3265 , 0.0819 , 5.2956 , 8.2535 , -0.1004 , -1.0299 , -0.0775 , 0.6580 , 0.6781 , -0.9270 , 0.6482 , -32.6838 , 0.5684 , 32.6887
9 , 0.2562 , 5.7391 , 9.6777 , 0.1935 , 4.7501 , 8.5772 , 0.1098 , 0.1423 , 0.0471 , -0.0092 , 0.4526 , -0.7528 , 0.6453 , -28.9717 , 1.2926 , 29.0006
2 , -1.4318 , 5.7151 , 5.6553 , -1.5651 , 4.4190 , 8.6136 , -0.2683 , -0.4514 , -0.1660 , 0.1333 , 1.2961 , -2.9583 , 0.7189 , -26.7830 , -10.2983 , 28.6946
3 , -1.5180 , 4.3193 , 8.7391 , -1.3415 , 4.2842 , 8.7187 , -0.0106 , -0.2969 , -0.2284 , -0.0903 , 1.4309 , -3.0634 , 0.7143 , -25.9043 , -8.7472 , 27.3413
4 , 0.1245 , 6.1677 , 9.0911 , -0.0838 , 5.3817 , 8.1976 , 0.2485 , 0.2394 , 0.0826 , 0.3496 , -0.1239 , 0.8887 , 0.6951 , -33.2833 , -0.5859 , 33.2884
5 , 0.7590 , 5.3943 , 9.8141 , 0.1116 , 5.0899 , 8.3816 , 0.2497 , 0.2883 , -0.1202 , 0.6474 , 0.3044 , 1.4325 , 0.7090 , -31.2666 , 0.7627 , 31.2759
10 , 1.0535 , 4.0320 , 9.5101 , 0.9112 , 3.9043 , 8.9497 , -0.0393 , 0.4972 , 0.0520 , 0.1423 , 0.1276 , 0.5604 , 0.6438 , -23.4613 , 5.8135 , 24.1708
3 , -0.6081 , 3.8213 , 9.5292 , 0.4585 , 3.8577 , 9.0043 , 0.0731 , 0.1185 , -0.1123 , -0.1736 , 0.6651 , -1.3355 , 0.7199 , -23.1647 , 2.9151 , 23.3474
1 , -2.2291 , 5.3728 , 5.6553 , -1.0650 , 4.6335 , 8.5771 , -0.1248 , 0.1936 , 0.4491 , -1.1641 , 0.7392 , -2.9218 , 0.7306 , -28.1958 , -7.0781 , 29.0707
8 , 0.6225 , 4.4438 , 10.0799 , -0.4396 , 4.1385 , 8.8798 , 0.1403 , -0.1698 , 0.1889 , -0.8844 , -0.6093 , 0.2065 , 0.6952 , -24.9613 , -2.8344 , 25.1217
5 , 0.4022 , 5.5308 , 10.0200 , -0.4835 , 4.3661 , 8.7678 , 0.3425 , -0.2896 , 0.2359 , 1.1060 , 0.0777 , 1.3121 , 0.7028 , -26.4370 , -3.1566 , 26.6248
8 , -0.8141 , 3.4286 , 8.0711 , -0.2650 , 3.9984 , 8.9506 , -0.0753 , 0.0134 , -0.0292 , -0.2378 , 0.1461 , 0.1932 , 0.6886 , -24.0621 , -1.6961 , 24.1218
7 , -0.7183 , 5.1237 , 5.1788 , -0.1846 , 4.1550 , 8.8810 , -0.1376 , 0.0391 , 0.1131 , -0.0716 , -0.3840 , -0.1180 , 0.6944 , -25.0676 , -1.1906 , 25.0959
6 , -0.3855 , 4.0918 , 9.5508 , -0.3060 , 4.2300 , 8.8421 , -0.1358 , 0.1203 , 0.0288 , 0.1575 , 0.0126 , -0.0408 , 0.6722 , -25.5529 , -1.9818 , 25.6296
4 , 0.0335 , 5.1668 , 6.4071 , -0.4469 , 4.2037 , 8.8487 , -0.3416 , -0.4307 , -0.1899 , 0.4805 , 0.9632 , -2.4416 , 0.6750 , -25.3821 , -2.8915 , 25.5463
3 , 0.1293 , 4.3576 , 9.4430 , -0.4550 , 3.8286 , 9.0169 , 0.0255 , 0.1417 , 0.3886 , -0.1699 , -0.1342 , -0.2898 , 0.6931 , -22.9799 , -2.8889 , 23.1608
10 , -0.5315 , 2.4302 , 9.4574 , -0.4237 , 2.8661 , 9.3689 , 0.2216 , -0.1674 , -0.1477 , -0.0289 , -0.3976 , 0.2657 , 0.6619 , -16.9935 , -2.5892 , 17.1896
7 , -0.2275 , 3.8117 , 11.0041 , -0.4171 , 3.8787 , 8.9973 , -0.2696 , 0.0067 , -0.1288 , -0.0283 , -0.5028 , 0.8479 , 0.6874 , -23.2985 , -2.6541 , 23.4491
5 , -0.1915 , 3.6489 , 8.1956 , -0.0096 , 3.7244 , 9.0719 , -0.3441 , -0.1509 , 0.0612 , -0.1820 , -0.0755 , -0.8763 , 0.7029 , -22.3199 , -0.0604 , 22.3200
6 , -0.1125 , 4.8843 , 8.4302 , 0.1250 , 4.4357 , 8.7452 , 0.0395 , -0.0800 , 0.1571 , -0.2376 , 0.4486 , -0.3150 , 0.6702 , -26.8926 , 0.8190 , 26.9051
7 , 1.1301 , 5.3009 , 10.2283 , -0.1656 , 4.4428 , 8.7409 , 0.0420 , 0.0293 , 0.4827 , 0.3787 , -0.1547 , 0.3094 , 0.7121 , -26.9392 , -1.0855 , 26.9610
9 , -0.4334 , 4.6329 , 9.0791 , -0.5561 , 4.0109 , 8.9316 , -0.2616 , -0.0367 , -0.1489 , 0.4244 , 0.5215 , 0.0660 , 0.7029 , -24.1417 , -3.5627 , 24.4031
2 , 0.5004 , 4.4126 , 8.3656 , 0.2612 , 3.7628 , 9.0523 , 0.2558 , -0.1570 , 0.3037 , -0.0241 , 0.4463 , 0.6110 , 0.7848 , -22.5632 , 1.6526 , 22.6236
2 , -0.2777 , 4.0774 , 8.4853 , 0.0758 , 3.9303 , 8.9843 , 0.1348 , -0.1100 , 0.1376 , -0.3536 , 0.1472 , -0.4990 , 0.7887 , -23.6266 , 0.4837 , 23.6316
1 , 0.5890 , 5.0160 , 9.6848 , -0.3620 , 4.1339 , 8.8854 , 0.2863 , 0.4759 , 0.0850 , -0.0235 , -0.1498 , 0.1147 , 0.7914 , -24.9320 , -2.3331 , 25.0409