5 , -0.5016 , 5.3953 , 10.5572 , -0.9286 , 4.7934 , 8.5048 , 0.2627 , 0.1611 , -0.1492 , 0.4270 , 0.6020 , 2.0524 , 0.8831 , -29.2610 , -6.2313 , 29.9171
7 , -0.4262 , 4.9728 , 9.3302 , -0.8416 , 4.7643 , 8.5302 , 0.0361 , 0.0798 , 0.2314 , 0.4154 , 0.2085 , 0.8000 , 0.8827 , -29.0662 , -5.6347 , 29.6074
6 , 0.4549 , 5.8215 , 9.8055 , 0.0829 , 5.6564 , 8.0106 , 0.1668 , 0.1073 , -0.0252 , 0.3720 , 0.1651 , 1.7949 , 0.8029 , -35.2250 , 0.5928 , 35.2299
6 , 0.4537 , 5.4504 , 9.4403 , 0.0269 , 5.3041 , 8.2484 , 0.0129 , 0.0682 , 0.0121 , 0.4268 , 0.1463 , 1.1919 , 0.8285 , -32.7429 , 0.1870 , 32.7434
8 , -0.1820 , 4.9584 , 9.1925 , -0.1135 , 4.9831 , 8.4455 , -0.0482 , 0.0041 , 0.0903 , -0.0685 , -0.0247 , 0.7471 , 0.8392 , -30.5399 , -0.7699 , 30.5496
1 , -4.5825 , 7.6926 , -0.7817 , -3.2688 , 7.6858 , 5.1394 , -0.6554 , 0.2380 , 0.4855 , -1.3137 , 0.0068 , -5.9211 , 0.7975 , -51.6037 , -32.4573 , 60.9624
7 , -1.1456 , 5.1846 , 7.5824 , -1.4262 , 5.0197 , 8.3029 , -0.1319 , -0.1383 , 0.0439 , 0.2805 , 0.1649 , -0.7205 , 0.8302 , -30.7884 , -9.7463 , 32.2942
8 , -0.7326 , 5.1332 , 8.8609 , -1.0211 , 4.9568 , 8.3999 , -0.1667 , 0.0291 , 0.1098 , 0.2885 , 0.1764 , 0.4611 , 0.7984 , -30.3613 , -6.9311 , 31.1424
1 , -3.0610 , 6.0130 , 5.3738 , -2.5640 , 5.7648 , 7.5075 , -0.5387 , -0.2757 , 0.0298 , -0.4970 , 0.2482 , -2.1337 , 0.8172 , -36.0045 , -18.8563 , 40.6434
4 , -1.5467 , 5.6348 , 6.4536 , -1.2157 , 5.4098 , 8.0887 , 0.1748 , -0.2574 , -0.6287 , -0.3309 , 0.2249 , -1.6351 , 0.7998 , -33.4801 , -8.5477 , 34.5540
8 , -1.6328 , 4.7681 , 8.0122 , -0.5087 , 5.4549 , 8.1336 , 0.2383 , 0.3981 , -0.0563 , -1.1241 , -0.6868 , -0.1214 , 0.7760 , -33.7965 , -3.5789 , 33.9855
8 , -0.4298 , 5.5749 , 8.2073 , -0.4623 , 5.5123 , 8.0976 , -0.1392 , 0.0016 , -0.0227 , 0.0326 , 0.0626 , 0.1097 , 0.7755 , -34.2009 , -3.2678 , 34.3567
1 , -0.8691 , 6.9480 , 7.0126 , -1.3423 , 6.7306 , 7.0048 , -0.2828 , -0.0399 , -0.1137 , 0.4732 , 0.2173 , 0.0078 , 0.7664 , -43.3406 , -10.8481 , 44.6776
10 , -0.5279 , 4.2198 , 8.7161 , -0.8651 , 4.0429 , 8.8925 , 0.2169 , -0.0967 , 0.0426 , 0.3372 , 0.1769 , -0.1764 , 0.7618 , -24.3471 , -5.5564 , 24.9731
8 , -0.1185 , 4.7345 , 8.5688 , -0.5022 , 4.6400 , 8.6249 , -0.2473 , -0.1401 , -0.1272 , 0.3837 , 0.0945 , -0.0560 , 0.7393 , -28.2389 , -3.3325 , 28.4349
4 , -1.3635 , 5.0637 , 6.8714 , -1.4489 , 4.9595 , 8.3352 , -0.4501 , 0.0029 , -0.0502 , 0.0854 , 0.1043 , -1.4638 , 0.7759 , -30.3794 , -9.8613 , 31.9399
5 , -1.1899 , 4.2078 , 7.6399 , -0.7709 , 4.2327 , 8.8125 , -0.1630 , 0.2448 , 0.0115 , -0.4191 , -0.0249 , -1.1726 , 0.7750 , -25.5704 , -4.9991 , 26.0545
5 , -0.6536 , 4.0989 , 9.1590 , -0.4820 , 4.0351 , 8.9250 , -0.4123 , 0.1110 , -0.1657 , -0.1716 , 0.0637 , 0.2340 , 0.7711 , -24.2972 , -3.0911 , 24.4931
10 , 0.2454 , 3.7721 , 9.0429 , -0.2303 , 3.2670 , 9.2436 , -0.3878 , -0.1040 , -0.0178 , 0.4757 , 0.5051 , -0.2007 , 0.7453 , -19.4593 , -1.4271 , 19.5116
3 , -1.5802 , 4.7956 , 6.8007 , -1.1754 , 4.9906 , 8.3596 , -0.0891 , 0.0878 , -0.0130 , -0.4048 , -0.1950 , -1.5588 , 0.7378 , -30.5908 , -8.0036 , 31.6205
7 , -1.3827 , 5.2756 , 7.2880 , -1.4119 , 4.9476 , 8.3485 , -0.5870 , 0.4524 , -0.0307 , 0.0292 , 0.3280 , -1.0606 , 0.7806 , -30.2995 , -9.5987 , 31.7836
1 , -2.8228 , 5.2936 , 7.9104 , -2.3371 , 4.9380 , 8.1440 , -0.3212 , -0.0778 , 0.0188 , -0.4857 , 0.3556 , -0.2336 , 0.8052 , -30.2342 , -16.0119 , 34.2124
10 , -1.9980 , 2.7258 , 9.2021 , -1.1592 , 2.9230 , 9.2889 , -0.3848 , -0.2861 , 0.0781 , -0.8387 , -0.1972 , -0.0867 , 0.7944 , -17.3411 , -7.1137 , 18.7435
9 , -1.3240 , 2.8695 , 8.4180 , -0.8815 , 3.4470 , 9.1384 , -0.5234 , 0.2753 , -0.1009 , -0.4425 , -0.5776 , -0.7204 , 0.7760 , -20.5790 , -5.5100 , 21.3039
10 , -1.1217 , 3.1831 , 9.7564 , -1.1063 , 3.1636 , 9.2162 , 0.0214 , 0.0933 , -0.1119 , -0.0154 , 0.0195 , 0.5402 , 0.7720 , -18.8203 , -6.8448 , 20.0263
1 , -2.4732 , 4.7681 , 7.3298 , -1.9701 , 5.0364 , 8.1807 , -0.2620 , 0.0432 , -0.0905 , -0.5031 , -0.2684 , -0.8508 , 0.7791 , -30.9022 , -13.5401 , 33.7384
2 , -1.5574 , 4.5047 , 7.4412 , -1.1624 , 4.2987 , 8.7373 , -0.4245 , 0.0920 , 0.1233 , -0.3950 , 0.2060 , -1.2961 , 0.8046 , -25.9981 , -7.5781 , 27.0800
10 , -0.9936 , 3.2214 , 8.6634 , -0.8952 , 3.2021 , 9.2258 , -0.0928 , -0.0252 , 0.0255 , -0.0984 , 0.0193 , -0.5624 , 0.7949 , -19.0577 , -5.5420 , 19.8471
5 , -0.9385 , 3.6655 , 10.0449 , -0.8603 , 4.3832 , 8.7303 , -0.4147 , 0.3077 , 0.1147 , -0.0782 , -0.7177 , 1.3146 , 0.7756 , -26.5489 , -5.6281 , 27.1389
7 , -1.0403 , 3.9828 , 8.2756 , -1.5680 , 3.6737 , 8.9563 , -0.1569 , -0.0503 , -0.1834 , 0.5277 , 0.3090 , -0.6807 , 0.8037 , -22.0007 , -9.9304 , 24.1380
2 , -0.5866 , 4.7609 , 8.2432 , -0.9417 , 4.1367 , 8.8414 , -0.4544 , 0.0798 , -0.1907 , 0.3552 , 0.6241 , -0.5982 , 0.7910 , -24.9501 , -6.0799 , 25.6802
2 , 0.1496 , 7.1216 , 6.9216 , -0.9879 , 6.2227 , 7.5148 , 0.0245 , 0.1531 , -0.3300 , 1.1375 , 0.8988 , -0.5931 , 0.8194 , -39.3861 , -7.4891 , 40.0918
3 , -0.8404 , 6.0394 , 8.0038 , -1.0476 , 5.5145 , 8.0414 , 0.1998 , -0.0711 , 0.0213 , 0.2073 , 0.5249 , -0.0375 , 0.8238 , -34.2164 , -7.4227 , 35.0123
3 , 0.2993 , 5.7221 , 8.9076 , -0.3686 , 5.3682 , 8.1986 , -0.1985 , 0.1501 , -0.1315 , 0.6678 , 0.3540 , 0.7090 , 0.8090 , -33.1889 , -2.5740 , 33.2885
7 , -0.4537 , 5.5150 , 7.8410 , -1.0208 , 5.3001 , 8.1877 , -0.3035 , -0.0588 , -0.1443 , 0.5671 , 0.2150 , -0.3466 , 0.8092 , -32.7147 , -7.1066 , 33.4776
4 , -0.0850 , 5.9723 , 8.5617 , -0.9716 , 5.4370 , 8.1034 , -0.2382 , 0.0572 , -0.1577 , 0.8866 , 0.5354 , 0.4582 , 0.8176 , -33.6706 , -6.8371 , 34.3577
9 , -0.1257 , 3.6093 , 9.4751 , -0.1848 , 3.2645 , 9.2455 , -0.2278 , 0.1073 , -0.0496 , 0.0591 , 0.3448 , 0.2295 , 0.8348 , -19.4440 , -1.1452 , 19.4777
4 , -1.1265 , 5.8299 , 5.9532 , -1.2852 , 4.7884 , 8.4611 , 0.1375 , -0.0332 , -0.0227 , 0.1588 , 1.0415 , -2.5079 , 0.8192 , -29.2278 , -8.6372 , 30.4773
8 , -0.7506 , 4.2748 , 8.1810 , -0.7663 , 4.1309 , 8.8611 , 0.0105 , -0.0558 , -0.0869 , 0.0157 , 0.1440 , -0.6801 , 0.8318 , -24.9122 , -4.9428 , 25.3978
3 , -0.6225 , 4.4281 , 9.7025 , -0.5565 , 4.5060 , 8.6923 , -0.1178 , 0.1696 , 0.0726 , -0.0660 , -0.0779 , 1.0102 , 0.8134 , -27.3536 , -3.6632 , 27.5978
7 , -1.0283 , 4.7704 , 8.7747 , -0.9363 , 4.4210 , 8.7034 , 0.0111 , 0.0352 , -0.1370 , -0.0921 , 0.3494 , 0.0714 , 0.8168 , -26.7962 , -6.1400 , 27.4906
5 , -0.7482 , 4.4592 , 8.7640 , -0.6898 , 4.2287 , 8.8211 , -0.0842 , -0.0185 , 0.0280 , -0.0584 , 0.2305 , -0.0572 , 0.8149 , -25.5444 , -4.4715 , 25.9328
4 , -1.1468 , 4.4568 , 7.5537 , -1.4380 , 4.3926 , 8.6491 , -0.2424 , 0.0597 , -0.1388 , 0.2912 , 0.0642 , -1.0954 , 0.8373 , -26.6103 , -9.4396 , 28.2350
6 , -1.2641 , 3.6224 , 9.2069 , -0.7577 , 3.4093 , 9.1637 , 0.1167 , -0.1120 , -0.0075 , -0.5065 , 0.2131 , 0.0432 , 0.8211 , -20.3439 , -4.7266 , 20.8858
6 , -0.3136 , 3.7230 , 9.2308 , -0.4470 , 3.7519 , 9.0495 , -0.0531 , 0.0786 , -0.0331 , 0.1334 , -0.0289 , 0.1813 , 0.8110 , -22.4940 , -2.8280 , 22.6711
7 , -0.7913 , 4.2856 , 8.2277 , -1.2070 , 4.1379 , 8.8086 , -0.7275 , 0.2350 , -0.3306 , 0.4157 , 0.1477 , -0.5809 , 0.8075 , -24.9576 , -7.8024 , 26.1488
2 , -0.4992 , 4.6040 , 8.6431 , -0.9525 , 4.3918 , 8.7164 , -0.6652 , -0.0766 , -0.2536 , 0.4533 , 0.2123 , -0.0733 , 0.8251 , -26.6048 , -6.2366 , 27.3260
9 , -0.7721 , 3.7170 , 9.3075 , -0.5703 , 3.5560 , 9.1214 , 0.0508 , -0.0100 , 0.0072 , -0.2018 , 0.1610 , 0.1860 , 0.8287 , -21.2605 , -3.5777 , 21.5594
6 , 0.1077 , 4.1779 , 8.9244 , -0.2923 , 3.9881 , 8.9543 , -0.1056 , 0.1128 , 0.0432 , 0.4001 , 0.1898 , -0.0300 , 0.8181 , -23.9958 , -1.8698 , 24.0685
9 , -0.2454 , 3.0921 , 9.7157 , -0.1289 , 3.1836 , 9.2746 , -0.1612 , 0.0572 , -0.0453 , -0.1165 , -0.0914 , 0.4410 , 0.8290 , -18.9433 , -0.7963 , 18.9600
8 , -0.2741 , 3.8738 , 8.5150 , -0.4789 , 3.5087 , 9.1449 , -0.4953 , 0.0884 , -0.0294 , 0.2047 , 0.3651 , -0.6300 , 0.8086 , -20.9646 , -2.9975 , 21.1778
3 , -0.5016 , 3.0478 , 11.1271 , -0.2507 , 3.3799 , 9.2024 , 0.0874 , 0.1421 , 0.1776 , -0.2509 , -0.3321 , 1.9247 , 0.8121 , -20.1608 , -1.5604 , 20.2211
2 , -0.8990 , 4.4305 , 9.1171 , -1.1994 , 4.1247 , 8.8158 , -0.2015 , 0.2527 , 0.0414 , 0.3004 , 0.3057 , 0.3013 , 0.8277 , -24.8728 , -7.7475 , 26.0515
8 , -0.0180 , 3.6703 , 8.8741 , -0.2609 , 3.2967 , 9.2322 , 0.0343 , 0.0835 , -0.0148 , 0.2429 , 0.3736 , -0.3581 , 0.8263 , -19.6436 , -1.6186 , 19.7102
8 , -0.1999 , 4.1432 , 9.1806 , -0.3645 , 3.7636 , 9.0483 , -0.5711 , 0.0798 , -0.0490 , 0.1646 , 0.3795 , 0.1322 , 0.8191 , -22.5683 , -2.3069 , 22.6859
2 , -0.6009 , 4.9596 , 8.2648 , -1.0292 , 4.7409 , 8.5226 , -0.4923 , -0.0668 , -0.2268 , 0.4282 , 0.2187 , -0.2578 , 0.8262 , -28.9101 , -6.8855 , 29.7188
3 , -0.7985 , 3.8595 , 9.0058 , -0.4882 , 3.7369 , 9.0536 , -0.2095 , 0.0609 , 0.0280 , -0.3103 , 0.1226 , -0.0478 , 0.8348 , -22.3989 , -3.0865 , 22.6106
4 , -1.7777 , 4.2150 , 8.0290 , -1.1990 , 4.1037 , 8.8257 , -0.2394 , -0.0246 , -0.0924 , -0.5787 , 0.1113 , -0.7967 , 0.8419 , -24.7375 , -7.7364 , 25.9190
8 , -0.6428 , 4.1755 , 7.1431 , -0.8267 , 3.9025 , 8.9587 , -0.5888 , 0.1391 , -0.1370 , 0.1839 , 0.2730 , -1.8156 , 0.8415 , -23.4496 , -5.2723 , 24.0350
2 , -0.5614 , 4.4209 , 9.1219 , -0.7069 , 4.2403 , 8.8142 , -0.0134 , 0.2692 , -0.0197 , 0.1455 , 0.1806 , 0.3077 , 0.8159 , -25.6192 , -4.5853 , 26.0263
7 , -0.4681 , 4.0378 , 7.5836 , -1.1602 , 3.9246 , 8.9119 , -0.2046 , 0.2643 , -0.2408 , 0.6921 , 0.1133 , -1.3283 , 0.8347 , -23.5904 , -7.4174 , 24.7290
7 , 0.0060 , 4.5981 , 8.1391 , -0.9951 , 3.7614 , 9.0018 , -0.3683 , -0.0863 , -0.0630 , 1.0010 , 0.8366 , -0.8627 , 0.8097 , -22.5544 , -6.3079 , 23.4199
1 , -0.3184 , 5.9879 , 6.9480 , -1.6988 , 5.1915 , 8.1445 , -0.4526 , 0.2551 , -0.1266 , 1.3803 , 0.7964 , -1.1965 , 0.8251 , -31.9641 , -11.7818 , 34.0663
1 , -1.9465 , 4.3934 , 7.3753 , -1.9809 , 4.8843 , 8.2698 , -0.2522 , 0.1989 , -0.1638 , 0.0344 , -0.4909 , -0.8945 , 0.8502 , -29.8718 , -13.4704 , 32.7685
10 , -0.8571 , 3.2896 , 8.4815 , -0.6897 , 3.0563 , 9.2927 , 0.2908 , 0.0621 , 0.1972 , -0.1674 , 0.2333 , -0.8112 , 0.7791 , -18.1593 , -4.2447 , 18.6488
8 , -0.1724 , 4.6148 , 9.1758 , -0.5530 , 4.0358 , 8.9206 , -0.3078 , 0.2215 , -0.0343 , 0.3806 , 0.5790 , 0.2552 , 0.8010 , -24.3013 , -3.5473 , 24.5588
1 , -2.6480 , 5.1427 , 7.0042 , -2.1764 , 5.3713 , 7.9109 , -0.1838 , 0.0847 , -0.0850 , -0.4716 , -0.2286 , -0.9067 , 0.8050 , -33.2109 , -15.3820 , 36.6002
4 , -2.2553 , 4.7920 , 8.3234 , -1.8432 , 5.0739 , 8.1871 , 0.2059 , -0.0643 , -0.0838 , -0.4122 , -0.2819 , 0.1364 , 0.8190 , -31.1577 , -12.6875 , 33.6419
8 , -0.8499 , 4.3958 , 8.0062 , -0.6386 , 4.4411 , 8.7201 , -0.7537 , 0.5074 , -0.0783 , -0.2114 , -0.0453 , -0.7139 , 0.7873 , -26.9275 , -4.1882 , 27.2512
3 , -0.6728 , 4.0115 , 10.3465 , -0.6720 , 4.2505 , 8.8120 , -0.0629 , 0.4372 , 0.0463 , -0.0007 , -0.2390 , 1.5345 , 0.7864 , -25.6854 , -4.3610 , 26.0530
3 , -0.3627 , 4.8183 , 8.7460 , -0.3793 , 4.6450 , 8.6285 , -0.0690 , 0.0255 , 0.0445 , 0.0166 , 0.1733 , 0.1176 , 0.7885 , -28.2722 , -2.5170 , 28.3840
9 , -0.5854 , 3.8858 , 9.0525 , -0.0413 , 3.8728 , 9.0094 , 0.1839 , 0.1580 , 0.1184 , -0.5441 , 0.0130 , 0.0430 , 0.7956 , -23.2607 , -0.2628 , 23.2622
6 , -0.2478 , 3.8164 , 9.4511 , -0.1646 , 3.9934 , 8.9552 , -0.1233 , 0.1568 , -0.0911 , -0.0832 , -0.1771 , 0.4959 , 0.8093 , -24.0302 , -1.0528 , 24.0532
5 , -0.7649 , 3.8128 , 9.2524 , -0.3503 , 3.9767 , 8.9573 , -0.5192 , 0.6375 , 0.0127 , -0.4146 , -0.1640 , 0.2951 , 0.8159 , -23.9234 , -2.2398 , 24.0281
9 , -0.0299 , 3.7397 , 8.0002 , 0.4577 , 3.7028 , 9.0692 , -0.3206 , -0.0161 , 0.0359 , -0.4877 , 0.0369 , -1.0690 , 0.7986 , -22.1840 , 2.8893 , 22.3714
5 , -0.7422 , 4.4317 , 7.8673 , -0.3268 , 4.0450 , 8.9276 , -0.1942 , -0.1786 , 0.0597 , -0.4154 , 0.3866 , -1.0602 , 0.8159 , -24.3607 , -2.0963 , 24.4507
2 , 0.2646 , 4.4149 , 9.4415 , -0.2808 , 4.2405 , 8.8380 , -0.0861 , 0.0737 , -0.1131 , 0.5454 , 0.1744 , 0.6036 , 0.8190 , -25.6205 , -1.8200 , 25.6850
5 , -0.4202 , 3.7242 , 9.1997 , -0.2881 , 3.7611 , 9.0522 , -0.2113 , 0.0584 , -0.1547 , -0.1320 , -0.0369 , 0.1476 , 0.8232 , -22.5520 , -1.8232 , 22.6256
4 , -1.0056 , 3.7613 , 8.4204 , -1.1515 , 3.8455 , 8.9474 , -0.2192 , 0.1763 , -0.0624 , 0.1460 , -0.0842 , -0.5270 , 0.8267 , -23.0874 , -7.3337 , 24.2242
1 , -1.3970 , 5.0470 , 8.8957 , -2.1776 , 4.5915 , 8.3873 , -0.1801 , 0.3083 , -0.1431 , 0.7806 , 0.4555 , 0.5084 , 0.8357 , -27.9174 , -14.5547 , 31.4836
1 , -2.0470 , 7.9440 , 4.8734 , -2.1094 , 6.9791 , 6.5585 , -0.2125 , -0.0301 , -0.2720 , 0.0623 , 0.9649 , -1.6851 , 0.8070 , -45.3708 , -17.8292 , 48.7482
8 , 0.2717 , 5.9221 , 7.5226 , 0.3631 , 6.0579 , 7.7032 , -0.4019 , 0.2661 , 0.0622 , -0.0914 , -0.1359 , -0.1807 , 0.8223 , -38.1510 , 2.6990 , 38.2464
3 , 0.6045 , 6.4105 , 7.7560 , 0.1470 , 6.0383 , 7.7258 , -0.0122 , -0.0301 , -0.0386 , 0.4576 , 0.3722 , 0.0302 , 0.8362 , -38.0051 , 1.0898 , 38.0207
5 , -0.6512 , 6.5158 , 6.0908 , -0.7718 , 6.7505 , 7.0715 , 0.0172 , 0.1098 , 0.1208 , 0.1206 , -0.2347 , -0.9806 , 0.8168 , -43.5002 , -6.2288 , 43.9439
5 , -0.0323 , 7.4867 , 6.5027 , -0.4541 , 7.0967 , 6.7529 , -0.2852 , 0.1892 , -0.0392 , 0.4218 , 0.3900 , -0.2503 , 0.8073 , -46.3572 , -3.8475 , 46.5166
6 , -0.4322 , 5.9484 , 7.8434 , -0.3842 , 6.1115 , 7.6598 , 0.0111 , 0.0878 , -0.0398 , -0.0479 , -0.1631 , 0.1836 , 0.8300 , -38.5500 , -2.8717 , 38.6568
5 , -1.0104 , 6.7624 , 7.1383 , -0.5733 , 6.3723 , 7.4320 , -0.0244 , 0.0609 , 0.0854 , -0.4370 , 0.3901 , -0.2937 , 0.8142 , -40.5264 , -4.4114 , 40.7658
10 , -0.2143 , 5.8969 , 8.1774 , -0.4155 , 5.8422 , 7.8655 , -0.4227 , 0.3999 , 0.0206 , 0.2012 , 0.0547 , 0.3119 , 0.8294 , -36.5655 , -3.0237 , 36.6904
6 , -0.4920 , 6.0944 , 7.6339 , -0.3747 , 6.1201 , 7.6534 , -0.2150 , 0.0835 , 0.0695 , -0.1173 , -0.0256 , -0.0195 , 0.8254 , -38.6142 , -2.8032 , 38.7158
7 , -0.8487 , 6.6439 , 6.3746 , -0.8921 , 6.6665 , 7.1367 , -0.3872 , 0.2057 , -0.0362 , 0.0434 , -0.0226 , -0.7621 , 0.8173 , -42.8274 , -7.1255 , 43.4161
6 , -0.3891 , 5.2840 , 8.1523 , -0.5214 , 5.4636 , 8.1270 , -0.0103 , -0.0277 , 0.0726 , 0.1323 , -0.1796 , 0.0253 , 0.8497 , -33.8574 , -3.6706 , 34.0558
3 , -0.3974 , 6.0729 , 8.2085 , -0.6440 , 6.0395 , 7.6994 , -0.2828 , -0.1260 , 0.0329 , 0.2466 , 0.0334 , 0.5092 , 0.8307 , -38.0142 , -4.7813 , 38.3137
6 , 0.9732 , 4.3323 , 8.6179 , 0.5549 , 4.1892 , 8.8495 , -0.1252 , 0.1098 , 0.0634 , 0.4183 , 0.1431 , -0.2316 , 0.8760 , -25.2885 , 3.5880 , 25.5418
10 , 0.3220 , 5.2696 , 8.4587 , -0.0278 , 4.9381 , 8.4726 , -0.5137 , 0.8507 , 0.0402 , 0.3498 , 0.3316 , -0.0139 , 0.8478 , -30.2348 , -0.1880 , 30.2353
9 , -0.5590 , 5.3187 , 9.0944 , -0.7203 , 5.0295 , 8.3878 , -0.6059 , -0.0369 , 0.0048 , 0.1612 , 0.2892 , 0.7065 , 0.8262 , -30.8548 , -4.9080 , 31.2427
8 , -1.2426 , 5.7150 , 8.2373 , -1.0295 , 5.4784 , 8.0683 , -0.0103 , 0.0132 , 0.0836 , -0.2131 , 0.2365 , 0.1690 , 0.8225 , -33.9621 , -7.2717 , 34.7319
9 , -1.9273 , 4.9955 , 7.8350 , -0.9692 , 5.6425 , 7.9620 , -0.0073 , 0.2460 , 0.0939 , -0.9581 , -0.6470 , -0.1270 , 0.8398 , -35.1256 , -6.9405 , 35.8048
9 , -1.4760 , 7.0437 , 6.3506 , -1.6085 , 5.6377 , 7.8613 , -1.1380 , 0.7738 , -0.2628 , 0.1325 , 1.4061 , -1.5107 , 0.8635 , -35.0913 , -11.5638 , 36.9475
2 , -2.0243 , 7.2915 , 6.5122 , -1.6184 , 7.3647 , 6.2700 , 0.2230 , -0.1627 , 0.1343 , -0.4059 , -0.0731 , 0.2422 , 0.8148 , -48.6760 , -14.4733 , 50.7822
1 , -3.9121 , 7.1826 , 6.1926 , -2.1486 , 7.5265 , 5.9082 , -0.2828 , 0.8849 , 0.2027 , -1.7636 , -0.3439 , 0.2844 , 0.8073 , -50.1286 , -19.9843 , 53.9652
3 , 0.1712 , 5.4803 , 6.2010 , -0.6027 , 5.2442 , 8.2647 , 0.1070 , -0.2274 , 0.0432 , 0.7739 , 0.2361 , -2.0637 , 0.8610 , -32.3275 , -4.1708 , 32.5955
1 , -1.5107 , 6.4105 , 7.0318 , -0.7372 , 6.5024 , 7.3038 , 0.5450 , 0.0737 , -0.0881 , -0.7735 , -0.0920 , -0.2720 , 0.8374 , -41.5340 , -5.7637 , 41.9320
6 , 0.3615 , 4.7393 , 10.4818 , 0.5674 , 4.1870 , 8.8497 , -0.6389 , -0.0906 , -0.1828 , -0.2058 , 0.5523 , 1.6321 , 0.8280 , -25.2743 , 3.6683 , 25.5391
2 , 0.5016 , 4.2653 , 10.7476 , 0.4538 , 4.4664 , 8.7187 , 0.4820 , 0.2429 , 0.2522 , 0.0478 , -0.2011 , 2.0288 , 0.8236 , -27.0933 , 2.9795 , 27.2567
8 , 0.0299 , 3.7314 , 9.0752 , 0.3915 , 4.1519 , 8.8757 , -0.5265 , 0.1409 , 0.1184 , -0.3616 , -0.4205 , 0.1995 , 0.8211 , -25.0479 , 2.5257 , 25.1750
5 , 0.5363 , 3.8451 , 9.4080 , -0.2267 , 4.3918 , 8.7653 , -0.5228 , 0.4048 , 0.4525 , 0.7630 , -0.5467 , 0.6427 , 0.8315 , -26.6051 , -1.4817 , 26.6463
9 , 0.2921 , 2.0315 , 9.3937 , 0.3953 , 2.8338 , 9.3800 , -0.6536 , -0.0246 , -0.0948 , -0.1032 , -0.8023 , 0.0137 , 0.8368 , -16.7963 , 2.4132 , 16.9687
3 , -0.3855 , 2.8850 , 10.1215 , -0.0063 , 3.1472 , 9.2879 , -0.0757 , 0.2142 , 0.0457 , -0.3791 , -0.2622 , 0.8336 , 0.8273 , -18.7190 , -0.0391 , 18.7191
9 , 1.1444 , 3.9157 , 10.0425 , 0.0715 , 2.9967 , 9.3373 , -0.2809 , -0.2671 , -0.1638 , 1.0729 , 0.9190 , 0.7052 , 0.8340 , -17.7931 , 0.4389 , 17.7985
1 , -3.2884 , 6.8594 , 6.5841 , -3.2084 , 6.1630 , 6.9206 , -0.3078 , 0.2417 , 0.0927 , -0.0801 , 0.6964 , -0.3365 , 0.8149 , -38.9360 , -24.8723 , 46.2022
9 , -1.6807 , 3.5817 , 11.1678 , -1.5092 , 3.9271 , 8.8583 , 0.2432 , -0.3698 , 0.0310 , -0.1715 , -0.3454 , 2.3094 , 0.8474 , -23.6067 , -9.6688 , 25.5101
10 , -0.6393 , 3.2070 , 10.3322 , -0.3874 , 3.3014 , 9.2261 , 0.1155 , -0.0338 , 0.1556 , -0.2519 , -0.0944 , 1.1061 , 0.8497 , -19.6730 , -2.4044 , 19.8194
8 , -1.0451 , 2.5115 , 9.0297 , -0.5275 , 2.9768 , 9.3290 , -0.6542 , 0.2771 , 0.2051 , -0.5176 , -0.4653 , -0.2993 , 0.8540 , -17.6707 , -3.2363 , 17.9646
1 , -1.3803 , 4.3802 , 9.2727 , -1.9384 , 4.1503 , 8.6711 , -0.1105 , 0.2973 , -0.0979 , 0.5582 , 0.2299 , 0.6016 , 0.8668 , -25.0375 , -12.6013 , 28.0298
4 , -1.7945 , 3.4955 , 7.9559 , -1.8199 , 3.5887 , 8.9431 , -0.5534 , -0.0100 , -0.0771 , 0.0254 , -0.0932 , -0.9872 , 0.8707 , -21.4661 , -11.5023 , 24.3535
7 , -1.4317 , 2.9664 , 10.0389 , -0.7972 , 2.9123 , 9.3302 , -0.6584 , 0.1708 , -0.1528 , -0.6346 , 0.0541 , 0.7086 , 0.8272 , -17.2759 , -4.8834 , 17.9528
8 , -0.6069 , 2.6935 , 8.7424 , -1.0710 , 2.5660 , 9.4042 , -0.2901 , 0.0804 , 0.0084 , 0.4641 , 0.1274 , -0.6618 , 0.8320 , -15.1687 , -6.4974 , 16.5017
2 , -0.4513 , 3.8511 , 9.2811 , -1.4902 , 2.8178 , 9.2741 , -0.2357 , -0.2458 , -0.2029 , 1.0389 , 1.0333 , 0.0070 , 0.8541 , -16.6986 , -9.1286 , 19.0309
1 , -1.1839 , 4.1001 , 9.1291 , -2.1927 , 3.3928 , 8.9360 , -0.1643 , 0.1855 , 0.2082 , 1.0087 , 0.7073 , 0.1931 , 0.8693 , -20.2408 , -13.7865 , 24.4899
3 , -0.8643 , 2.7246 , 9.1937 , -1.0193 , 2.8730 , 9.3208 , 0.2890 , -0.3392 , -0.1571 , 0.1550 , -0.1484 , -0.1271 , 0.8469 , -17.0357 , -6.2410 , 18.1429
6 , -1.6352 , 2.0147 , 9.6235 , -1.1095 , 3.1422 , 9.2231 , -0.4202 , 0.0578 , 0.0683 , -0.5258 , -1.1274 , 0.4004 , 0.8284 , -18.6877 , -6.8592 , 19.9068
7 , -1.1803 , 3.4967 , 10.2592 , -1.0918 , 3.3589 , 9.1486 , -0.1392 , 0.5258 , 0.1257 , -0.0886 , 0.1378 , 1.1106 , 0.8353 , -20.0302 , -6.8053 , 21.1547
6 , -0.8847 , 3.2190 , 8.9459 , -0.8203 , 3.1997 , 9.2336 , -0.1936 , -0.2641 , -0.0203 , -0.0644 , 0.0193 , -0.2877 , 0.8427 , -19.0429 , -5.0765 , 19.7079
7 , -0.9230 , 3.2226 , 9.7037 , -1.0933 , 3.0127 , 9.2681 , -0.4508 , 0.0780 , -0.0600 , 0.1703 , 0.2099 , 0.4356 , 0.8450 , -17.8914 , -6.7278 , 19.1146
8 , -0.9625 , 3.1603 , 9.3122 , -0.9483 , 3.1474 , 9.2393 , -0.1667 , 0.1146 , 0.0836 , -0.0142 , 0.0130 , 0.0729 , 0.8418 , -18.7200 , -5.8599 , 19.6157
10 , -1.3408 , 3.4237 , 8.0349 , -0.8588 , 3.5219 , 9.1120 , -0.9071 , -0.0424 , 0.0677 , -0.4820 , -0.0982 , -1.0771 , 0.7913 , -21.0468 , -5.3840 , 21.7245
7 , -1.1588 , 3.2334 , 8.0852 , -1.4467 , 3.4608 , 9.0609 , -0.6230 , 0.1403 , -0.1235 , 0.2879 , -0.2274 , -0.9757 , 0.8235 , -20.6650 , -9.0712 , 22.5683
6 , -1.5036 , 3.4010 , 9.5014 , -0.9547 , 2.9463 , 9.3048 , -0.1533 , -0.0998 , -0.0246 , -0.5489 , 0.4547 , 0.1966 , 0.8213 , -17.4838 , -5.8581 , 18.4391
3 , -1.2941 , 2.3296 , 9.7324 , -0.8533 , 2.9387 , 9.3170 , -0.1783 , -0.2592 , -0.0062 , -0.4408 , -0.6091 , 0.4154 , 0.8269 , -17.4373 , -5.2328 , 18.2055
10 , -1.0702 , 2.1871 , 10.2711 , -0.5378 , 2.5631 , 9.4505 , 0.2316 , 0.1183 , 0.4818 , -0.5324 , -0.3760 , 0.8206 , 0.7646 , -15.1511 , -3.2570 , 15.4973
1 , -2.4744 , 3.6392 , 7.6890 , -2.2313 , 3.6959 , 8.8052 , -0.1636 , -0.0973 , -0.0716 , -0.2431 , -0.0567 , -1.1163 , 0.8369 , -22.1402 , -14.2198 , 26.3133
10 , -1.0894 , 3.5195 , 8.5281 , -0.4660 , 3.4126 , 9.1819 , -0.2840 , -0.0057 , 0.0579 , -0.6233 , 0.1069 , -0.6538 , 0.8132 , -20.3643 , -2.9055 , 20.5705
3 , -0.5423 , 4.2246 , 9.8940 , -0.3696 , 4.1863 , 8.8605 , 0.0037 , 0.1495 , 0.0610 , -0.1727 , 0.0382 , 1.0335 , 0.8308 , -25.2701 , -2.3886 , 25.3828
9 , 0.5231 , 5.3498 , 9.3170 , -0.1423 , 5.1823 , 8.3243 , -0.1563 , -0.0375 , -0.0606 , 0.6654 , 0.1675 , 0.9928 , 0.8121 , -31.9007 , -0.9792 , 31.9158
4 , -2.2470 , 5.1487 , 8.7149 , -2.4689 , 5.6835 , 7.6009 , 0.0214 , -0.0081 , -0.1070 , 0.2220 , -0.5347 , 1.1140 , 0.8358 , -35.4190 , -17.9949 , 39.7281
7 , -0.5315 , 4.4640 , 10.2580 , -1.1797 , 4.2326 , 8.7672 , -0.3396 , 0.0212 , 0.0426 , 0.6482 , 0.2314 , 1.4908 , 0.8426 , -25.5695 , -7.6637 , 26.6933
1 , -3.5051 , 7.2125 , 4.9093 , -3.4903 , 6.2917 , 6.6635 , -0.2785 , -0.3912 , 0.0982 , -0.0148 , 0.9209 , -1.7542 , 0.8296 , -39.9092 , -27.6452 , 48.5489
9 , -1.2809 , 3.8044 , 10.0975 , -1.0607 , 3.8737 , 8.9465 , 0.1332 , 0.2185 , 0.0952 , -0.2202 , -0.0694 , 1.1511 , 0.8272 , -23.2667 , -6.7612 , 24.2292
5 , -1.4401 , 4.0522 , 9.5840 , -1.5633 , 4.5780 , 8.5304 , -0.4269 , 0.0346 , -0.2066 , 0.1232 , -0.5258 , 1.0535 , 0.8069 , -27.8284 , -10.3849 , 29.7029
10 , -0.3460 , 2.7952 , 9.5313 , -0.2646 , 2.8176 , 9.3894 , 0.3134 , 0.0047 , 0.1416 , -0.0814 , -0.0224 , 0.1419 , 0.8017 , -16.6972 , -1.6139 , 16.7750
2 , -1.8794 , 3.8475 , 9.3182 , -1.1199 , 4.1861 , 8.7973 , 0.1455 , 0.2564 , -0.3037 , -0.7596 , -0.3386 , 0.5209 , 0.8396 , -25.2687 , -7.2545 , 26.2895
7 , -1.0678 , 3.8271 , 9.4511 , -1.2459 , 3.5722 , 9.0475 , -0.8197 , 0.1385 , -0.3129 , 0.1781 , 0.2549 , 0.4036 , 0.8377 , -21.3621 , -7.8405 , 22.7555
5 , -0.5758 , 2.8599 , 8.6933 , -0.9329 , 2.9375 , 9.3097 , -0.2082 , 0.2185 , 0.0542 , 0.3571 , -0.0776 , -0.6164 , 0.8331 , -17.4300 , -5.7225 , 18.3454
9 , -0.5195 , 2.2948 , 9.2596 , -0.3877 , 2.0428 , 9.5837 , 0.0422 , -0.0631 , -0.0386 , -0.1319 , 0.2521 , -0.3241 , 0.8174 , -12.0231 , -2.3163 , 12.2442
2 , -0.8559 , 3.7146 , 8.6910 , -1.3190 , 3.1909 , 9.1787 , 0.0123 , -0.0674 , -0.0911 , 0.4631 , 0.5237 , -0.4878 , 0.8235 , -18.9885 , -8.1778 , 20.6746
9 , -0.1149 , 3.2585 , 9.9000 , -0.1802 , 2.3331 , 9.5234 , 0.0758 , 0.3260 , -0.1229 , 0.0653 , 0.9254 , 0.3767 , 0.8063 , -13.7633 , -1.0842 , 13.8059
2 , -1.7921 , 3.1232 , 8.3127 , -1.5973 , 3.0030 , 9.1979 , -0.3249 , -0.0778 , -0.1675 , -0.1948 , 0.1203 , -0.8852 , 0.8333 , -17.8315 , -9.8516 , 20.3720
5 , -0.7997 , 2.4086 , 9.2392 , -1.0630 , 2.0742 , 9.5257 , -0.4856 , 0.0474 , 0.0090 , 0.2633 , 0.3343 , -0.2864 , 0.8306 , -12.2110 , -6.3674 , 13.7714
2 , -1.2438 , 3.3387 , 8.6024 , -1.8127 , 2.6566 , 9.2643 , -0.6505 , -0.1700 , -0.2707 , 0.5689 , 0.6821 , -0.6619 , 0.8369 , -15.7175 , -11.0708 , 19.2251
3 , -0.9170 , 1.3048 , 12.0105 , -0.4679 , 1.6484 , 9.6558 , -0.1386 , -0.0814 , -0.0685 , -0.4491 , -0.3436 , 2.3547 , 0.8165 , -9.6770 , -2.7744 , 10.0668
6 , -0.6812 , 1.7502 , 9.3829 , -0.7602 , 1.6199 , 9.6420 , -0.0512 , -0.0191 , 0.0787 , 0.0791 , 0.1302 , -0.2591 , 0.8247 , -9.5082 , -4.5083 , 10.5228
4 , -1.1708 , 3.4105 , 7.4579 , -1.5022 , 2.5324 , 9.3542 , -0.4202 , -0.1328 , -0.2903 , 0.3315 , 0.8782 , -1.8962 , 0.8425 , -14.9650 , -9.1235 , 17.5268
8 , -0.7721 , 1.9860 , 9.6690 , -0.6772 , 1.7581 , 9.6240 , -0.2828 , 0.1342 , 0.1764 , -0.0949 , 0.2279 , 0.0450 , 0.8345 , -10.3275 , -4.0250 , 11.0841
8 , -0.5734 , 1.6987 , 9.5074 , -0.6109 , 1.5669 , 9.6614 , -0.2950 , 0.0383 , -0.0349 , 0.0375 , 0.1318 , -0.1540 , 0.8375 , -9.1941 , -3.6182 , 9.8804
6 , -0.6045 , 2.3631 , 8.6646 , -0.7332 , 1.7930 , 9.6134 , -0.2388 , -0.1590 , -0.0875 , 0.1287 , 0.5701 , -0.9488 , 0.8328 , -10.5349 , -4.3614 , 11.4020
6 , -0.6416 , 1.8986 , 9.5493 , -0.6479 , 1.6046 , 9.6528 , -0.2003 , -0.0417 , -0.0020 , 0.0062 , 0.2940 , -0.1035 , 0.8362 , -9.4173 , -3.8399 , 10.1701
7 , -1.1372 , 1.9381 , 8.9483 , -1.1874 , 1.9961 , 9.5276 , -0.2822 , 0.1635 , 0.0451 , 0.0502 , -0.0580 , -0.5793 , 0.8408 , -11.7445 , -7.1042 , 13.7260
10 , -0.8655 , 1.5969 , 8.6670 , -0.3964 , 2.3098 , 9.5225 , -0.4795 , 0.1800 , 0.0970 , -0.4691 , -0.7129 , -0.8555 , 0.8004 , -13.6231 , -2.3838 , 13.8301
7 , -1.1301 , 1.8136 , 9.8234 , -0.7370 , 2.0152 , 9.5690 , -0.1557 , 0.2796 , 0.0243 , -0.3931 , -0.2016 , 0.2544 , 0.8262 , -11.8587 , -4.4040 , 12.6500
1 , -1.9166 , 4.0833 , 8.5269 , -2.5035 , 3.1530 , 8.9421 , -0.2681 , -0.2641 , -0.2646 , 0.5869 , 0.9303 , -0.4152 , 0.8542 , -18.7548 , -15.6405 , 24.4207
8 , -0.9182 , 2.2625 , 9.5924 , -1.1096 , 1.7809 , 9.5795 , -0.3371 , 0.0615 , -0.1351 , 0.1914 , 0.4816 , 0.0128 , 0.8190 , -10.4631 , -6.6068 , 12.3745
7 , -1.3587 , 2.2553 , 7.7680 , -1.9801 , 2.0584 , 9.3815 , -0.3744 , -0.1706 , -0.1883 , 0.6213 , 0.1970 , -1.6135 , 0.8117 , -12.1162 , -11.9179 , 16.9952
5 , -1.1732 , 2.1117 , 9.3948 , -1.4780 , 1.7558 , 9.5343 , -0.4025 , 0.1434 , 0.0274 , 0.3048 , 0.3559 , -0.1395 , 0.8102 , -10.3141 , -8.8117 , 13.5657
6 , -1.9896 , 1.5048 , 8.5760 , -1.6050 , 1.9826 , 9.4691 , -0.1105 , 0.2240 , 0.1007 , -0.3846 , -0.4779 , -0.8931 , 0.8101 , -11.6639 , -9.6199 , 15.1192
10 , -1.5407 , 1.5790 , 9.7073 , -1.2670 , 2.0115 , 9.5141 , -0.3249 , 0.0175 , 0.0805 , -0.2737 , -0.4326 , 0.1931 , 0.7864 , -11.8365 , -7.5853 , 14.0584
9 , -1.0511 , 2.2781 , 8.7544 , -0.9729 , 1.9846 , 9.5543 , -0.0763 , -0.0320 , -0.0227 , -0.0782 , 0.2935 , -0.7999 , 0.8038 , -11.6757 , -5.8142 , 13.0433
10 , -1.3192 , 2.0865 , 9.0453 , -1.0314 , 2.2196 , 9.4963 , -0.0402 , -0.0918 , -0.0850 , -0.2878 , -0.1330 , -0.4510 , 0.7929 , -13.0814 , -6.1989 , 14.4759
2 , -1.1349 , 2.9532 , 9.0944 , -1.8144 , 2.6564 , 9.2640 , -0.2901 , -0.1334 , -0.1852 , 0.6795 , 0.2969 , -0.1696 , 0.8241 , -15.7163 , -11.0814 , 19.2302
9 , -0.6309 , 1.7394 , 10.1299 , -0.7790 , 1.6485 , 9.6357 , 0.0526 , -0.0014 , 0.0628 , 0.1481 , 0.0909 , 0.4942 , 0.8247 , -9.6772 , -4.6219 , 10.7242
5 , -1.5538 , 4.0953 , 11.7388 , -1.3012 , 4.5740 , 8.5765 , 0.1210 , 0.0957 , -0.1852 , -0.2527 , -0.4787 , 3.1623 , 0.8135 , -27.8021 , -8.6267 , 29.1097
4 , -1.3503 , 6.9073 , 5.7569 , -1.7155 , 7.0454 , 6.6022 , 0.0129 , 0.2503 , 0.2277 , 0.3652 , -0.1382 , -0.8453 , 0.7748 , -45.9254 , -14.5658 , 48.1799
9 , -0.8440 , 5.3008 , 10.0832 , -0.5523 , 5.4754 , 8.1170 , 0.1943 , 0.1440 , 0.0897 , -0.2917 , -0.1747 , 1.9662 , 0.8223 , -33.9411 , -3.8923 , 34.1635
3 , -0.8571 , 6.3590 , 6.0753 , -0.7166 , 6.4283 , 7.3711 , -0.0115 , -0.2012 , 0.0927 , -0.1405 , -0.0693 , -1.2959 , 0.8046 , -40.9580 , -5.5525 , 41.3326
4 , -1.5610 , 7.8793 , 4.6699 , -1.8743 , 7.2142 , 6.3728 , -0.1820 , -0.1108 , 0.0206 , 0.3132 , 0.6651 , -1.7030 , 0.8076 , -47.3614 , -16.3887 , 50.1168
4 , -1.2115 , 7.7105 , 4.8973 , -1.7017 , 7.3235 , 6.2961 , -0.1398 , -0.0808 , 0.1624 , 0.4902 , 0.3870 , -1.3987 , 0.7999 , -48.3134 , -15.1245 , 50.6254
4 , -1.4688 , 7.3143 , 4.0977 , -1.9121 , 7.2957 , 6.2679 , -0.3029 , -0.0814 , -0.0459 , 0.4433 , 0.0186 , -2.1703 , 0.7708 , -48.0693 , -16.9651 , 50.9752
9 , -0.4992 , 5.3044 , 9.5517 , -0.9494 , 5.7132 , 7.9138 , -0.0225 , -0.0039 , 0.0646 , 0.4502 , -0.4088 , 1.6378 , 0.8236 , -35.6323 , -6.8408 , 36.2830
3 , -0.4046 , 6.2932 , 8.6610 , -1.2368 , 6.1045 , 7.5747 , -0.1575 , -0.2421 , 0.0891 , 0.8322 , 0.1887 , 1.0863 , 0.8086 , -38.4978 , -9.2735 , 39.5989
5 , -0.2538 , 5.9628 , 8.2373 , -1.1307 , 6.0819 , 7.6094 , -0.0225 , 0.0200 , 0.0035 , 0.8769 , -0.1191 , 0.6279 , 0.8138 , -38.3293 , -8.4517 , 39.2501
2 , -1.2629 , 7.1802 , 4.5657 , -1.6142 , 7.0438 , 6.6294 , 0.0355 , -0.4693 , 0.1086 , 0.3513 , 0.1364 , -2.0637 , 0.8077 , -45.9117 , -13.6851 , 47.9079
3 , -1.1839 , 6.5613 , 7.5753 , -1.1004 , 6.5728 , 7.1943 , -0.2027 , -0.0918 , 0.0286 , -0.0835 , -0.0115 , 0.3810 , 0.8130 , -42.0854 , -8.6964 , 42.9745
10 , -1.2342 , 5.0326 , 8.7987 , -1.0825 , 5.8054 , 7.8292 , 0.3342 , 0.1330 , 0.0182 , -0.1517 , -0.7727 , 0.9695 , 0.8184 , -36.2977 , -7.8721 , 37.1416
5 , -0.6728 , 6.5996 , 8.4934 , -1.0329 , 6.3721 , 7.3824 , -0.2693 , 0.0682 , 0.0591 , 0.3601 , 0.2275 , 1.1110 , 0.8076 , -40.5247 , -7.9645 , 41.3000
5 , -0.5375 , 6.4021 , 7.5070 , -0.9617 , 7.0737 , 6.7237 , -0.3145 , 0.2264 , 0.0078 , 0.4242 , -0.6716 , 0.7833 , 0.8030 , -46.1631 , -8.1402 , 46.8753
5 , -1.3408 , 6.6152 , 8.4659 , -0.8024 , 6.5423 , 7.2612 , -0.4654 , 0.0548 , 0.0286 , -0.5384 , 0.0729 , 1.2047 , 0.8178 , -41.8460 , -6.3057 , 42.3185
8 , 0.0658 , 6.2513 , 8.0936 , -0.6147 , 6.1288 , 7.6308 , 0.0025 , -0.0179 , -0.0863 , 0.6806 , 0.1224 , 0.4628 , 0.8388 , -38.6798 , -4.6059 , 38.9531
3 , -0.7171 , 6.9971 , 8.0505 , -0.9059 , 6.7467 , 7.0592 , -0.2822 , -0.1859 , 0.1984 , 0.1889 , 0.2504 , 0.9913 , 0.8142 , -43.4694 , -7.3130 , 44.0803
3 , -0.7554 , 6.9336 , 9.8198 , -0.7744 , 6.3989 , 7.3909 , 0.1925 , 0.0224 , 0.0164 , 0.0191 , 0.5348 , 2.4289 , 0.8190 , -40.7305 , -5.9819 , 41.1674
4 , -1.2007 , 6.9755 , 5.5354 , -1.1574 , 7.1326 , 6.6300 , -0.3384 , 0.1861 , 0.2210 , -0.0433 , -0.1571 , -1.0946 , 0.8044 , -46.6627 , -9.9021 , 47.7018
5 , 0.0670 , 6.3686 , 8.6347 , -0.3846 , 5.9082 , 7.8176 , -0.0409 , 0.2912 , -0.1052 , 0.4517 , 0.4603 , 0.8171 , 0.8217 , -37.0472 , -2.8167 , 37.1541
1 , -0.7793 , 8.8059 , 2.6995 , -1.5456 , 8.5596 , 4.5293 , -0.3225 , 0.1434 , 0.0872 , 0.7663 , 0.2463 , -1.8299 , 0.7551 , -60.7899 , -10.2357 , 61.6456
9 , 1.5479 , 7.3729 , 7.8578 , 0.6246 , 6.8341 , 7.0054 , 0.1907 , 0.3010 , 0.0158 , 0.9233 , 0.5389 , 0.8523 , 0.7727 , -44.1772 , 5.0948 , 44.4700
7 , -1.2246 , 7.0988 , 6.5553 , -0.9776 , 6.0758 , 7.6354 , 0.0159 , -0.0900 , 0.2241 , -0.2471 , 1.0230 , -1.0801 , 0.8353 , -38.2841 , -7.2959 , 38.9731
4 , -1.7549 , 6.7804 , 4.4867 , -1.9686 , 6.6399 , 6.9431 , -0.1930 , -0.7442 , 0.2894 , 0.2136 , 0.1404 , -2.4563 , 0.8292 , -42.6163 , -15.8297 , 45.4612
2 , -0.6859 , 6.5457 , 6.1818 , -1.2487 , 5.9228 , 7.7157 , 0.1314 , -0.2213 , -0.0319 , 0.5627 , 0.6230 , -1.5339 , 0.8361 , -37.1537 , -9.1928 , 38.2741
2 , -1.2713 , 5.6192 , 9.5373 , -1.9479 , 4.9030 , 8.2666 , -0.3530 , 0.1287 , 0.3951 , 0.6766 , 0.7161 , 1.2707 , 0.8697 , -29.9981 , -13.2592 , 32.7978
4 , -4.1683 , 4.8997 , 8.1331 , -4.0979 , 4.7373 , 7.5456 , 0.0453 , -0.8750 , 0.1239 , -0.0704 , 0.1624 , 0.5875 , 0.8343 , -28.8861 , -28.5060 , 40.5832
4 , -0.9313 , 5.3355 , 8.3103 , -0.6893 , 4.8980 , 8.4679 , -0.3982 , 0.1947 , 0.0652 , -0.2420 , 0.4375 , -0.1576 , 0.8665 , -29.9641 , -4.6538 , 30.3234
6 , 0.2107 , 4.3730 , 9.8390 , -0.2047 , 4.2264 , 8.8468 , 0.1406 , 0.1226 , 0.0255 , 0.4154 , 0.1466 , 0.9922 , 0.8699 , -25.5294 , -1.3252 , 25.5638
10 , -0.2753 , 1.4006 , 8.7089 , 0.0880 , 2.5394 , 9.4718 , -0.6609 , 0.0615 , -0.0643 , -0.3633 , -1.1388 , -0.7628 , 0.8580 , -15.0076 , 0.5321 , 15.0170
10 , -0.2011 , 2.0195 , 8.6790 , -0.2517 , 2.3918 , 9.5072 , -0.5711 , 0.1928 , 0.2125 , 0.0506 , -0.3723 , -0.8282 , 0.8392 , -14.1166 , -1.5164 , 14.1978
3 , -0.1676 , 3.0945 , 10.9642 , -0.1607 , 3.0565 , 9.3168 , -0.0476 , 0.2857 , 0.0261 , -0.0069 , 0.0380 , 1.6475 , 0.8298 , -18.1603 , -0.9881 , 18.1872
9 , 0.3998 , 0.6788 , 11.3796 , -0.3278 , 1.0691 , 9.7427 , 0.2554 , -0.0173 , -0.3880 , 0.7276 , -0.3904 , 1.6370 , 0.8610 , -6.2589 , -1.9270 , 6.5488
8 , -1.2210 , 4.4005 , 9.4511 , -1.2833 , 4.3144 , 8.7126 , 0.4002 , 0.3211 , 0.0958 , 0.0622 , 0.0862 , 0.7385 , 0.8018 , -26.1003 , -8.3789 , 27.4122
9 , -1.5179 , 3.7350 , 11.2408 , -0.8651 , 3.7975 , 9.0001 , 0.2359 , 0.0346 , -0.2017 , -0.6528 , -0.0625 , 2.2407 , 0.8344 , -22.7824 , -5.4905 , 23.4347
10 , -0.8021 , 3.3662 , 9.4810 , -0.7791 , 3.4801 , 9.1352 , 0.4313 , 0.3718 , 0.1941 , -0.0229 , -0.1139 , 0.3458 , 0.8268 , -20.7859 , -4.8748 , 21.3499
6 , 0.0826 , 3.6883 , 10.7907 , -0.7533 , 3.5043 , 9.1281 , 0.2017 , -0.1230 , 0.1288 , 0.8359 , 0.1840 , 1.6625 , 0.8345 , -20.9367 , -4.7179 , 21.4616
10 , -0.3759 , 2.7857 , 10.3394 , -0.5398 , 2.9358 , 9.3413 , 0.3067 , 0.0200 , -0.0490 , 0.1639 , -0.1501 , 0.9980 , 0.8512 , -17.4194 , -3.3074 , 17.7306
9 , -0.8823 , 3.5147 , 8.2241 , -0.5224 , 3.1616 , 9.2683 , -0.0091 , 0.0841 , -0.1364 , -0.3599 , 0.3531 , -1.0442 , 0.8356 , -18.8079 , -3.2258 , 19.0825
7 , -1.3048 , 4.2102 , 8.1355 , -1.3661 , 4.3835 , 8.6654 , -0.1948 , -0.0130 , 0.1789 , 0.0613 , -0.1733 , -0.5299 , 0.8315 , -26.5508 , -8.9591 , 28.0216
3 , -1.3204 , 5.6611 , 8.6275 , -1.0550 , 5.4178 , 8.1058 , -0.0714 , -0.0607 , -0.0197 , -0.2654 , 0.2433 , 0.5217 , 0.7533 , -33.5362 , -7.4154 , 34.3463
9 , -0.0335 , 4.3371 , 10.2915 , -0.6695 , 4.6325 , 8.6175 , -0.1142 , 0.1556 , 0.0866 , 0.6359 , -0.2954 , 1.6739 , 0.8058 , -28.1891 , -4.4422 , 28.5370
7 , -2.7294 , 4.0857 , 8.8214 , -2.0444 , 4.1233 , 8.6596 , -1.1013 , 0.1238 , 0.0927 , -0.6850 , -0.0376 , 0.1618 , 0.8060 , -24.8637 , -13.2836 , 28.1897
5 , 0.0096 , 3.1807 , 11.7747 , 0.0713 , 3.7434 , 9.0638 , 0.0080 , 0.5282 , 0.1740 , -0.0617 , -0.5627 , 2.7109 , 0.8413 , -22.4405 , 0.4504 , 22.4450
7 , -1.1492 , 3.5650 , 7.7967 , -0.5036 , 3.7262 , 9.0572 , -0.4385 , -0.0436 , 0.1172 , -0.6456 , -0.1612 , -1.2605 , 0.8561 , -22.3314 , -3.1828 , 22.5571
5 , 0.3364 , 3.3483 , 9.7791 , -0.2249 , 3.1983 , 9.2677 , -0.2718 , 0.2148 , 0.1446 , 0.5612 , 0.1500 , 0.5114 , 0.8706 , -19.0344 , -1.3899 , 19.0850
2 , -0.2454 , 3.9648 , 9.0656 , -0.5014 , 3.7646 , 9.0414 , -0.3145 , 0.0200 , -0.0288 , 0.2560 , 0.2002 , 0.0242 , 0.8622 , -22.5741 , -3.1741 , 22.7962
1 , -0.4070 , 5.9819 , 7.4807 , -1.0972 , 5.3223 , 8.1633 , -0.0647 , -0.3606 , 0.1031 , 0.6901 , 0.6596 , -0.6826 , 0.8630 , -32.8693 , -7.6547 , 33.7489
9 , 0.8559 , 4.2150 , 11.4323 , -0.0887 , 3.0095 , 9.3330 , -0.2803 , 0.2900 , -0.4534 , 0.9446 , 1.2055 , 2.0993 , 0.8708 , -17.8715 , -0.5443 , 17.8798
7 , -0.8930 , 3.7362 , 8.0816 , -0.4587 , 3.4176 , 9.1804 , -0.3897 , -0.0344 , -0.0105 , -0.4343 , 0.3185 , -1.0988 , 0.8547 , -20.3958 , -2.8604 , 20.5954
5 , -0.5291 , 2.4960 , 9.2081 , -0.3896 , 2.9210 , 9.3534 , -0.0384 , 0.1397 , 0.2259 , -0.1395 , -0.4250 , -0.1453 , 0.8502 , -17.3289 , -2.3853 , 17.4923
10 , -0.0060 , 2.2553 , 9.3841 , 0.0206 , 2.4164 , 9.5043 , -0.3341 , 0.0694 , 0.2259 , -0.0266 , -0.1610 , -0.1202 , 0.8326 , -14.2646 , 0.1242 , 14.2651
3 , -0.6524 , 3.1651 , 7.5154 , -0.2293 , 3.3426 , 9.2166 , -0.5118 , -0.0442 , 0.0927 , -0.4231 , -0.1774 , -1.7012 , 0.8427 , -19.9284 , -1.4254 , 19.9793
4 , -0.3819 , 4.2713 , 6.2596 , -0.6336 , 4.5207 , 8.6794 , -0.2376 , 0.0035 , 0.2577 , 0.2518 , -0.2495 , -2.4198 , 0.8568 , -27.4508 , -4.1755 , 27.7665
10 , -0.0431 , 1.4916 , 8.2540 , -0.0661 , 2.1203 , 9.5745 , 0.0135 , 0.0896 , 0.0701 , 0.0230 , -0.6287 , -1.3205 , 0.8276 , -12.4864 , -0.3958 , 12.4927
9 , -0.1269 , 0.9313 , 9.9695 , -0.3327 , 1.6885 , 9.6545 , -0.5949 , 0.1910 , -0.3050 , 0.2058 , -0.7572 , 0.3150 , 0.8501 , -9.9148 , -1.9739 , 10.1093
6 , -0.8906 , 1.5239 , 10.9331 , -0.6333 , 1.9135 , 9.5973 , -0.1074 , 0.1238 , -0.0930 , -0.2573 , -0.3896 , 1.3358 , 0.8516 , -11.2521 , -3.7753 , 11.8685
4 , 0.4046 , 4.4724 , 8.4898 , -0.6053 , 3.3821 , 9.1850 , 0.0447 , -0.1664 , -0.1333 , 1.0100 , 1.0902 , -0.6952 , 0.8492 , -20.1746 , -3.7706 , 20.5239
2 , 0.2658 , 3.4608 , 9.5924 , -0.1746 , 3.2478 , 9.2516 , 0.0361 , 0.2454 , 0.0041 , 0.4404 , 0.2131 , 0.3408 , 0.8734 , -19.3404 , -1.0812 , 19.3705
4 , -0.0790 , 3.8235 , 6.8319 , -0.5233 , 3.7612 , 9.0416 , -0.6224 , 0.1146 , 0.1782 , 0.4443 , 0.0623 , -2.2097 , 0.8792 , -22.5528 , -3.3123 , 22.7948
4 , -0.0024 , 3.9313 , 8.7484 , -0.4171 , 3.6225 , 9.1035 , -0.3903 , 0.0548 , 0.1672 , 0.4148 , 0.3088 , -0.3551 , 0.8677 , -21.6783 , -2.6236 , 21.8365
3 , -0.4094 , 2.6133 , 9.4104 , -0.0702 , 2.7517 , 9.4124 , -0.2699 , 0.0786 , 0.1043 , -0.3393 , -0.1384 , -0.0020 , 0.8574 , -16.2958 , -0.4271 , 16.3014
3 , -0.3220 , 4.7980 , 8.8717 , -0.8578 , 5.1238 , 8.3175 , 0.0331 , 0.6430 , -0.1266 , 0.5358 , -0.3258 , 0.5542 , 0.8081 , -31.4990 , -5.8885 , 32.0446
5 , 0.0299 , 6.7660 , 8.1547 , 0.4182 , 6.2274 , 7.5641 , -0.1856 , -0.2299 , -0.0294 , -0.3882 , 0.5386 , 0.5906 , 0.7857 , -39.4211 , 3.1642 , 39.5479
6 , 0.8080 , 5.5091 , 7.3275 , 0.7918 , 5.9399 , 7.7628 , -0.4740 , 0.1379 , -0.0624 , 0.0162 , -0.4308 , -0.4354 , 0.7900 , -37.2792 , 5.8242 , 37.7314
6 , -0.6201 , 4.5657 , 10.3489 , -0.7131 , 4.1728 , 8.8459 , 0.1320 , 0.3010 , 0.0133 , 0.0930 , 0.3929 , 1.5031 , 0.8923 , -25.1828 , -4.6090 , 25.6011
5 , -0.8655 , 3.3998 , 9.8450 , -0.7878 , 3.9089 , 8.9594 , -0.1618 , 0.7328 , 0.2699 , -0.0777 , -0.5091 , 0.8856 , 0.8948 , -23.4904 , -5.0251 , 24.0219
8 , -0.8487 , 3.3172 , 9.7264 , -0.7633 , 3.4725 , 9.1394 , 0.0331 , 0.2044 , 0.2125 , -0.0854 , -0.1554 , 0.5870 , 0.9082 , -20.7383 , -4.7742 , 21.2807
1 , -3.6093 , 5.1164 , 8.1523 , -3.2028 , 4.9128 , 7.8598 , -0.4184 , 0.1128 , -0.0478 , -0.4064 , 0.2037 , 0.2924 , 0.8997 , -30.0636 , -22.1705 , 37.3544
2 , -1.3144 , 4.2784 , 11.9135 , -1.5745 , 4.0644 , 8.7848 , -0.0115 , 0.5380 , 0.1324 , 0.2600 , 0.2141 , 3.1288 , 0.9101 , -24.4848 , -10.1610 , 26.5095
2 , -2.8108 , 6.4811 , 8.9244 , -2.8579 , 6.2921 , 6.9579 , -0.3897 , -0.2726 , -0.0881 , 0.0472 , 0.1890 , 1.9665 , 0.8756 , -39.9122 , -22.3303 , 45.7343
8 , -1.4090 , 5.1978 , 8.6562 , -1.4464 , 4.9701 , 8.3292 , 0.1442 , 0.1000 , -0.1168 , 0.0375 , 0.2277 , 0.3270 , 0.8931 , -30.4516 , -9.8517 , 32.0056
8 , -1.3372 , 5.2984 , 6.8438 , -1.1723 , 4.8603 , 8.4364 , -0.0445 , -0.0656 , -0.1345 , -0.1649 , 0.4380 , -1.5926 , 0.8909 , -29.7103 , -7.9108 , 30.7455
8 , -0.7470 , 4.5562 , 9.4798 , -1.0437 , 4.4107 , 8.6964 , -0.0402 , 0.1996 , 0.0927 , 0.2967 , 0.1454 , 0.7835 , 0.8980 , -26.7288 , -6.8437 , 27.5910
4 , -2.1296 , 5.3331 , 7.5609 , -2.3359 , 5.3166 , 7.9024 , -0.1655 , -0.1706 , 0.0194 , 0.2062 , 0.0165 , -0.3415 , 0.8986 , -32.8297 , -16.4672 , 36.7281
7 , -0.3543 , 5.6168 , 10.5967 , -1.4782 , 5.0935 , 8.2487 , 0.1955 , 0.2576 , -0.0325 , 1.1239 , 0.5233 , 2.3480 , 0.8816 , -31.2914 , -10.1600 , 32.8995
1 , -3.7290 , 6.0082 , 7.5669 , -3.1759 , 5.9512 , 7.1181 , 0.0172 , 0.1543 , 0.1300 , -0.5530 , 0.0571 , 0.4488 , 0.8851 , -37.3620 , -24.0453 , 44.4308
5 , -1.5646 , 4.6543 , 11.2982 , -0.9020 , 5.0600 , 8.3518 , 0.0850 , 0.3376 , 0.2564 , -0.6627 , -0.4057 , 2.9464 , 0.8755 , -31.0628 , -6.1638 , 31.6685
1 , -3.2250 , 5.3247 , 8.4204 , -2.5156 , 5.5264 , 7.7007 , -0.3035 , -0.0118 , -0.0374 , -0.7094 , -0.2017 , 0.7197 , 0.8982 , -34.3009 , -18.0908 , 38.7792
1 , -0.4417 , 5.5629 , 9.1842 , -0.8413 , 5.2696 , 8.2276 , 0.1045 , -0.0191 , 0.2650 , 0.3996 , 0.2933 , 0.9565 , 0.9069 , -32.5036 , -5.8383 , 33.0238
10 , -0.4561 , 5.1176 , 8.2780 , -0.6181 , 4.7693 , 8.5465 , -0.3823 , 0.0603 , 0.0005 , 0.1620 , 0.3483 , -0.2685 , 0.8672 , -29.0997 , -4.1364 , 29.3922
4 , -0.6823 , 5.2984 , 8.7209 , -0.7857 , 5.0587 , 8.3644 , -0.1258 , 0.0432 , -0.0166 , 0.1033 , 0.2397 , 0.3565 , 0.8627 , -31.0536 , -5.3662 , 31.5139
6 , -0.9349 , 5.5019 , 7.4759 , -0.8488 , 4.9730 , 8.4094 , -0.3139 , -0.0442 , 0.0536 , -0.0861 , 0.5288 , -0.9335 , 0.8653 , -30.4715 , -5.7636 , 31.0118
4 , -1.7166 , 5.2780 , 6.1962 , -1.4538 , 5.1651 , 8.2084 , -0.5039 , -0.4321 , 0.0689 , -0.2628 , 0.1129 , -2.0122 , 0.8710 , -31.7826 , -10.0437 , 33.3318
6 , -0.9972 , 3.7852 , 8.9986 , -1.0413 , 4.1532 , 8.8225 , -0.5723 , 0.0749 , -0.0423 , 0.0441 , -0.3679 , 0.1761 , 0.8838 , -25.0561 , -6.7313 , 25.9445
2 , -0.2107 , 5.1380 , 8.5820 , -0.8892 , 4.8653 , 8.4681 , -0.1307 , 0.0322 , -0.0673 , 0.6785 , 0.2727 , 0.1139 , 0.8730 , -29.7437 , -5.9941 , 30.3416
3 , -0.3496 , 4.6148 , 8.4743 , -0.7033 , 4.3861 , 8.7428 , -0.2504 , 0.0291 , -0.0294 , 0.3538 , 0.2287 , -0.2686 , 0.8782 , -26.5682 , -4.5994 , 26.9634
7 , -0.0670 , 4.7681 , 8.2049 , -0.6907 , 4.4493 , 8.7119 , -0.7855 , 0.1623 , -0.0795 , 0.6236 , 0.3188 , -0.5070 , 0.8737 , -26.9814 , -4.5329 , 27.3595
10 , -1.0678 , 3.4812 , 8.7652 , -0.7116 , 3.7826 , 9.0198 , -0.1753 , 0.1098 , 0.0371 , -0.3563 , -0.3014 , -0.2546 , 0.8678 , -22.6883 , -4.5107 , 23.1323
2 , -0.4705 , 5.6108 , 8.9615 , -1.0676 , 4.6976 , 8.5419 , -0.0604 , -0.2042 , -0.1217 , 0.5972 , 0.9132 , 0.4196 , 0.8756 , -28.6215 , -7.1244 , 29.4948
5 , 0.1532 , 4.4652 , 8.8597 , -0.4554 , 4.0312 , 8.9282 , -0.2974 , 0.0169 , -0.0740 , 0.6087 , 0.4340 , -0.0684 , 0.8765 , -24.2719 , -2.9201 , 24.4470
2 , -1.2917 , 4.2988 , 10.7739 , -0.9002 , 4.6850 , 8.5680 , -0.2253 , -0.0961 , -0.2249 , -0.3915 , -0.3863 , 2.2059 , 0.8849 , -28.5380 , -5.9976 , 29.1614
6 , -0.9936 , 2.6516 , 10.4256 , -0.9020 , 3.1355 , 9.2480 , -0.3121 , -0.2836 , -0.2744 , -0.0916 , -0.4839 , 1.1775 , 0.8918 , -18.6465 , -5.5705 , 19.4608
8 , -0.8511 , 2.6181 , 9.9192 , -0.6696 , 3.1300 , 9.2696 , 0.1345 , 0.1220 , 0.1208 , -0.1816 , -0.5120 , 0.6496 , 0.8881 , -18.6130 , -4.1315 , 19.0661
8 , 0.5638 , 3.9780 , 8.3570 , -0.3788 , 3.2479 , 9.2454 , -0.3475 , 0.2289 , 0.1575 , 0.9427 , 0.7300 , -0.8885 , 0.8689 , -19.3414 , -2.3464 , 19.4832
3 , -0.5303 , 3.6176 , 8.4934 , -0.5212 , 3.2321 , 9.2440 , -0.1398 , -0.0637 , 0.0127 , -0.0091 , 0.3855 , -0.7506 , 0.8823 , -19.2435 , -3.2270 , 19.5122
9 , -0.8966 , 2.4948 , 8.9998 , -0.5543 , 2.8954 , 9.3531 , -0.4306 , 0.1110 , 0.0542 , -0.3423 , -0.4007 , -0.3533 , 0.8859 , -17.1725 , -3.3916 , 17.5042
8 , -0.5279 , 2.1368 , 8.1750 , -0.3244 , 2.7809 , 9.3985 , -0.8051 , 0.1531 , 0.1844 , -0.2035 , -0.6441 , -1.2235 , 0.8861 , -16.4737 , -1.9769 , 16.5919
9 , -0.1676 , 2.4792 , 8.0685 , -0.5329 , 2.8361 , 9.3725 , -0.2290 , -0.1273 , -0.2769 , 0.3653 , -0.3569 , -1.3040 , 0.8910 , -16.8102 , -3.2544 , 17.1223
10 , -0.3795 , 2.4146 , 9.4020 , -0.4076 , 2.5307 , 9.4657 , -0.0659 , -0.0619 , 0.0176 , 0.0281 , -0.1161 , -0.0637 , 0.8860 , -14.9548 , -2.4658 , 15.1567
7 , -0.3124 , 2.6779 , 9.3242 , -0.3364 , 2.7125 , 9.4180 , -0.3445 , 0.0725 , 0.0310 , 0.0239 , -0.0346 , -0.0938 , 0.8833 , -16.0572 , -2.0455 , 16.1870
7 , -0.3196 , 2.7054 , 8.1582 , -0.3755 , 2.9018 , 9.3600 , -0.4245 , 0.0658 , -0.0185 , 0.0559 , -0.1964 , -1.2017 , 0.8883 , -17.2116 , -2.2976 , 17.3643
8 , -0.1688 , 3.0718 , 8.4803 , -0.5092 , 2.4873 , 9.4723 , -0.3762 , -0.1438 , -0.1321 , 0.3404 , 0.5844 , -0.9920 , 0.8916 , -14.6928 , -3.0770 , 15.0115
5 , -0.0084 , 3.6260 , 9.1566 , -0.3055 , 2.9343 , 9.3524 , -0.1123 , 0.2808 , 0.1446 , 0.2972 , 0.6917 , -0.1957 , 0.8884 , -17.4107 , -1.8711 , 17.5109
6 , -0.6069 , 2.1703 , 9.3625 , -0.3966 , 2.5031 , 9.4735 , -0.2974 , -0.0051 , 0.0750 , -0.2103 , -0.3328 , -0.1110 , 0.8917 , -14.7882 , -2.3972 , 14.9812
2 , -0.2646 , 3.8211 , 10.1742 , -0.4960 , 3.7020 , 9.0675 , 0.0196 , 0.1055 , -0.4228 , 0.2315 , 0.1191 , 1.1067 , 0.8925 , -22.1790 , -3.1312 , 22.3989
7 , 0.0060 , 3.2848 , 8.9543 , -0.3544 , 2.9590 , 9.3429 , -0.4318 , 0.1818 , 0.0158 , 0.3604 , 0.3258 , -0.3885 , 0.8917 , -17.5620 , -2.1724 , 17.6958
1 , -2.0207 , 4.0235 , 6.5015 , -1.7288 , 3.9533 , 8.8064 , -0.6383 , -0.2018 , -0.2035 , -0.2919 , 0.0701 , -2.3049 , 0.8868 , -23.7739 , -11.1069 , 26.2404
8 , -0.3304 , 2.9760 , 9.5337 , -0.4099 , 2.7200 , 9.4130 , -0.1636 , 0.0224 , 0.0432 , 0.0795 , 0.2560 , 0.1207 , 0.8866 , -16.1029 , -2.4931 , 16.2948
8 , 0.2586 , 3.0454 , 8.5377 , -0.4163 , 2.6343 , 9.4370 , -0.2119 , 0.0444 , 0.0011 , 0.6749 , 0.4111 , -0.8993 , 0.8905 , -15.5823 , -2.5260 , 15.7857
3 , 0.3663 , 3.0155 , 9.6211 , -0.2279 , 2.7432 , 9.4124 , -0.1624 , -0.1474 , -0.0014 , 0.5942 , 0.2723 , 0.2087 , 0.8926 , -16.2440 , -1.3872 , 16.3031
10 , -1.1480 , 1.7071 , 9.3913 , -0.5841 , 2.5401 , 9.4539 , -0.4868 , -0.1267 , -0.0087 , -0.5639 , -0.8330 , -0.0627 , 0.8669 , -15.0118 , -3.5353 , 15.4225
9 , -0.2478 , 3.0801 , 9.2608 , -0.4187 , 2.5015 , 9.4730 , -0.3921 , 0.0255 , -0.0527 , 0.1709 , 0.5786 , -0.2122 , 0.8869 , -14.7784 , -2.5306 , 14.9935
6 , -0.8212 , 2.5331 , 8.5904 , -0.6272 , 2.2588 , 9.5223 , 0.0019 , -0.0118 , -0.0032 , -0.1940 , 0.2743 , -0.9319 , 0.8971 , -13.3164 , -3.7685 , 13.8394
2 , -0.2322 , 3.2549 , 8.8418 , -0.6879 , 3.3513 , 9.1905 , -0.1019 , -0.0515 , -0.0673 , 0.4556 , -0.0964 , -0.3488 , 0.8930 , -19.9828 , -4.2804 , 20.4361
8 , -0.2658 , 2.4062 , 9.2201 , -0.3253 , 2.4577 , 9.4881 , -0.1410 , 0.0786 , -0.0270 , 0.0596 , -0.0515 , -0.2680 , 0.8897 , -14.5141 , -1.9639 , 14.6463
1 , -1.6879 , 4.6208 , 7.6291 , -1.1559 , 4.6179 , 8.5737 , -0.5919 , 0.1226 , -0.2414 , -0.5320 , 0.0029 , -0.9446 , 0.8881 , -28.0925 , -7.6782 , 29.1229
2 , -1.4281 , 3.7290 , 7.8949 , -1.1367 , 3.3574 , 9.1437 , -0.1826 , 0.2716 , 0.0646 , -0.2914 , 0.3716 , -1.2488 , 0.8978 , -20.0205 , -7.0864 , 21.2376
10 , 0.1652 , 3.1208 , 9.1925 , -0.6845 , 3.1642 , 9.2569 , -0.9492 , -0.2928 , 0.5405 , 0.8497 , -0.0434 , -0.0643 , 0.8580 , -18.8240 , -4.2292 , 19.2932
3 , -0.8272 , 2.7701 , 9.5768 , -0.5613 , 2.8674 , 9.3613 , -0.0793 , -0.0784 , 0.0396 , -0.2659 , -0.0973 , 0.2155 , 0.8780 , -17.0010 , -3.4316 , 17.3439
6 , -0.4178 , 2.8874 , 9.3374 , -0.4870 , 2.9884 , 9.3275 , -0.1172 , -0.0399 , -0.0802 , 0.0692 , -0.1010 , 0.0099 , 0.8786 , -17.7421 , -2.9889 , 17.9921
5 , 0.2550 , 2.6647 , 9.9683 , -0.1403 , 2.7402 , 9.4150 , -0.0641 , -0.0540 , 0.1153 , 0.3953 , -0.0754 , 0.5533 , 0.8778 , -16.2255 , -0.8539 , 16.2479
3 , -0.2741 , 2.7689 , 9.5840 , -0.1556 , 2.8659 , 9.3773 , -0.2150 , -0.0894 , -0.0264 , -0.1185 , -0.0970 , 0.2067 , 0.8825 , -16.9921 , -0.9508 , 17.0187
9 , -0.2490 , 2.6013 , 9.0453 , -0.2664 , 2.8611 , 9.3762 , -0.2608 , 0.1287 , -0.0734 , 0.0174 , -0.2598 , -0.3309 , 0.8889 , -16.9628 , -1.6275 , 17.0407
1 , -0.9481 , 5.1751 , 7.2341 , -1.2822 , 4.0337 , 8.8462 , -0.1349 , -0.2794 , 0.0133 , 0.3341 , 1.1414 , -1.6121 , 0.9100 , -24.2880 , -8.2472 , 25.6500
7 , -0.4238 , 4.6914 , 9.2129 , -0.8755 , 3.5580 , 9.0964 , -0.2791 , -0.0558 , -0.0979 , 0.4517 , 1.1334 , 0.1165 , 0.8890 , -21.2733 , -5.4977 , 21.9722
3 , -0.7961 , 3.2717 , 7.7847 , -0.6802 , 3.2535 , 9.2262 , -0.1453 , -0.1114 , 0.0872 , -0.1158 , 0.0182 , -1.4414 , 0.9003 , -19.3758 , -4.2167 , 19.8293
2 , -1.5179 , 3.9768 , 8.2157 , -1.0602 , 4.2078 , 8.7944 , -0.3041 , 0.0090 , -0.0203 , -0.4578 , -0.2311 , -0.5787 , 0.8891 , -25.4091 , -6.8739 , 26.3225
2 , -0.7841 , 4.7872 , 9.3063 , -0.9270 , 3.8959 , 8.9517 , 0.0135 , 0.0047 , 0.0402 , 0.1429 , 0.8913 , 0.3546 , 0.9004 , -23.4080 , -5.9122 , 24.1431
4 , 0.6201 , 5.4013 , 6.6307 , -0.8161 , 3.9882 , 8.9218 , -0.1850 , -0.2366 , -0.0954 , 1.4362 , 1.4131 , -2.2911 , 0.8958 , -23.9969 , -5.2262 , 24.5594
5 , -0.4872 , 2.9137 , 10.4686 , -0.3368 , 3.0514 , 9.3137 , -0.1355 , 0.1348 , 0.0176 , -0.1504 , -0.1377 , 1.1549 , 0.8978 , -18.1291 , -2.0712 , 18.2470
4 , -0.7841 , 3.6140 , 7.9906 , -0.8109 , 3.4175 , 9.1561 , 0.0111 , -0.1407 , 0.1159 , 0.0268 , 0.1965 , -1.1654 , 0.8975 , -20.3949 , -5.0613 , 21.0135
8 , -0.1700 , 2.2206 , 9.0417 , -0.2525 , 2.6610 , 9.4353 , -0.0781 , 0.2191 , 0.2442 , 0.0825 , -0.4404 , -0.3936 , 0.8980 , -15.7444 , -1.5326 , 15.8188
8 , -0.5076 , 2.4995 , 9.1614 , -0.2802 , 2.6460 , 9.4388 , -0.4758 , 0.0511 , -0.0178 , -0.2273 , -0.1464 , -0.2774 , 0.8977 , -15.6532 , -1.7005 , 15.7453
2 , -0.7135 , 3.0837 , 8.9986 , -0.3810 , 3.2353 , 9.2497 , -0.3115 , -0.0362 , 0.0823 , -0.3324 , -0.1516 , -0.2511 , 0.8942 , -19.2634 , -2.3590 , 19.4073
9 , -1.3467 , 1.1708 , 10.3262 , -0.2687 , 2.4440 , 9.4934 , -0.3023 , 0.0242 , 0.0048 , -1.0780 , -1.2733 , 0.8328 , 0.8881 , -14.4315 , -1.6213 , 14.5223
7 , -0.3687 , 3.6811 , 9.2069 , -0.4528 , 3.2511 , 9.2410 , -0.5363 , -0.0558 , -0.0997 , 0.0841 , 0.4300 , -0.0341 , 0.8843 , -19.3610 , -2.8052 , 19.5632
3 , -0.1401 , 2.8802 , 8.4611 , -0.3507 , 2.8460 , 9.3780 , -0.2021 , -0.0094 , -0.0050 , 0.2107 , 0.0342 , -0.9169 , 0.8977 , -16.8706 , -2.1418 , 17.0060
2 , 0.0587 , 4.9021 , 5.7102 , -0.5371 , 3.5932 , 9.1088 , -0.2260 , -0.1150 , -0.0227 , 0.5958 , 1.3089 , -3.3987 , 0.9009 , -21.4941 , -3.3746 , 21.7574
4 , -0.3148 , 4.4448 , 7.0282 , -0.5677 , 4.2239 , 8.8322 , 0.1253 , 0.0566 , -0.0093 , 0.2529 , 0.2210 , -1.8040 , 0.8894 , -25.5129 , -3.6776 , 25.7766
3 , -1.2043 , 3.7110 , 9.4655 , -0.6539 , 3.7412 , 9.0414 , -0.0653 , -0.0937 , -0.0111 , -0.5504 , -0.0302 , 0.4241 , 0.8911 , -22.4264 , -4.1367 , 22.8047
3 , -0.5160 , 3.6105 , 9.8761 , -0.5644 , 3.6100 , 9.1005 , -0.1398 , 0.1036 , 0.0255 , 0.0484 , 0.0004 , 0.7756 , 0.8908 , -21.5998 , -3.5487 , 21.8894
6 , -1.7274 , 5.1990 , 8.7975 , -1.6845 , 5.0336 , 8.2460 , -0.3573 , 0.1232 , -0.0991 , -0.0429 , 0.1654 , 0.5515 , 0.8435 , -30.8827 , -11.5457 , 32.9703
9 , -0.4860 , 4.7429 , 9.2320 , -0.9270 , 4.6460 , 8.5864 , -0.2192 , 0.0694 , 0.1459 , 0.4410 , 0.0969 , 0.6457 , 0.8624 , -28.2787 , -6.1618 , 28.9422
10 , -0.9816 , 4.2856 , 9.6115 , -0.7109 , 4.4906 , 8.6891 , -0.1374 , 0.2136 , 0.1886 , -0.2707 , -0.2050 , 0.9225 , 0.8741 , -27.2525 , -4.6775 , 27.6510
5 , 0.1269 , 6.0920 , 8.4946 , -0.8223 , 5.4966 , 8.0797 , 0.4552 , 0.1256 , -0.1577 , 0.9492 , 0.5954 , 0.4149 , 0.8595 , -34.0902 , -5.8109 , 34.5819
2 , -0.5231 , 5.9855 , 8.9232 , -0.9377 , 5.6821 , 7.9375 , -0.0024 , 0.1458 , -0.0282 , 0.4146 , 0.3034 , 0.9856 , 0.8632 , -35.4094 , -6.7375 , 36.0447
7 , -1.1372 , 5.1092 , 7.4148 , -1.1286 , 5.2096 , 8.2314 , -0.2021 , -0.0210 , 0.0029 , -0.0086 , -0.1004 , -0.8166 , 0.8735 , -32.0886 , -7.8073 , 33.0248
7 , -1.1097 , 4.3132 , 7.0210 , -1.0519 , 4.6823 , 8.5522 , -0.3054 , -0.1651 , 0.1159 , -0.0578 , -0.3692 , -1.5312 , 0.8835 , -28.5201 , -7.0120 , 29.3694
10 , -1.0511 , 3.0562 , 9.5433 , -0.9259 , 3.6350 , 9.0609 , -0.4465 , 0.2435 , -0.1156 , -0.1251 , -0.5788 , 0.4824 , 0.8883 , -21.7570 , -5.8346 , 22.5257
2 , -0.5375 , 4.9165 , 8.8418 , -0.8227 , 4.3460 , 8.7525 , -0.0763 , -0.0320 , -0.0783 , 0.2852 , 0.5705 , 0.0893 , 0.8819 , -26.3061 , -5.3700 , 26.8486
8 , -0.9074 , 3.6955 , 9.2584 , -0.8282 , 3.9006 , 8.9594 , -0.3872 , 0.0340 , -0.0166 , -0.0792 , -0.2051 , 0.2990 , 0.8881 , -23.4374 , -5.2812 , 24.0250
6 , -1.1612 , 4.2198 , 9.1554 , -0.8793 , 4.0377 , 8.8935 , -0.2797 , 0.0719 , 0.0707 , -0.2819 , 0.1820 , 0.2620 , 0.8888 , -24.3139 , -5.6467 , 24.9609
2 , -0.5495 , 5.1858 , 8.7724 , -0.8658 , 4.5756 , 8.6305 , 0.0966 , 0.0884 , -0.0820 , 0.3163 , 0.6103 , 0.1419 , 0.8888 , -27.8125 , -5.7288 , 28.3963
4 , -1.0175 , 4.8758 , 7.2293 , -0.9803 , 4.9990 , 8.3797 , -0.2919 , 0.1867 , 0.0720 , -0.0373 , -0.1233 , -1.1504 , 0.8835 , -30.6479 , -6.6723 , 31.3658
7 , -1.1049 , 4.1671 , 11.3006 , -0.7358 , 3.6222 , 9.0834 , 0.2243 , 0.3126 , 0.2106 , -0.3691 , 0.5449 , 2.2172 , 0.8887 , -21.6761 , -4.6313 , 22.1654
1 , -2.0375 , 5.2696 , 7.0030 , -1.5354 , 4.7465 , 8.4430 , -0.3158 , 0.1385 , 0.2772 , -0.5021 , 0.5232 , -1.4399 , 0.9058 , -28.9474 , -10.3068 , 30.7275
1 , -0.6141 , 5.6755 , 8.7640 , -1.2202 , 5.0568 , 8.3133 , -0.3219 , -0.1291 , -0.0044 , 0.6061 , 0.6187 , 0.4507 , 0.9032 , -31.0406 , -8.3500 , 32.1441
8 , -0.5495 , 2.8012 , 9.0453 , -0.5819 , 2.8055 , 9.3788 , 0.0086 , -0.0802 , -0.0093 , 0.0325 , -0.0042 , -0.3335 , 0.8990 , -16.6232 , -3.5506 , 16.9981
3 , -0.6357 , 4.0199 , 8.8166 , -0.8894 , 3.4933 , 9.1201 , -0.0103 , 0.0126 , -0.0948 , 0.2538 , 0.5265 , -0.3034 , 0.8842 , -20.8683 , -5.5701 , 21.5989
4 , -0.5088 , 3.5650 , 10.7093 , -1.1875 , 3.5692 , 9.0566 , -0.3072 , 0.2747 , -0.0368 , 0.6787 , -0.0042 , 1.6527 , 0.9014 , -21.3432 , -7.4700 , 22.6127
4 , -1.2270 , 3.7014 , 8.6323 , -1.3771 , 3.4994 , 9.0570 , -0.2870 , 0.0065 , -0.1987 , 0.1500 , 0.2021 , -0.4247 , 0.9012 , -20.9060 , -8.6452 , 22.6230
4 , -1.3396 , 3.4429 , 7.5980 , -1.2375 , 3.5854 , 9.0434 , -0.1618 , 0.0621 , -0.0386 , -0.1021 , -0.1426 , -1.4454 , 0.8939 , -21.4453 , -7.7918 , 22.8170
4 , -1.2677 , 4.5011 , 8.2361 , -1.4207 , 3.4456 , 9.0708 , -0.1233 , 0.1397 , 0.0365 , 0.1529 , 1.0555 , -0.8348 , 0.9025 , -20.5699 , -8.9012 , 22.4132
7 , -1.1827 , 3.3878 , 9.1997 , -0.9493 , 3.3876 , 9.1539 , -0.6975 , 0.3920 , 0.1434 , -0.2334 , 0.0002 , 0.0459 , 0.8873 , -20.2088 , -5.9209 , 21.0584
4 , -0.6883 , 3.9325 , 9.6570 , -1.1210 , 3.3665 , 9.1422 , -0.1734 , 0.2209 , 0.0426 , 0.4327 , 0.5659 , 0.5148 , 0.8959 , -20.0776 , -6.9907 , 21.2598
5 , -0.3304 , 3.1089 , 9.2548 , -0.8849 , 3.0008 , 9.2942 , -0.3774 , 0.2576 , 0.1379 , 0.5545 , 0.1081 , -0.0394 , 0.8979 , -17.8181 , -5.4386 , 18.6296
10 , -1.6269 , 2.8060 , 8.8897 , -1.1622 , 2.8293 , 9.3174 , -0.4013 , -0.1321 , 0.0414 , -0.4646 , -0.0233 , -0.4278 , 0.8698 , -16.7686 , -7.1102 , 18.2137
10 , -1.5706 , 1.9142 , 7.8290 , -0.9471 , 2.9860 , 9.2928 , -0.8026 , 0.0132 , 0.4226 , -0.6235 , -1.0719 , -1.4638 , 0.8539 , -17.7274 , -5.8196 , 18.6582
2 , -2.0207 , 3.2836 , 8.8657 , -1.3639 , 3.3862 , 9.1019 , 0.0514 , 0.2038 , -0.0856 , -0.6568 , -0.1025 , -0.2361 , 0.8918 , -20.1998 , -8.5222 , 21.9240
9 , -1.4353 , 2.9066 , 7.8829 , -1.2469 , 2.7273 , 9.3369 , -0.3878 , -0.1431 , 0.2161 , -0.1885 , 0.1793 , -1.4540 , 0.8910 , -16.1471 , -7.6063 , 17.8490
4 , -1.8399 , 3.6763 , 6.9372 , -1.6221 , 3.6314 , 8.9639 , -0.5821 , -0.0075 , 0.0133 , -0.2179 , 0.0449 , -2.0267 , 0.8884 , -21.7340 , -10.2571 , 24.0328
3 , -0.3112 , 3.5159 , 8.2265 , -0.9308 , 2.7777 , 9.3589 , -0.0189 , -0.1004 , -0.0588 , 0.6196 , 0.7382 , -1.1324 , 0.8970 , -16.4541 , -5.6799 , 17.4069
7 , 0.5411 , 4.7417 , 9.4056 , -0.9062 , 2.8823 , 9.3296 , -0.3414 , 0.1861 , -0.1205 , 1.4473 , 1.8594 , 0.0760 , 0.8972 , -17.0925 , -5.5481 , 17.9704
2 , -1.1923 , 3.6871 , 7.9619 , -1.0372 , 3.0882 , 9.2497 , -0.2638 , -0.0949 , 0.0170 , -0.1551 , 0.5989 , -1.2878 , 0.8935 , -18.3552 , -6.3983 , 19.4384
5 , -0.2095 , 2.6264 , 9.9886 , -0.6788 , 2.4328 , 9.4758 , -0.3866 , 0.1116 , 0.0988 , 0.4693 , 0.1937 , 0.5128 , 0.8979 , -14.3635 , -4.0976 , 14.9366
5 , -0.2035 , 2.9149 , 9.0980 , -0.7043 , 2.5389 , 9.4461 , -0.1661 , 0.0896 , -0.0930 , 0.5008 , 0.3760 , -0.3481 , 0.8948 , -15.0048 , -4.2643 , 15.5990
10 , -0.7997 , 2.8659 , 8.2947 , -0.9803 , 2.8905 , 9.3196 , -0.3701 , -0.1004 , -0.0068 , 0.1807 , -0.0247 , -1.0249 , 0.8727 , -17.1426 , -6.0049 , 18.1639
5 , -0.5519 , 1.7933 , 9.7252 , -0.6081 , 2.1108 , 9.5575 , -0.1484 , 0.1660 , 0.0946 , 0.0562 , -0.3176 , 0.1678 , 0.8910 , -12.4300 , -3.6404 , 12.9521
8 , -0.5974 , 2.6659 , 9.6558 , -0.6786 , 2.3718 , 9.4913 , -0.3964 , 0.2032 , 0.1288 , 0.0812 , 0.2942 , 0.1645 , 0.8891 , -13.9960 , -4.0894 , 14.5812
9 , -1.5490 , 3.2525 , 7.8063 , -1.1293 , 2.5373 , 9.4052 , -0.5833 , -0.4040 , -0.1144 , -0.4197 , 0.7153 , -1.5989 , 0.8924 , -14.9946 , -6.8471 , 16.4839
10 , -1.6915 , 1.0558 , 7.5226 , -0.8977 , 2.5176 , 9.4354 , -0.8753 , -0.0552 , 0.4886 , -0.7938 , -1.4617 , -1.9128 , 0.8761 , -14.8757 , -5.4351 , 15.8375
8 , 0.2442 , 2.8922 , 9.8138 , -0.5904 , 2.2638 , 9.5235 , -0.3548 , 0.1873 , 0.0090 , 0.8346 , 0.6284 , 0.2903 , 0.8925 , -13.3468 , -3.5476 , 13.8103
7 , -1.1504 , 2.6037 , 7.9918 , -1.0133 , 2.3838 , 9.4584 , -0.1319 , -0.0320 , -0.0093 , -0.1371 , 0.2199 , -1.4666 , 0.8990 , -14.0681 , -6.1150 , 15.3396
8 , -0.4489 , 2.0075 , 10.0844 , -0.5337 , 2.0816 , 9.5683 , -0.2082 , 0.2160 , 0.0677 , 0.0848 , -0.0741 , 0.5161 , 0.8955 , -12.2551 , -3.1925 , 12.6641
2 , -0.5638 , 3.3950 , 9.0812 , -0.9984 , 2.7651 , 9.3556 , -0.1410 , -0.1297 , -0.0459 , 0.4346 , 0.6299 , -0.2744 , 0.9033 , -16.3771 , -6.0915 , 17.4733
1 , -1.4617 , 4.5681 , 5.1631 , -1.5969 , 3.6630 , 8.9556 , -0.1215 , -0.2268 , -0.0710 , 0.1353 , 0.9052 , -3.7925 , 0.9042 , -21.9328 , -10.1106 , 24.1511
9 , -0.6572 , 3.0083 , 8.5892 , -0.4631 , 2.2745 , 9.5280 , 0.3672 , 0.1763 , -0.0826 , -0.1941 , 0.7338 , -0.9388 , 0.8797 , -13.4109 , -2.7828 , 13.6965
10 , -2.3774 , 1.6759 , 8.6802 , -0.9260 , 2.5810 , 9.4155 , -0.3579 , -0.2684 , 0.2931 , -1.4514 , -0.9051 , -0.7353 , 0.8560 , -15.2596 , -5.6170 , 16.2606
4 , -1.1875 , 3.3974 , 8.4096 , -1.1020 , 3.1446 , 9.2232 , -0.0800 , 0.0963 , 0.1501 , -0.0855 , 0.2528 , -0.8136 , 0.8921 , -18.7029 , -6.8136 , 19.9054
7 , -0.8751 , 3.2022 , 9.8114 , -0.8713 , 2.8367 , 9.3469 , -0.3463 , 0.1299 , -0.0356 , -0.0037 , 0.3655 , 0.4646 , 0.8892 , -16.8140 , -5.3259 , 17.6373
1 , -0.9086 , 4.3371 , 9.2153 , -1.2355 , 3.8406 , 8.9383 , -0.0073 , 0.1550 , 0.0597 , 0.3269 , 0.4965 , 0.2770 , 0.9019 , -23.0562 , -7.8700 , 24.3624
2 , -0.6117 , 2.8012 , 10.1418 , -0.6942 , 3.0777 , 9.2853 , -0.0903 , 0.3871 , 0.1263 , 0.0825 , -0.2765 , 0.8566 , 0.8959 , -18.2908 , -4.2755 , 18.7839
7 , -0.5842 , 2.8730 , 8.1798 , -0.8448 , 3.0328 , 9.2876 , -0.7030 , -0.1511 , 0.0891 , 0.2606 , -0.1597 , -1.1078 , 0.8900 , -18.0144 , -5.1975 , 18.7492
6 , -0.4872 , 2.3870 , 9.3374 , -0.4387 , 2.5933 , 9.4474 , 0.1943 , -0.0839 , 0.0090 , -0.0486 , -0.2063 , -0.1100 , 0.8929 , -15.3341 , -2.6585 , 15.5628
8 , -0.3735 , 2.7354 , 9.6977 , -0.5476 , 2.5870 , 9.4434 , -0.0867 , 0.2179 , 0.2002 , 0.1741 , 0.1483 , 0.2543 , 0.8950 , -15.2959 , -3.3185 , 15.6518
10 , -1.7825 , 3.5590 , 8.2875 , -0.8932 , 3.3550 , 9.1715 , -0.4526 , -0.0882 , 0.1740 , -0.8892 , 0.2039 , -0.8840 , 0.8557 , -20.0060 , -5.5627 , 20.7650
10 , -0.3519 , 3.0718 , 9.3829 , -0.3712 , 3.4651 , 9.1666 , -0.5210 , -0.3405 , 0.6211 , 0.0193 , -0.3933 , 0.2163 , 0.8488 , -20.6918 , -2.3192 , 20.8213
10 , -2.4600 , 2.6169 , 8.8071 , -0.7415 , 3.2888 , 9.2089 , -0.4544 , -0.0637 , 0.5063 , -1.7185 , -0.6720 , -0.4018 , 0.8628 , -19.5950 , -4.6038 , 20.1285
5 , -0.2670 , 2.3008 , 9.5612 , -0.0304 , 2.7455 , 9.4144 , 0.0599 , 0.5435 , 0.3597 , -0.2366 , -0.4447 , 0.1468 , 0.8951 , -16.2583 , -0.1849 , 16.2593
1 , -1.5095 , 4.6902 , 9.9252 , -2.2429 , 3.8278 , 8.7457 , -0.1514 , 0.6186 , -0.4852 , 0.7334 , 0.8624 , 1.1795 , 0.9066 , -22.9749 , -14.3841 , 27.1063
6 , -1.2198 , 2.5570 , 9.5301 , -1.3338 , 2.6702 , 9.3414 , -0.0488 , 0.0096 , -0.0600 , 0.1139 , -0.1131 , 0.1887 , 0.8991 , -15.8000 , -8.1259 , 17.7671
9 , -0.6333 , 2.4732 , 6.8354 , -1.1757 , 2.7826 , 9.3298 , -0.3084 , -0.5909 , -0.1302 , 0.5424 , -0.3094 , -2.4944 , 0.8905 , -16.4841 , -7.1822 , 17.9808
1 , -0.8236 , 5.0218 , 6.5721 , -1.8582 , 3.8310 , 8.8341 , -0.1832 , -0.1474 , -0.0911 , 1.0346 , 1.1909 , -2.2620 , 0.9094 , -22.9949 , -11.8785 , 25.8818
2 , -0.9290 , 3.7409 , 9.5876 , -1.2561 , 3.2177 , 9.1782 , -0.0946 , -0.0766 , -0.1235 , 0.3271 , 0.5232 , 0.4094 , 0.9017 , -19.1543 , -7.7928 , 20.6789
1 , -0.9517 , 4.3203 , 8.9807 , -1.4770 , 3.8831 , 8.8832 , -0.1368 , -0.1230 , -0.1101 , 0.5253 , 0.4372 , 0.0975 , 0.9055 , -23.3262 , -9.4400 , 25.1640
9 , -0.6512 , 3.0909 , 9.8426 , -0.7551 , 2.6589 , 9.4091 , -0.3212 , 0.3480 , 0.0903 , 0.1039 , 0.4320 , 0.4335 , 0.8844 , -15.7316 , -4.5884 , 16.3870
5 , -0.6596 , 3.2214 , 9.5253 , -0.7299 , 2.8555 , 9.3533 , 0.0117 , -0.0039 , -0.0685 , 0.0703 , 0.3659 , 0.1721 , 0.8910 , -16.9287 , -4.4624 , 17.5070
3 , -0.6536 , 3.5530 , 9.8078 , -0.8677 , 2.8409 , 9.3459 , -0.1704 , 0.1385 , -0.0123 , 0.2141 , 0.7121 , 0.4619 , 0.8944 , -16.8397 , -5.3043 , 17.6554
3 , -1.1073 , 2.6719 , 9.8940 , -0.9189 , 2.8792 , 9.3293 , -0.0561 , 0.2105 , 0.1611 , -0.1885 , -0.2072 , 0.5647 , 0.8900 , -17.0732 , -5.6250 , 17.9759
1 , -2.5462 , 4.1563 , 8.6898 , -1.8912 , 3.8582 , 8.8152 , -0.4782 , -0.0155 , -0.0264 , -0.6550 , 0.2981 , -0.1254 , 0.8951 , -23.1682 , -12.1088 , 26.1417
7 , -1.3767 , 2.7366 , 10.1813 , -1.1339 , 2.9646 , 9.2788 , -0.3530 , -0.2726 , -0.1156 , -0.2428 , -0.2281 , 0.9026 , 0.8809 , -17.5963 , -6.9669 , 18.9253
1 , -2.4265 , 3.2789 , 8.9603 , -1.8675 , 3.4670 , 8.9813 , -0.0861 , 0.2240 , -0.1608 , -0.5591 , -0.1881 , -0.0210 , 0.8947 , -20.7035 , -11.7460 , 23.8035
4 , -0.7829 , 4.1037 , 8.7329 , -1.5031 , 3.4036 , 9.0734 , -0.3781 , 0.1458 , -0.1241 , 0.7202 , 0.7000 , -0.3405 , 0.8975 , -20.3085 , -9.4062 , 22.3810
6 , -0.6883 , 3.3555 , 10.0090 , -1.1242 , 2.7132 , 9.3565 , -0.1429 , 0.0835 , -0.1241 , 0.4359 , 0.6422 , 0.6524 , 0.8933 , -16.0618 , -6.8516 , 17.4621
4 , -0.9744 , 4.4592 , 8.2600 , -1.4515 , 3.4484 , 9.0649 , -0.3756 , -0.0051 , -0.2066 , 0.4770 , 1.0108 , -0.8049 , 0.8890 , -20.5874 , -9.0971 , 22.5077
4 , -0.7183 , 3.6152 , 9.2356 , -1.2605 , 3.1333 , 9.2067 , -0.3316 , 0.2270 , -0.2292 , 0.5423 , 0.4819 , 0.0289 , 0.8993 , -18.6332 , -7.7961 , 20.1984
1 , -1.2390 , 4.4784 , 7.5992 , -1.7620 , 3.8326 , 8.8531 , -0.1826 , -0.1841 , -0.1693 , 0.5230 , 0.6458 , -1.2539 , 0.8988 , -23.0050 , -11.2565 , 25.6113
10 , -1.6951 , 3.9217 , 9.1040 , -1.2442 , 3.6550 , 9.0146 , -0.7403 , -0.0845 , 0.1831 , -0.4509 , 0.2667 , 0.0893 , 0.8389 , -21.8823 , -7.8583 , 23.2506
2 , -0.6201 , 3.8654 , 10.7967 , -1.3550 , 2.9938 , 9.2397 , 0.1033 , 0.3303 , -0.0356 , 0.7349 , 0.8716 , 1.5570 , 0.8934 , -17.7753 , -8.3429 , 19.6358
4 , -1.4820 , 3.3184 , 8.2073 , -1.6385 , 3.1261 , 9.1495 , -0.1392 , 0.0969 , -0.1028 , 0.1565 , 0.1923 , -0.9422 , 0.8918 , -18.5887 , -10.1531 , 21.1808
8 , -1.6436 , 3.1388 , 8.6969 , -1.4736 , 3.1773 , 9.1599 , -0.4379 , -0.0515 , 0.0457 , -0.1700 , -0.0385 , -0.4629 , 0.8739 , -18.9047 , -9.1394 , 20.9980
1 , -2.0734 , 4.7800 , 5.8909 , -2.1825 , 3.8657 , 8.7443 , -0.1979 , -0.1541 , 0.0402 , 0.1092 , 0.9144 , -2.8534 , 0.8956 , -23.2153 , -14.0143 , 27.1174
5 , -0.6381 , 3.9313 , 9.8102 , -1.5399 , 3.3788 , 9.0765 , 0.0434 , 0.1598 , -0.1247 , 0.9018 , 0.5524 , 0.7338 , 0.8988 , -20.1540 , -9.6290 , 22.3361
1 , -1.0044 , 4.3239 , 9.6175 , -1.6976 , 3.8216 , 8.8704 , -0.0262 , 0.1018 , -0.0502 , 0.6932 , 0.5024 , 0.7471 , 0.9036 , -22.9352 , -10.8342 , 25.3654
9 , -0.5411 , 2.6983 , 7.9895 , -0.8120 , 2.6997 , 9.3927 , -0.1087 , 0.0884 , -0.0630 , 0.2709 , -0.0014 , -1.4032 , 0.8796 , -15.9792 , -4.9411 , 16.7258
3 , -0.9313 , 3.4500 , 9.4858 , -1.1980 , 3.0244 , 9.2514 , 0.0349 , 0.0316 , -0.0392 , 0.2666 , 0.4257 , 0.2344 , 0.8818 , -17.9627 , -7.3782 , 19.4190
8 , -1.9489 , 4.2689 , 7.8123 , -1.7267 , 3.6280 , 8.9458 , 0.1455 , 0.0780 , -0.0111 , -0.2221 , 0.6409 , -1.1335 , 0.8754 , -21.7125 , -10.9251 , 24.3062
8 , -1.6065 , 3.7481 , 9.7516 , -1.1663 , 3.6139 , 9.0416 , 0.0337 , 0.0749 , 0.1190 , -0.4402 , 0.1343 , 0.7100 , 0.8811 , -21.6238 , -7.3500 , 22.8389
3 , -0.7278 , 3.2334 , 11.3485 , -0.7065 , 3.0617 , 9.2896 , 0.0599 , 0.2955 , 0.0213 , -0.0213 , 0.1717 , 2.0589 , 0.8858 , -18.1921 , -4.3491 , 18.7048
2 , -2.0518 , 2.5738 , 10.1239 , -1.2756 , 3.2474 , 9.1650 , 0.1858 , 0.4970 , -0.0893 , -0.7763 , -0.6737 , 0.9589 , 0.8870 , -19.3383 , -7.9233 , 20.8985
7 , -1.0906 , 2.8647 , 8.5126 , -1.2838 , 2.7116 , 9.3365 , -0.3738 , 0.3712 , -0.1803 , 0.1933 , 0.1531 , -0.8239 , 0.8927 , -16.0516 , -7.8295 , 17.8593
6 , -1.2605 , 2.0614 , 8.8657 , -0.9022 , 2.7633 , 9.3659 , -0.3084 , 0.3174 , 0.1245 , -0.3584 , -0.7019 , -0.5002 , 0.8860 , -16.3666 , -5.5020 , 17.2667
1 , -2.6779 , 3.6536 , 7.4855 , -2.4163 , 3.6879 , 8.7596 , -0.1392 , 0.1415 , 0.0542 , -0.2616 , -0.0343 , -1.2742 , 0.8940 , -22.0897 , -15.4215 , 26.9403
10 , -1.0080 , 1.8148 , 9.8964 , -0.5204 , 2.5761 , 9.4479 , -0.3530 , 0.2918 , 0.2210 , -0.4876 , -0.7613 , 0.4485 , 0.8569 , -15.2298 , -3.1524 , 15.5527
7 , -1.4497 , 2.9042 , 10.3908 , -1.8629 , 2.6156 , 9.2660 , -0.4691 , 0.2417 , 0.1013 , 0.4132 , 0.2886 , 1.1248 , 0.8977 , -15.4687 , -11.3675 , 19.1964
6 , -1.0906 , 2.5941 , 10.2580 , -1.0452 , 2.7687 , 9.3495 , -0.1392 , 0.1091 , 0.0194 , -0.0454 , -0.1745 , 0.9085 , 0.8998 , -16.3990 , -6.3785 , 17.5958
3 , -0.1221 , 3.2920 , 9.0872 , -0.5257 , 2.9229 , 9.3462 , -0.1252 , 0.1678 , -0.1034 , 0.4036 , 0.3691 , -0.2590 , 0.9023 , -17.3407 , -3.2193 , 17.6370
6 , 0.0323 , 3.5482 , 9.0836 , -0.5439 , 2.9996 , 9.3208 , -0.0677 , 0.0077 , -0.0655 , 0.5762 , 0.5486 , -0.2372 , 0.9026 , -17.8110 , -3.3398 , 18.1215
6 , 0.0910 , 3.4644 , 9.6307 , -0.4611 , 3.0986 , 9.2928 , -0.1203 , -0.1199 , 0.0487 , 0.5521 , 0.3658 , 0.3379 , 0.9016 , -18.4195 , -2.8408 , 18.6372
6 , -0.5160 , 3.1759 , 10.2651 , -0.8107 , 3.1149 , 9.2634 , -0.3121 , 0.4793 , -0.0722 , 0.2948 , 0.0610 , 1.0017 , 0.8980 , -18.5196 , -5.0017 , 19.1831
1 , -2.2889 , 4.1240 , 8.4982 , -2.2861 , 3.7801 , 8.7553 , -0.2205 , 0.3480 , -0.0148 , -0.0028 , 0.3439 , -0.2571 , 0.9078 , -22.6726 , -14.6336 , 26.9850
10 , -1.7633 , 1.1899 , 10.9918 , -0.5961 , 2.3657 , 9.4984 , -0.2406 , 0.0957 , 0.2766 , -1.1672 , -1.1758 , 1.4934 , 0.8466 , -13.9592 , -3.5910 , 14.4137
10 , -0.7829 , 2.6408 , 8.7496 , -0.3916 , 3.2908 , 9.2297 , -0.8564 , 0.5453 , 0.1544 , -0.3913 , -0.6500 , -0.4801 , 0.8517 , -19.6068 , -2.4297 , 19.7568
4 , -1.5646 , 3.4752 , 8.6969 , -1.7978 , 3.3645 , 9.0343 , -0.2394 , 0.2331 , -0.0325 , 0.2332 , 0.1107 , -0.3374 , 0.8955 , -20.0647 , -11.2547 , 23.0057
3 , -0.9421 , 3.0849 , 9.4272 , -1.0446 , 3.1199 , 9.2382 , -0.0751 , 0.1788 , -0.0356 , 0.1025 , -0.0350 , 0.1889 , 0.8921 , -18.5509 , -6.4512 , 19.6406
7 , -1.5670 , 3.1975 , 10.2173 , -1.3844 , 3.0443 , 9.2188 , -0.1502 , 0.2686 , 0.0188 , -0.1826 , 0.1531 , 0.9985 , 0.8887 , -18.0856 , -8.5405 , 20.0007
5 , -0.8990 , 3.1388 , 10.8553 , -1.3692 , 2.7766 , 9.3052 , -0.0519 , 0.6809 , 0.0041 , 0.4702 , 0.3622 , 1.5501 , 0.8944 , -16.4475 , -8.3705 , 18.4550
1 , -2.5857 , 4.1156 , 7.8853 , -2.7805 , 3.6299 , 8.6754 , -0.4110 , -0.3325 , -0.0539 , 0.1948 , 0.4857 , -0.7901 , 0.8986 , -21.7246 , -17.7709 , 28.0671
9 , -1.4162 , 1.8304 , 10.3741 , -0.5893 , 2.2738 , 9.5212 , 0.0331 , 0.1934 , 0.2314 , -0.8269 , -0.4435 , 0.8529 , 0.8774 , -13.4069 , -3.5416 , 13.8668
9 , -0.2670 , 3.3232 , 9.8282 , -0.7803 , 2.9234 , 9.3282 , -0.3078 , 0.2008 , -0.1510 , 0.5133 , 0.3997 , 0.5000 , 0.8797 , -17.3440 , -4.7817 , 17.9911
3 , -0.8080 , 3.7972 , 7.5968 , -1.0643 , 3.0590 , 9.2564 , -0.2101 , 0.2313 , -0.1315 , 0.2562 , 0.7382 , -1.6596 , 0.8855 , -18.1757 , -6.5589 , 19.3229
8 , -0.8811 , 2.8012 , 9.1758 , -0.8382 , 3.0241 , 9.2910 , -0.8588 , 0.5587 , -0.0802 , -0.0429 , -0.2229 , -0.1152 , 0.8812 , -17.9614 , -5.1549 , 18.6865
6 , -0.0766 , 3.2010 , 9.8342 , -0.7630 , 3.0691 , 9.2827 , -0.0781 , 0.1892 , -0.1718 , 0.6863 , 0.1319 , 0.5515 , 0.8857 , -18.2379 , -4.6987 , 18.8335
4 , -1.7418 , 3.7721 , 7.1706 , -2.0965 , 3.4705 , 8.9292 , 0.1009 , -0.0210 , 0.0958 , 0.3547 , 0.3016 , -1.7586 , 0.8962 , -20.7253 , -13.2132 , 24.5790
3 , -1.5323 , 3.2801 , 10.4052 , -1.1204 , 3.1468 , 9.2202 , -0.0085 , 0.3095 , -0.0887 , -0.4119 , 0.1333 , 1.1850 , 0.8879 , -18.7162 , -6.9284 , 19.9574
9 , -1.6436 , 3.0143 , 10.2220 , -1.1040 , 2.8459 , 9.3195 , -0.1557 , 0.3535 , -0.1095 , -0.5396 , 0.1684 , 0.9026 , 0.8852 , -16.8697 , -6.7562 , 18.1723
7 , -1.6843 , 2.8886 , 11.0744 , -1.4627 , 2.7284 , 9.3052 , -0.2748 , 0.4402 , -0.1718 , -0.2216 , 0.1602 , 1.7692 , 0.8869 , -16.1541 , -8.9334 , 18.4597
6 , -1.2725 , 3.2513 , 8.9388 , -1.2269 , 3.1302 , 9.2123 , -0.2657 , 0.1849 , -0.0539 , -0.0456 , 0.1211 , -0.2736 , 0.8852 , -18.6142 , -7.5861 , 20.1007
6 , -0.6452 , 2.9592 , 9.9719 , -0.9949 , 3.0747 , 9.2589 , -0.1038 , 0.1146 , -0.0753 , 0.3497 , -0.1155 , 0.7130 , 0.8888 , -18.2723 , -6.1334 , 19.2742
1 , -2.5187 , 4.6244 , 6.3578 , -2.5658 , 4.0165 , 8.5706 , -0.2088 , -0.2629 , 0.0066 , 0.0471 , 0.6079 , -2.2128 , 0.9059 , -24.1777 , -16.6660 , 29.3652
5 , -1.0415 , 3.3399 , 10.7739 , -1.1837 , 3.1325 , 9.2172 , -0.1465 , 0.3645 , 0.0829 , 0.1422 , 0.2075 , 1.5567 , 0.9012 , -18.6280 , -7.3180 , 20.0139
5 , -1.4676 , 5.1296 , 7.5489 , -1.0864 , 5.4190 , 8.1009 , -0.0738 , 0.1983 , -0.0191 , -0.3812 , -0.2894 , -0.5520 , 0.8656 , -33.5446 , -7.6386 , 34.4033
5 , -0.8799 , 5.3115 , 6.5829 , -0.4397 , 4.8816 , 8.4939 , 0.0923 , 0.1715 , -0.0056 , -0.4402 , 0.4299 , -1.9111 , 0.8868 , -29.8535 , -2.9632 , 30.0002
7 , -0.5375 , 5.2924 , 8.7305 , -0.6153 , 5.0471 , 8.3856 , -0.3787 , 0.1067 , 0.5197 , 0.0778 , 0.2453 , 0.3448 , 0.8928 , -30.9746 , -4.1965 , 31.2576
1 , -1.4329 , 5.9711 , 2.3930 , -1.5638 , 5.4425 , 8.0065 , -0.2547 , 0.1299 , -0.0148 , 0.1308 , 0.5286 , -5.6135 , 0.9023 , -33.7096 , -11.0514 , 35.4749
8 , 0.4465 , 4.3359 , 10.9032 , -0.1177 , 4.0241 , 8.9422 , -0.1838 , 0.2124 , -0.0178 , 0.5642 , 0.3118 , 1.9610 , 0.8879 , -24.2264 , -0.7542 , 24.2381
4 , -1.5526 , 4.4149 , 8.3222 , -1.1944 , 4.7279 , 8.5083 , -0.0152 , 0.2307 , 0.1269 , -0.3583 , -0.3130 , -0.1860 , 0.9026 , -28.8236 , -7.9908 , 29.9108
7 , -0.0706 , 4.3646 , 10.5991 , -0.5822 , 4.3884 , 8.7506 , -0.7904 , -0.1114 , 0.0011 , 0.5116 , -0.0237 , 1.8485 , 0.8949 , -26.5826 , -3.8065 , 26.8538
3 , -0.0431 , 4.2988 , 11.1175 , -0.4269 , 4.1828 , 8.8596 , -0.0274 , 0.3120 , -0.0496 , 0.3838 , 0.1160 , 2.2579 , 0.8967 , -25.2471 , -2.7584 , 25.3973
5 , -0.1257 , 3.8331 , 9.6103 , -0.2416 , 4.1196 , 8.8961 , -0.6065 , 0.3071 , 0.1789 , 0.1159 , -0.2865 , 0.7142 , 0.8941 , -24.8399 , -1.5554 , 24.8885
9 , -0.2358 , 2.8886 , 9.5636 , -0.5346 , 3.0469 , 9.3060 , -0.4269 , 0.0010 , -0.2854 , 0.2988 , -0.1583 , 0.2577 , 0.9072 , -18.1015 , -3.2878 , 18.3977
7 , -0.6117 , 4.6400 , 9.0728 , -0.7468 , 4.5463 , 8.6570 , -0.8551 , 0.1776 , -0.0997 , 0.1350 , 0.0937 , 0.4158 , 0.8848 , -27.6189 , -4.9302 , 28.0555
4 , -2.0901 , 4.4915 , 4.2868 , -1.2726 , 4.9582 , 8.3646 , -1.0525 , 0.2545 , 0.2131 , -0.8175 , -0.4667 , -4.0778 , 0.8949 , -30.3709 , -8.6509 , 31.5789
10 , -0.8954 , 2.3942 , 9.2536 , -0.8359 , 2.6152 , 9.4145 , -0.0720 , 0.0914 , -0.0020 , -0.0595 , -0.2210 , -0.1609 , 0.8941 , -15.4665 , -5.0741 , 16.2776
7 , -0.8045 , 3.8990 , 5.8466 , -1.0954 , 3.6377 , 9.0409 , -0.3402 , -0.0790 , -0.1021 , 0.2910 , 0.2613 , -3.1942 , 0.8918 , -21.7737 , -6.9084 , 22.8434
10 , -1.2737 , 2.2278 , 8.7436 , -0.9032 , 2.6128 , 9.4089 , -0.6334 , 0.2264 , 0.2442 , -0.3705 , -0.3849 , -0.6653 , 0.8871 , -15.4517 , -5.4832 , 16.3958
4 , -0.9002 , 3.9492 , 7.2520 , -1.4983 , 3.7242 , 8.9474 , 0.0361 , 0.3358 , 0.6205 , 0.5980 , 0.2250 , -1.6953 , 0.9053 , -22.3192 , -9.5062 , 24.2593
8 , -0.3591 , 3.8271 , 9.3362 , -0.6333 , 3.3988 , 9.1770 , -0.5632 , 0.1305 , -0.0032 , 0.2741 , 0.4283 , 0.1592 , 0.8937 , -20.2783 , -3.9474 , 20.6589
9 , 0.0275 , 2.8778 , 10.1155 , -0.5877 , 3.0229 , 9.3106 , -0.2241 , -0.1413 , -0.2738 , 0.6153 , -0.1451 , 0.8049 , 0.8936 , -17.9540 , -3.6120 , 18.3137
3 , -0.4764 , 3.6931 , 8.9435 , -0.6371 , 3.4502 , 9.1575 , -0.0928 , 0.0975 , 0.0829 , 0.1606 , 0.2428 , -0.2140 , 0.8904 , -20.5990 , -3.9796 , 20.9799
5 , -0.4118 , 3.5446 , 9.2380 , -0.5461 , 3.3056 , 9.2166 , -0.1123 , 0.1403 , 0.0286 , 0.1343 , 0.2390 , 0.0215 , 0.8933 , -19.6990 , -3.3911 , 19.9887
7 , -0.4992 , 3.3327 , 9.6786 , -0.7823 , 3.1843 , 9.2422 , -0.4697 , 0.3773 , -0.0240 , 0.2831 , 0.1485 , 0.4363 , 0.8970 , -18.9477 , -4.8380 , 19.5556
9 , -0.8727 , 3.2573 , 7.9930 , -1.1441 , 2.7039 , 9.3569 , -0.3738 , -0.0906 , -0.1431 , 0.2714 , 0.5535 , -1.3638 , 0.9045 , -16.0047 , -6.9710 , 17.4570
2 , -0.3711 , 4.6687 , 8.0206 , -0.9807 , 3.7388 , 9.0127 , -0.2589 , -0.0961 , 0.0781 , 0.6096 , 0.9299 , -0.9922 , 0.8942 , -22.4115 , -6.2102 , 23.2560
9 , -0.9900 , 1.8854 , 9.4403 , -0.9020 , 2.3801 , 9.4706 , -0.2840 , 0.0010 , -0.0478 , -0.0880 , -0.4946 , -0.0303 , 0.9062 , -14.0458 , -5.4403 , 15.0626
2 , -1.0080 , 4.3694 , 6.3243 , -1.1631 , 3.4841 , 9.0928 , -0.2412 , 0.2918 , -0.1046 , 0.1551 , 0.8853 , -2.7685 , 0.8982 , -20.8105 , -7.2891 , 22.0501
8 , -0.9768 , 1.8627 , 9.1231 , -0.9229 , 2.4744 , 9.4444 , -0.2889 , 0.1934 , 0.1886 , -0.0539 , -0.6117 , -0.3213 , 0.9064 , -14.6149 , -5.5812 , 15.6443
6 , -0.9744 , 2.3367 , 10.2388 , -0.8152 , 2.0049 , 9.5648 , -0.0231 , 0.0798 , -0.0948 , -0.1593 , 0.3318 , 0.6740 , 0.9116 , -11.7969 , -4.8713 , 12.7631
4 , -1.1360 , 3.0969 , 8.3438 , -1.2052 , 3.5703 , 9.0538 , 0.1998 , 0.1055 , 0.1202 , 0.0691 , -0.4734 , -0.7100 , 0.9000 , -21.3505 , -7.5823 , 22.6570
1 , -2.7593 , 4.6232 , 6.4260 , -2.1255 , 4.4381 , 8.4827 , -0.1649 , -0.0607 , 0.1398 , -0.6338 , 0.1851 , -2.0566 , 0.8964 , -26.9083 , -14.0671 , 30.3634
10 , -1.7178 , 4.4903 , 8.9759 , -1.4018 , 4.4815 , 8.6094 , -0.2229 , 0.0646 , 0.0500 , -0.3160 , 0.0088 , 0.3665 , 0.8653 , -27.1927 , -9.2478 , 28.7222
1 , -2.1045 , 5.9735 , 7.5094 , -2.6624 , 5.7952 , 7.4497 , -0.0586 , 0.3675 , -0.0734 , 0.5579 , 0.1784 , 0.0597 , 0.8700 , -36.2239 , -19.6662 , 41.2181
10 , -1.1241 , 4.5238 , 8.1056 , -0.5698 , 4.4646 , 8.7128 , 0.0636 , -0.0674 , 0.2827 , -0.5542 , 0.0592 , -0.6072 , 0.8656 , -27.0819 , -3.7420 , 27.3392
5 , -0.5590 , 4.7321 , 9.3841 , -0.4341 , 4.8326 , 8.5222 , -0.5027 , 0.1635 , 0.0280 , -0.1249 , -0.1005 , 0.8619 , 0.8664 , -29.5242 , -2.9163 , 29.6679
5 , -0.1796 , 4.4772 , 9.9048 , -0.4375 , 4.1641 , 8.8679 , -0.2369 , 0.2105 , -0.0246 , 0.2580 , 0.3131 , 1.0369 , 0.8779 , -25.1265 , -2.8246 , 25.2847
1 , -3.2082 , 3.7565 , 9.7013 , -2.4061 , 3.9937 , 8.6274 , 0.0856 , 0.0951 , 0.2045 , -0.8022 , -0.2372 , 1.0739 , 0.8987 , -24.0320 , -15.5831 , 28.6421
10 , -1.1289 , 2.3715 , 10.3956 , -0.6536 , 2.8526 , 9.3598 , -0.6749 , 0.2393 , 0.0976 , -0.4753 , -0.4812 , 1.0358 , 0.8603 , -16.9111 , -3.9944 , 17.3765
2 , -1.2186 , 3.2753 , 9.5505 , -0.7019 , 3.6219 , 9.0862 , 0.0538 , 0.2606 , 0.1208 , -0.5168 , -0.3466 , 0.4642 , 0.8754 , -21.6742 , -4.4170 , 22.1197
9 , -1.4138 , 2.7294 , 9.6127 , -0.9103 , 2.7970 , 9.3551 , -0.3952 , -0.2305 , 0.0200 , -0.5035 , -0.0676 , 0.2576 , 0.8864 , -16.5719 , -5.5576 , 17.4790