9 , -0.4788 , 4.7609 , 8.7472 , -0.5263 , 4.7354 , 8.5714 , 0.4869 , -0.1505 , -0.0007 , 0.0474 , 0.0255 , 0.1758 , 0.7862 , -28.8733 , -3.5134 , 29.0863
8 , -0.5734 , 4.8662 , 11.3054 , -1.0899 , 4.8743 , 8.4394 , -0.1081 , -0.3905 , 0.0365 , 0.5165 , -0.0080 , 2.8660 , 0.8045 , -29.8040 , -7.3590 , 30.6991
5 , -1.7873 , 5.6958 , 5.2206 , -1.6432 , 5.6408 , 7.8519 , -0.1600 , 0.2759 , 0.0982 , -0.1441 , 0.0550 , -2.6313 , 0.7989 , -35.1137 , -11.8201 , 37.0498
2 , -2.1476 , 7.7764 , 5.8035 , -2.0615 , 6.6718 , 6.8853 , 0.3641 , 0.7438 , 0.2815 , -0.0861 , 1.1046 , -1.0818 , 0.7806 , -42.8697 , -16.6681 , 45.9961
9 , -0.2059 , 6.0992 , 3.7733 , -0.0813 , 5.8145 , 7.8966 , -0.1184 , -1.5109 , 0.1624 , -0.1246 , 0.2848 , -4.1233 , 0.7824 , -36.3638 , -0.5902 , 36.3685
8 , -0.3723 , 5.7916 , 8.7089 , -0.5561 , 5.3991 , 8.1677 , -0.4184 , 0.2374 , 0.0347 , 0.1838 , 0.3925 , 0.5412 , 0.8021 , -33.4052 , -3.8947 , 33.6315
7 , -0.8284 , 5.0889 , 8.0984 , -0.8437 , 3.9219 , 8.9486 , -0.2699 , 0.4543 , 0.0158 , 0.0153 , 1.1670 , -0.8502 , 0.8282 , -23.5733 , -5.3860 , 24.1808
4 , -1.6807 , 3.6129 , 8.5653 , -1.5065 , 3.6433 , 8.9792 , -0.7476 , 0.6174 , 0.0927 , -0.1742 , -0.0305 , -0.4140 , 0.8237 , -21.8093 , -9.5243 , 23.7983
1 , -3.1340 , 3.6955 , 10.5321 , -2.2515 , 4.1416 , 8.5993 , -0.2944 , 0.6180 , 0.0628 , -0.8825 , -0.4461 , 1.9328 , 0.8234 , -24.9815 , -14.6720 , 28.9714
7 , -1.9501 , 3.0981 , 9.0812 , -1.0130 , 3.4119 , 9.1380 , -0.5448 , 1.0358 , -0.4491 , -0.9371 , -0.3138 , -0.0568 , 0.8088 , -20.3601 , -6.3257 , 21.3202
6 , 0.2777 , 3.3974 , 10.6063 , 0.1266 , 2.3256 , 9.5261 , 0.0893 , 0.3113 , -0.0643 , 0.1512 , 1.0717 , 1.0803 , 0.8345 , -13.7184 , 0.7612 , 13.7395
10 , -1.0810 , 2.6695 , 8.7520 , -0.2616 , 2.4526 , 9.4914 , -0.0537 , -0.5048 , 0.3505 , -0.8194 , 0.2169 , -0.7394 , 0.7829 , -14.4835 , -1.5787 , 14.5692
1 , -2.7162 , 4.2389 , 10.8050 , -2.0232 , 3.9855 , 8.7289 , -0.3267 , 0.1140 , -0.2402 , -0.6931 , 0.2535 , 2.0762 , 0.8081 , -23.9792 , -13.0495 , 27.3001
3 , 0.1520 , 2.2972 , 10.2125 , -0.2205 , 2.3981 , 9.5064 , 0.0056 , -0.5756 , -0.2323 , 0.3725 , -0.1009 , 0.7061 , 0.8228 , -14.1548 , -1.3287 , 14.2170
3 , 0.6393 , 3.3040 , 9.7803 , -0.1878 , 2.3446 , 9.5204 , 0.1583 , -0.4883 , -0.0325 , 0.8271 , 0.9594 , 0.2599 , 0.8313 , -13.8325 , -1.1303 , 13.8786
6 , 1.4784 , 2.8838 , 9.8988 , -0.0889 , 2.4564 , 9.4936 , 0.0349 , -0.5072 , 0.6230 , 1.5673 , 0.4274 , 0.4052 , 0.8046 , -14.5060 , -0.5364 , 14.5159
7 , -1.4006 , 3.2046 , 10.1634 , -1.6464 , 3.0756 , 9.1652 , -0.2962 , 0.7499 , -0.0881 , 0.2458 , 0.1291 , 0.9982 , 0.7891 , -18.2776 , -10.1837 , 20.9232
4 , -0.7506 , 3.2813 , 8.6347 , -1.8438 , 2.7086 , 9.2431 , 0.0911 , -0.3441 , 0.1294 , 1.0933 , 0.5727 , -0.6084 , 0.8140 , -16.0335 , -11.2814 , 19.6047
4 , -1.5957 , 2.7378 , 12.0704 , -2.0913 , 2.6781 , 9.1992 , -0.0531 , 0.5844 , -0.1620 , 0.4955 , 0.0597 , 2.8712 , 0.8147 , -15.8482 , -12.8074 , 20.3764
3 , 0.3112 , 2.8994 , 9.4487 , -0.9207 , 1.9566 , 9.5653 , 0.6708 , -0.4974 , 0.0548 , 1.2319 , 0.9428 , -0.1166 , 0.8159 , -11.5085 , -5.4978 , 12.7543
2 , -0.3843 , 3.3196 , 11.5975 , -0.3808 , 2.8044 , 9.3894 , -0.2767 , 0.4243 , -0.0624 , -0.0035 , 0.5152 , 2.2081 , 0.8216 , -16.6165 , -2.3222 , 16.7780
5 , -0.6500 , 3.1292 , 10.7009 , -0.3887 , 2.1755 , 9.5544 , 0.1155 , 0.7994 , 0.1361 , -0.2613 , 0.9537 , 1.1465 , 0.8228 , -12.8170 , -2.3300 , 13.0270
10 , -0.3017 , 1.7897 , 10.5177 , -0.2821 , 1.8571 , 9.6251 , -0.1930 , 0.2222 , 0.2057 , -0.0195 , -0.0674 , 0.8927 , 0.7904 , -10.9159 , -1.6790 , 11.0443
8 , -0.8332 , 3.3064 , 9.9635 , 0.0670 , 2.8295 , 9.3894 , 0.3263 , 0.3840 , 0.4476 , -0.9002 , 0.4769 , 0.5741 , 0.7974 , -16.7697 , 0.4087 , 16.7747
8 , 0.9337 , 3.9768 , 10.8266 , -0.1100 , 2.5891 , 9.4581 , 0.0459 , 0.2307 , -0.1803 , 1.0438 , 1.3877 , 1.3685 , 0.8181 , -15.3082 , -0.6665 , 15.3227
1 , -3.0107 , 2.3367 , 2.2757 , -2.1991 , 2.9782 , 9.0810 , -0.3286 , -0.3759 , 0.0335 , -0.8116 , -0.6415 , -6.8053 , 0.8203 , -17.6796 , -13.6129 , 22.3132
6 , 1.3958 , 4.7369 , 13.6697 , -0.4325 , 2.3537 , 9.5102 , -0.0048 , 0.6070 , -0.1809 , 1.8283 , 2.3832 , 4.1595 , 0.8028 , -13.8872 , -2.6041 , 14.1292
3 , 0.8392 , 3.6200 , 9.7707 , 0.0170 , 2.8939 , 9.3699 , -0.2705 , -0.1065 , -0.0612 , 0.8222 , 0.7261 , 0.4008 , 0.8079 , -17.1634 , 0.1039 , 17.1637
1 , -1.1121 , 4.3167 , 5.6036 , -2.6138 , 3.9365 , 8.5931 , -0.1227 , -0.2592 , -0.3923 , 1.5017 , 0.3802 , -2.9895 , 0.8071 , -23.6667 , -16.9183 , 29.0919
1 , -2.8168 , 3.5985 , 7.4735 , -2.6431 , 3.5174 , 8.7643 , -0.1472 , 0.2490 , 0.1996 , -0.1737 , 0.0811 , -1.2908 , 0.8109 , -21.0187 , -16.7819 , 26.8964
9 , -0.4968 , 3.7421 , 6.3913 , -0.7671 , 2.0123 , 9.5673 , 0.4405 , -1.0985 , 0.2595 , 0.2703 , 1.7298 , -3.1759 , 0.7528 , -11.8413 , -4.5841 , 12.6976
9 , -0.4561 , 0.9637 , 10.0975 , -0.1814 , 1.8172 , 9.6351 , 0.0660 , -0.1847 , -0.3752 , -0.2747 , -0.8536 , 0.4624 , 0.7620 , -10.6791 , -1.0784 , 10.7334
2 , -0.7434 , 3.5865 , 8.5844 , -0.8465 , 3.0509 , 9.2815 , -0.1386 , 0.1134 , -0.0154 , 0.1031 , 0.5356 , -0.6971 , 0.8218 , -18.1261 , -5.2111 , 18.8603
9 , 1.0080 , 2.6097 , 9.4643 , -0.5644 , 2.2681 , 9.5241 , -0.0146 , -0.1877 , 0.1343 , 1.5724 , 0.3416 , -0.0598 , 0.7389 , -13.3724 , -3.3917 , 13.7958
10 , -0.1161 , 2.0686 , 8.0074 , -0.4292 , 1.9986 , 9.5912 , -0.0885 , 0.0395 , 0.0054 , 0.3131 , 0.0700 , -1.5838 , 0.7717 , -11.7591 , -2.5623 , 12.0351
1 , -1.0463 , 4.4137 , 9.8378 , -2.0821 , 3.9322 , 8.7392 , -0.0824 , -0.5213 , -0.0484 , 1.0358 , 0.4815 , 1.0986 , 0.8166 , -23.6389 , -13.4007 , 27.1730
1 , -3.7828 , 3.4884 , 9.3709 , -2.6227 , 3.4829 , 8.7842 , -0.1850 , 0.3205 , -0.0637 , -1.1601 , 0.0055 , 0.5868 , 0.8135 , -20.8029 , -16.6242 , 26.6294
6 , -1.3001 , 1.8591 , 10.9547 , -0.1061 , 2.0429 , 9.5909 , -0.0561 , 0.7035 , 0.6724 , -1.1940 , -0.1838 , 1.3637 , 0.7820 , -12.0237 , -0.6336 , 12.0404
2 , 1.0774 , 4.8902 , 10.3693 , -0.2656 , 3.4111 , 9.1904 , -0.0494 , 0.2948 , 0.0005 , 1.3430 , 1.4791 , 1.1788 , 0.8089 , -20.3550 , -1.6556 , 20.4222
9 , -0.6093 , 3.1939 , 9.3625 , -0.7828 , 2.0678 , 9.5542 , -0.4880 , -0.7436 , 0.3151 , 0.1735 , 1.1261 , -0.1916 , 0.7590 , -12.1726 , -4.6839 , 13.0427
3 , 0.9864 , 4.3646 , 9.8641 , -0.3462 , 2.8044 , 9.3907 , 0.1613 , -0.0882 , -0.4693 , 1.3326 , 1.5602 , 0.4734 , 0.8289 , -16.6170 , -2.1112 , 16.7505
10 , 1.6065 , 3.5997 , 7.7967 , 0.3825 , 2.0325 , 9.5861 , 0.1296 , 0.3248 , -0.4790 , 1.2240 , 1.5671 , -1.7894 , 0.7979 , -11.9619 , 2.2851 , 12.1782
9 , -0.0994 , 2.2972 , 6.3925 , -0.4249 , 2.4118 , 9.4959 , -0.2870 , -0.3875 , -0.0398 , 0.3255 , -0.1146 , -3.1034 , 0.7788 , -14.2373 , -2.5618 , 14.4659
9 , -0.0407 , 2.8359 , 10.0461 , -0.4138 , 2.0391 , 9.5834 , 0.4973 , 0.1049 , 0.3316 , 0.3731 , 0.7969 , 0.4627 , 0.7906 , -12.0009 , -2.4724 , 12.2530
3 , 0.3436 , 4.8507 , 9.7193 , -0.2798 , 3.1582 , 9.2800 , 0.0660 , -0.0515 , -0.3642 , 0.6233 , 1.6924 , 0.4393 , 0.8202 , -18.7869 , -1.7268 , 18.8661
10 , -1.6029 , 1.4461 , 11.4682 , -0.3529 , 1.7871 , 9.6360 , 0.2004 , -0.4272 , -0.3141 , -1.2500 , -0.3410 , 1.8322 , 0.7868 , -10.4996 , -2.0974 , 10.7071
2 , 0.0419 , 5.0817 , 8.8562 , -1.0424 , 3.4660 , 9.1143 , -0.0531 , 0.3083 , -0.0539 , 1.0843 , 1.6157 , -0.2582 , 0.8389 , -20.6973 , -6.5245 , 21.7014
9 , -0.9708 , 1.6652 , 8.8873 , -0.0453 , 2.1157 , 9.5756 , 0.3202 , -0.1657 , 0.4684 , -0.9255 , -0.4505 , -0.6883 , 0.7760 , -12.4591 , -0.2713 , 12.4621
3 , -0.2705 , 3.4093 , 8.1977 , -0.8452 , 3.2202 , 9.2242 , 0.1406 , -0.4858 , -0.2958 , 0.5746 , 0.1892 , -1.0265 , 0.8344 , -19.1696 , -5.2350 , 19.8716
7 , -0.2574 , 4.0450 , 9.1459 , -1.0360 , 3.0651 , 9.2576 , -0.5540 , 0.5746 , -0.4968 , 0.7786 , 0.9799 , -0.1117 , 0.8065 , -18.2131 , -6.3851 , 19.2999
10 , -1.2103 , 3.3411 , 8.8406 , -1.2691 , 2.0982 , 9.4951 , -0.0525 , -0.0802 , -0.0838 , 0.0588 , 1.2429 , -0.6545 , 0.7920 , -12.3545 , -7.6128 , 14.5116
7 , -2.1476 , 2.3068 , 4.3766 , -1.7451 , 2.8224 , 9.2282 , 0.2945 , 0.6632 , -0.3074 , -0.4025 , -0.5155 , -4.8516 , 0.8176 , -16.7263 , -10.7087 , 19.8606
6 , 1.9034 , 2.2865 , 8.7855 , -0.0803 , 2.2800 , 9.5376 , -0.3011 , 0.1391 , -0.3001 , 1.9837 , 0.0065 , -0.7521 , 0.8159 , -13.4440 , -0.4823 , 13.4526
1 , -2.2051 , 3.2717 , 10.7715 , -2.1439 , 3.4369 , 8.9310 , -0.4770 , 0.6070 , -0.4540 , -0.0612 , -0.1652 , 1.8406 , 0.8145 , -20.5158 , -13.4986 , 24.5583
4 , 0.2179 , 4.5071 , 15.1960 , -1.7067 , 2.9146 , 9.2067 , 0.0166 , 1.5899 , -0.5768 , 1.9246 , 1.5925 , 5.9893 , 0.8133 , -17.2899 , -10.5020 , 20.2294
6 , 0.1820 , 1.4796 , 7.2425 , -0.4217 , 1.8515 , 9.6210 , 0.0844 , -0.5084 , -0.0240 , 0.6037 , -0.3719 , -2.3786 , 0.8299 , -10.8828 , -2.5097 , 11.1684
1 , -2.9532 , 7.7153 , 1.9597 , -2.9990 , 6.6701 , 6.5335 , 0.2133 , 0.5013 , -0.2005 , 0.0457 , 1.0452 , -4.5738 , 0.7690 , -42.8561 , -24.6560 , 49.4425
7 , -1.0307 , 2.7857 , 9.5337 , -1.9139 , 2.2711 , 9.3461 , 0.0715 , -0.2452 , -0.3544 , 0.8832 , 0.5146 , 0.1876 , 0.7752 , -13.3905 , -11.5734 , 17.6989
9 , -0.1772 , 0.6823 , 7.5645 , -0.4547 , 1.3358 , 9.7046 , 0.2572 , -0.1419 , -0.2103 , 0.2775 , -0.6535 , -2.1401 , 0.7954 , -7.8288 , -2.6827 , 8.2757
8 , -0.5183 , 2.4804 , 11.6119 , -0.4381 , 2.1378 , 9.5608 , 0.0966 , 0.2753 , -0.0123 , -0.0803 , 0.3426 , 2.0511 , 0.7937 , -12.5913 , -2.6233 , 12.8617
6 , 0.0156 , 2.8144 , 12.3948 , -0.3163 , 2.3226 , 9.5224 , 0.6451 , -0.0460 , -0.1516 , 0.3319 , 0.4918 , 2.8724 , 0.7915 , -13.7002 , -1.9027 , 13.8317
5 , -0.5890 , 2.9090 , 8.3402 , -0.7349 , 2.9219 , 9.3324 , -0.0677 , -0.3857 , -0.0319 , 0.1459 , -0.0129 , -0.9922 , 0.7989 , -17.3343 , -4.5024 , 17.9095
2 , -0.9828 , 3.5997 , 9.5241 , -1.2476 , 3.1327 , 9.2087 , -0.0439 , -0.0197 , 0.2216 , 0.2647 , 0.4670 , 0.3154 , 0.8072 , -18.6296 , -7.7153 , 20.1640
2 , -0.4908 , 4.7238 , 11.1019 , -0.8389 , 2.9712 , 9.3080 , -0.0751 , -0.2012 , -0.1883 , 0.3481 , 1.7525 , 1.7939 , 0.8149 , -17.6367 , -5.1501 , 18.3733
2 , 1.0403 , 4.0725 , 7.8661 , -0.6369 , 3.0810 , 9.2883 , 0.0538 , 0.3688 , -0.2017 , 1.6772 , 0.9916 , -1.4221 , 0.8191 , -18.3108 , -3.9227 , 18.7263
6 , -0.4190 , 2.2709 , 8.7125 , -0.9590 , 2.2629 , 9.4937 , -0.5607 , 0.4158 , 0.2161 , 0.5400 , 0.0080 , -0.7812 , 0.8214 , -13.3413 , -5.7681 , 14.5349
1 , -2.3691 , 2.1919 , 12.0141 , -2.3468 , 2.7567 , 9.1139 , -0.3298 , 0.7023 , -0.5297 , -0.0223 , -0.5648 , 2.9002 , 0.8112 , -16.3260 , -14.4397 , 21.7955
5 , -1.3695 , 1.5012 , 6.9276 , -1.0855 , 1.9188 , 9.5556 , 0.1461 , 0.4751 , -0.1296 , -0.2840 , -0.4176 , -2.6280 , 0.8051 , -11.2834 , -6.4808 , 13.0121
3 , -0.9146 , 2.7102 , 8.2947 , -0.8202 , 2.8543 , 9.3461 , -0.0244 , -0.0631 , 0.0060 , -0.0944 , -0.1441 , -1.0514 , 0.8071 , -16.9215 , -5.0152 , 17.6491
1 , -2.1596 , 3.7601 , 9.9695 , -2.7719 , 3.2569 , 8.8249 , -0.2931 , 0.9167 , 0.0548 , 0.6124 , 0.5032 , 1.1445 , 0.8175 , -19.3971 , -17.4377 , 26.0830
7 , -0.0922 , 1.9968 , 10.3525 , -0.7879 , 2.8371 , 9.3542 , -0.4856 , 1.6082 , -0.2976 , 0.6957 , -0.8403 , 0.9984 , 0.8022 , -16.8163 , -4.8147 , 17.4920
3 , -0.3519 , 3.2573 , 8.1954 , -1.0381 , 2.6020 , 9.3980 , -0.0586 , 0.6021 , 0.0414 , 0.6862 , 0.6554 , -1.2027 , 0.8150 , -15.3863 , -6.3034 , 16.6274
5 , -0.0120 , 3.6727 , 10.6123 , -0.3258 , 2.7556 , 9.4059 , 0.0825 , 0.8733 , -0.0918 , 0.3138 , 0.9171 , 1.2064 , 0.8006 , -16.3196 , -1.9839 , 16.4397
3 , -0.0778 , 2.9449 , 12.9227 , -0.5136 , 2.7945 , 9.3860 , -0.1288 , 1.0823 , -0.1528 , 0.4357 , 0.1504 , 3.5367 , 0.8006 , -16.5562 , -3.1318 , 16.8498
9 , -0.3962 , 1.6017 , 6.9085 , -1.0365 , 1.9562 , 9.5535 , -0.1789 , -1.0839 , -0.0246 , 0.6403 , -0.3545 , -2.6450 , 0.7720 , -11.5064 , -6.1922 , 13.0668
9 , -1.2953 , 1.0379 , 8.6167 , -0.6935 , 2.2658 , 9.5161 , -0.8356 , -0.0424 , 0.3077 , -0.6017 , -1.2279 , -0.8993 , 0.7702 , -13.3587 , -4.1683 , 13.9939
6 , -2.6528 , 1.2725 , 10.3765 , -1.5051 , 1.5297 , 9.5690 , -0.4025 , -1.2677 , 0.2644 , -1.1477 , -0.2572 , 0.8075 , 0.7875 , -8.9741 , -8.9389 , 12.6664
7 , -0.7039 , 2.2889 , 10.9223 , -0.8546 , 1.9166 , 9.5795 , -0.5234 , 0.6076 , -0.2237 , 0.1508 , 0.3723 , 1.3429 , 0.7777 , -11.2702 , -5.0982 , 12.3697
9 , -0.4741 , 2.1081 , 8.9064 , -0.5573 , 1.1514 , 9.7229 , -0.0586 , -0.3789 , 0.1618 , 0.0833 , 0.9567 , -0.8164 , 0.7795 , -6.7426 , -3.2807 , 7.4984
8 , -1.5670 , 3.1927 , 9.7516 , -0.3385 , 2.5854 , 9.4537 , -0.5864 , 0.5832 , 0.0958 , -1.2285 , 0.6073 , 0.2979 , 0.7762 , -15.2860 , -2.0505 , 15.4229
9 , -1.8160 , 2.3116 , 7.2496 , -0.8921 , 2.0623 , 9.5458 , 0.2017 , -0.3148 , 0.3047 , -0.9239 , 0.2493 , -2.2961 , 0.7466 , -12.1396 , -5.3392 , 13.2618
7 , 1.2079 , 3.3028 , 9.1267 , -1.4581 , 2.8790 , 9.2604 , -0.2235 , -0.7033 , -0.6391 , 2.6660 , 0.4238 , -0.1337 , 0.7707 , -17.0721 , -8.9481 , 19.2750
7 , -2.1225 , 3.3016 , 10.5812 , -2.0192 , 2.6158 , 9.2331 , 0.0581 , 0.6772 , -0.3624 , -0.1033 , 0.6858 , 1.3480 , 0.7629 , -15.4702 , -12.3358 , 19.7863
6 , -0.3747 , 1.7226 , 9.7743 , -0.2485 , 1.9545 , 9.6067 , 0.2096 , 0.1226 , 0.6040 , -0.1262 , -0.2318 , 0.1676 , 0.7763 , -11.4960 , -1.4819 , 11.5911
1 , -2.3631 , 4.2832 , 12.3373 , -2.7583 , 2.8253 , 8.9766 , -0.2638 , 0.4555 , 0.0066 , 0.3952 , 1.4580 , 3.3607 , 0.7580 , -16.7441 , -17.0811 , 23.9192
10 , 2.6157 , 3.5075 , 9.9719 , -0.1309 , 1.6706 , 9.6624 , -0.1288 , 0.0450 , -0.5499 , 2.7466 , 1.8369 , 0.3094 , 0.7791 , -9.8084 , -0.7762 , 9.8391
3 , 0.0982 , 3.0777 , 7.6674 , -0.5613 , 2.2125 , 9.5373 , -0.2272 , -0.5879 , 0.4208 , 0.6594 , 0.8652 , -1.8699 , 0.7755 , -13.0392 , -3.3680 , 13.4671
8 , -0.7362 , 3.2537 , 9.7504 , -0.1477 , 1.8926 , 9.6212 , -0.4165 , 0.4286 , 0.1685 , -0.5885 , 1.3611 , 0.1292 , 0.7614 , -11.1274 , -0.8793 , 11.1621
7 , -0.2035 , 2.7138 , 10.3034 , -1.0988 , 2.1117 , 9.5133 , 0.1418 , 0.6632 , -0.1394 , 0.8953 , 0.6021 , 0.7901 , 0.7567 , -12.4353 , -6.5887 , 14.0730
10 , 0.1065 , 2.3379 , 9.7528 , -1.0269 , 1.5252 , 9.6327 , -0.3402 , -0.0252 , 0.0414 , 1.1335 , 0.8127 , 0.1200 , 0.7830 , -8.9474 , -6.0852 , 10.8207
5 , -1.8256 , 2.9928 , 8.1367 , -2.0213 , 2.6862 , 9.2124 , -0.1643 , -0.1639 , -0.1657 , 0.1957 , 0.3065 , -1.0757 , 0.7972 , -15.8977 , -12.3752 , 20.1465
10 , -1.1133 , 4.9668 , 5.0805 , -1.4949 , 2.8595 , 9.2606 , 0.2035 , 0.1250 , -0.0075 , 0.3816 , 2.1073 , -4.1801 , 0.7613 , -16.9529 , -9.1698 , 19.2739
8 , -0.9601 , 3.1903 , 10.2819 , -0.8972 , 2.3073 , 9.4890 , 0.3605 , 0.1782 , -0.1510 , -0.0629 , 0.8829 , 0.7929 , 0.7814 , -13.6084 , -5.4011 , 14.6410
6 , -0.7183 , 1.4832 , 10.9523 , -0.2672 , 2.0154 , 9.5936 , 0.0050 , 0.5166 , 0.1367 , -0.4510 , -0.5322 , 1.3587 , 0.7960 , -11.8596 , -1.5956 , 11.9665
5 , -0.2682 , 3.1484 , 9.9431 , -0.8054 , 2.6724 , 9.4011 , -0.3726 , -0.0472 , -0.0490 , 0.5373 , 0.4760 , 0.5421 , 0.8115 , -15.8135 , -4.8968 , 16.5543
5 , -0.7877 , 2.1093 , 11.4718 , -0.6519 , 2.4997 , 9.4603 , -0.2095 , 0.0664 , -0.0704 , -0.1358 , -0.3905 , 2.0116 , 0.8117 , -14.7678 , -3.9422 , 15.2850
5 , -0.6668 , 2.3631 , 7.5405 , -0.7901 , 2.2145 , 9.5206 , -0.2944 , -0.1163 , 0.0652 , 0.1234 , 0.1485 , -1.9801 , 0.8132 , -13.0511 , -4.7443 , 13.8867
7 , 0.6752 , 4.9967 , 6.1447 , -1.3322 , 2.3410 , 9.4295 , 0.0386 , 0.0401 , -0.3129 , 2.0073 , 2.6557 , -3.2848 , 0.8061 , -13.8106 , -8.0413 , 15.9811
9 , 0.2394 , 1.7968 , 9.0405 , -0.5495 , 1.3597 , 9.6964 , 0.8840 , -0.6697 , 0.1776 , 0.7889 , 0.4371 , -0.6559 , 0.7796 , -7.9698 , -3.2437 , 8.6046
9 , 0.2239 , 0.8272 , 12.2942 , -0.2255 , 1.0082 , 9.7521 , 0.8687 , 0.8122 , 0.2375 , 0.4493 , -0.1810 , 2.5421 , 0.7616 , -5.9006 , -1.3245 , 6.0474
10 , 0.1592 , 2.7078 , 10.7703 , -0.1663 , 2.0512 , 9.5883 , -0.2602 , 0.0474 , 0.1685 , 0.3255 , 0.6566 , 1.1820 , 0.7303 , -12.0734 , -0.9938 , 12.1142
5 , -0.3508 , 3.6823 , 9.0932 , -0.3096 , 2.9674 , 9.3418 , 0.1119 , 0.0334 , -0.1858 , -0.0411 , 0.7148 , -0.2486 , 0.7849 , -17.6135 , -1.8983 , 17.7155
8 , -0.1604 , 3.5003 , 9.5433 , -0.5131 , 2.4843 , 9.4729 , -0.0977 , 0.0395 , -0.0826 , 0.3527 , 1.0160 , 0.0704 , 0.7832 , -14.6747 , -3.1005 , 14.9986
3 , -0.7889 , 3.1639 , 7.9703 , -0.7825 , 2.5675 , 9.4322 , 0.3012 , -0.4076 , 0.5008 , -0.0064 , 0.5964 , -1.4619 , 0.8095 , -15.1777 , -4.7422 , 15.9013
10 , 0.6943 , 2.0195 , 10.5824 , 0.1261 , 2.1765 , 9.5612 , -0.2962 , 0.1525 , 0.1123 , 0.5682 , -0.1570 , 1.0211 , 0.7557 , -12.8230 , 0.7558 , 12.8452
9 , 0.3962 , 3.1340 , 8.1786 , -0.3803 , 1.7571 , 9.6404 , 0.1253 , -0.3490 , 0.6663 , 0.7766 , 1.3769 , -1.4619 , 0.7651 , -10.3219 , -2.2593 , 10.5663
3 , 1.0654 , 4.6902 , 9.8174 , -0.4782 , 2.4968 , 9.4714 , -0.2217 , -0.1700 , -0.6849 , 1.5436 , 2.1934 , 0.3460 , 0.8087 , -14.7502 , -2.8903 , 15.0307
8 , -0.6632 , 1.2103 , 9.9611 , -0.2239 , 2.2234 , 9.5486 , -0.3451 , 0.7591 , 0.0267 , -0.4393 , -1.0132 , 0.4124 , 0.7859 , -13.1045 , -1.3435 , 13.1732
1 , -4.4724 , 2.2601 , 5.7042 , -3.4866 , 3.0355 , 8.6487 , -0.2479 , 0.4518 , 0.0665 , -0.9858 , -0.7753 , -2.9445 , 0.8075 , -18.0309 , -21.9560 , 28.4109
2 , -2.0758 , 3.5518 , 11.9279 , -1.2015 , 3.2728 , 9.1660 , -0.4043 , 0.3639 , -0.1522 , -0.8742 , 0.2790 , 2.7619 , 0.7876 , -19.4956 , -7.4681 , 20.8770
3 , -0.7446 , 2.2338 , 8.1151 , -0.7284 , 2.9671 , 9.3186 , -0.0690 , -0.3924 , -0.1480 , -0.0162 , -0.7333 , -1.2034 , 0.8008 , -17.6116 , -4.4692 , 18.1698
5 , -1.4521 , 2.6372 , 6.0992 , -0.9236 , 2.5714 , 9.4184 , -0.3616 , -0.1157 , -0.1809 , -0.5285 , 0.0658 , -3.3191 , 0.8060 , -15.2011 , -5.6006 , 16.2000
6 , -0.3412 , 3.1149 , 9.8102 , -0.6975 , 2.2809 , 9.5122 , 0.1534 , -0.2232 , 0.3010 , 0.3563 , 0.8340 , 0.2981 , 0.7956 , -13.4492 , -4.1936 , 14.0878
2 , -1.8854 , 4.0618 , 7.7381 , -1.5178 , 3.6712 , 8.9660 , -0.4752 , -0.0918 , 0.0103 , -0.3676 , 0.3906 , -1.2279 , 0.7998 , -21.9846 , -9.6081 , 23.9925
7 , -0.5734 , 5.6276 , 13.4135 , -1.6361 , 3.7231 , 8.9237 , -1.1392 , 0.7567 , -0.3764 , 1.0627 , 1.9045 , 4.4898 , 0.7941 , -22.3117 , -10.3895 , 24.6121
4 , -2.5929 , 3.5410 , 13.3177 , -2.3343 , 3.1750 , 8.9800 , -0.5143 , 0.0627 , 0.1068 , -0.2586 , 0.3660 , 4.3377 , 0.8049 , -18.8906 , -14.5714 , 23.8575
10 , -0.0479 , 4.6986 , 9.8162 , -0.7153 , 3.4168 , 9.1643 , -0.7611 , 0.5203 , -0.2463 , 0.6675 , 1.2819 , 0.6519 , 0.7773 , -20.3903 , -4.4634 , 20.8730
5 , -1.9489 , 3.2417 , 9.3458 , -0.9437 , 3.5449 , 9.0947 , -0.0842 , -0.8304 , 0.5283 , -1.0052 , -0.3031 , 0.2511 , 0.7969 , -21.1910 , -5.9240 , 22.0035
7 , -2.1823 , 4.3036 , 7.2544 , -2.1068 , 4.5269 , 8.4403 , -0.4611 , 0.6571 , -0.1748 , -0.0755 , -0.2233 , -1.1859 , 0.7917 , -27.4911 , -14.0155 , 30.8576
1 , -2.5175 , 3.6512 , 7.7716 , -3.8235 , 3.5928 , 8.2851 , -0.1734 , 0.0969 , 0.0720 , 1.3060 , 0.0584 , -0.5135 , 0.8030 , -21.4914 , -24.7732 , 32.7962
10 , 0.3256 , 2.9568 , 8.4599 , -1.0678 , 1.9967 , 9.5417 , 0.0141 , -0.0613 , 0.0872 , 1.3934 , 0.9602 , -1.0818 , 0.7665 , -11.7477 , -6.3855 , 13.3710
9 , 0.2358 , 1.6376 , 11.4419 , -0.3438 , 0.9543 , 9.7541 , 0.3128 , -0.1224 , -0.2726 , 0.5797 , 0.6834 , 1.6878 , 0.7771 , -5.5842 , -2.0189 , 5.9380
4 , -2.2302 , 2.7473 , 8.9615 , -2.4567 , 2.5746 , 9.1382 , 0.1106 , -0.3960 , 0.1007 , 0.2265 , 0.1728 , -0.1767 , 0.8059 , -15.2205 , -15.0474 , 21.4030
1 , -3.8702 , 3.7170 , 11.2611 , -3.3441 , 3.3836 , 8.5755 , -0.3695 , 0.0255 , 0.0090 , -0.5261 , 0.3334 , 2.6857 , 0.8094 , -20.1838 , -21.3041 , 29.3470
4 , 0.5447 , 3.7900 , 13.3177 , -1.9060 , 2.3062 , 9.3391 , -0.0830 , 0.2063 , -0.1724 , 2.4507 , 1.4839 , 3.9786 , 0.8124 , -13.6012 , -11.5351 , 17.8340
3 , 0.2658 , 4.2150 , 8.1247 , -0.8718 , 2.3984 , 9.4688 , -0.4740 , -0.4791 , -0.3697 , 1.1375 , 1.8165 , -1.3441 , 0.8337 , -14.1566 , -5.2603 , 15.1024
5 , -1.3803 , 2.3990 , 6.4739 , -1.6068 , 2.9634 , 9.2091 , -0.2650 , -0.4504 , 0.1966 , 0.2265 , -0.5644 , -2.7352 , 0.8100 , -17.5885 , -9.8973 , 20.1820
10 , -0.6357 , 1.3934 , 8.6119 , -1.7293 , 1.6516 , 9.5106 , -0.2962 , 0.5765 , -0.2335 , 1.0937 , -0.2582 , -0.8987 , 0.7630 , -9.6960 , -10.3055 , 14.1498
9 , -1.6005 , 1.4844 , 8.8442 , -1.0203 , 2.0339 , 9.5390 , -0.1636 , 0.0951 , 0.4837 , -0.5803 , -0.5495 , -0.6948 , 0.7824 , -11.9701 , -6.1050 , 13.4370
2 , -1.9573 , 3.2190 , 8.1211 , -2.3716 , 2.8108 , 9.0910 , -0.5021 , -0.4180 , -0.2891 , 0.4143 , 0.4082 , -0.9698 , 0.8181 , -16.6557 , -14.6209 , 22.1627
5 , -0.8320 , 1.8759 , 7.5597 , -1.3058 , 2.2490 , 9.4556 , 0.0043 , -0.0827 , 0.1605 , 0.4738 , -0.3731 , -1.8959 , 0.8059 , -13.2576 , -7.8628 , 15.4139
3 , -0.4166 , 4.7681 , 9.9180 , -1.7546 , 2.5286 , 9.3112 , 0.2359 , -0.3411 , 0.2570 , 1.3380 , 2.2395 , 0.6068 , 0.8205 , -14.9421 , -10.6716 , 18.3616
5 , -1.2354 , 1.5060 , 9.0944 , -1.2228 , 2.1467 , 9.4904 , 0.3971 , 0.3645 , 0.0158 , -0.0126 , -0.6407 , -0.3960 , 0.8246 , -12.6443 , -7.3422 , 14.6214
3 , -0.8224 , 2.8802 , 10.4579 , -1.3472 , 1.8156 , 9.5425 , 0.3861 , -0.0460 , -0.0398 , 0.5248 , 1.0646 , 0.9154 , 0.8253 , -10.6694 , -8.0358 , 13.3570
7 , -1.3252 , 2.9688 , 11.4144 , -1.5366 , 2.6318 , 9.3211 , -0.6285 , 0.0255 , 0.1202 , 0.2114 , 0.3371 , 2.0932 , 0.7825 , -15.5669 , -9.3608 , 18.1647
8 , 0.1724 , 3.6859 , 9.4236 , -0.5413 , 2.4791 , 9.4727 , -0.4648 , 0.3572 , 0.0671 , 0.7137 , 1.2068 , -0.0491 , 0.7802 , -14.6431 , -3.2705 , 15.0039
10 , 0.2526 , 4.7417 , 8.8286 , -0.1229 , 3.1385 , 9.2900 , -0.8741 , 0.0762 , -0.2274 , 0.3755 , 1.6032 , -0.4614 , 0.7594 , -18.6654 , -0.7578 , 18.6808
10 , -0.7075 , 3.2226 , 7.4783 , 0.3671 , 3.3084 , 9.2244 , -0.6664 , -0.0753 , 0.0084 , -1.0746 , -0.0858 , -1.7461 , 0.7534 , -19.7163 , 2.2791 , 19.8476
7 , 1.4030 , 3.1639 , 9.1973 , 0.8276 , 3.2005 , 9.2327 , -0.1710 , 0.7096 , -0.0820 , 0.5754 , -0.0366 , -0.0353 , 0.7510 , -19.0482 , 5.1222 , 19.7249
1 , -3.0167 , 4.3036 , 6.1256 , -3.0464 , 3.5724 , 8.6098 , -0.1893 , -0.4657 , -0.1541 , 0.0297 , 0.7312 , -2.4842 , 0.7893 , -21.3636 , -19.4852 , 28.9150
9 , 0.2957 , 5.0482 , 9.5301 , 0.1330 , 2.8253 , 9.3899 , 0.1363 , -0.1083 , -0.3214 , 0.1627 , 2.2228 , 0.1402 , 0.7740 , -16.7445 , 0.8116 , 16.7642
6 , 1.3192 , 3.4177 , 9.9862 , -0.0712 , 2.9492 , 9.3524 , 0.0654 , -0.1456 , -0.2475 , 1.3904 , 0.4686 , 0.6338 , 0.7950 , -17.5016 , -0.4363 , 17.5070
7 , -1.3396 , 2.8970 , 10.8697 , -1.3045 , 2.4322 , 9.4103 , -0.1960 , 0.7475 , -0.0288 , -0.0351 , 0.4648 , 1.4594 , 0.7789 , -14.3600 , -7.8922 , 16.3858
5 , -0.1281 , 3.7350 , 10.5129 , -0.5639 , 3.1355 , 9.2747 , -0.4984 , -0.2146 , -0.1871 , 0.4358 , 0.5994 , 1.2382 , 0.7733 , -18.6468 , -3.4794 , 18.9686
4 , -3.0634 , 2.2697 , 10.7847 , -1.7975 , 2.5118 , 9.3075 , -0.0775 , -0.3899 , -0.3361 , -1.2659 , -0.2421 , 1.4771 , 0.7962 , -14.8408 , -10.9305 , 18.4316
1 , -3.4034 , 2.4277 , 7.9284 , -3.1813 , 3.2708 , 8.6805 , 0.0575 , 0.0505 , 0.3487 , -0.2221 , -0.8431 , -0.7522 , 0.7601 , -19.4830 , -20.1270 , 28.0122
8 , -0.8200 , 2.8551 , 7.1108 , -0.8773 , 1.8871 , 9.5833 , 0.9029 , -0.9415 , -0.1107 , 0.0573 , 0.9679 , -2.4725 , 0.7814 , -11.0949 , -5.2306 , 12.2661
1 , -5.3834 , 2.4205 , 6.9707 , -4.0816 , 3.5408 , 8.1837 , 0.1143 , -0.2445 , 0.2693 , -1.3017 , -1.1203 , -1.2130 , 0.7129 , -21.1654 , -26.5076 , 33.9209
10 , -1.0762 , 1.6735 , 8.6155 , -0.7951 , 2.0152 , 9.5644 , -0.1630 , 0.4390 , -0.0007 , -0.2811 , -0.3416 , -0.9488 , 0.7441 , -11.8582 , -4.7522 , 12.7750
6 , -1.2929 , 1.8998 , 8.7113 , -0.6974 , 2.1294 , 9.5472 , -0.2907 , 0.2900 , 0.1172 , -0.5955 , -0.2296 , -0.8359 , 0.7765 , -12.5409 , -4.1780 , 13.2185
3 , -1.8639 , 1.4712 , 8.2612 , -1.3549 , 2.0409 , 9.4958 , 0.3452 , 0.1910 , 0.0041 , -0.5090 , -0.5696 , -1.2346 , 0.7761 , -12.0116 , -8.1203 , 14.4989
2 , -2.8706 , 2.2314 , 7.1778 , -2.4535 , 2.2732 , 9.2186 , -0.7947 , -0.1981 , 0.0652 , -0.4172 , -0.0418 , -2.0408 , 0.7885 , -13.4034 , -14.9034 , 20.0440
6 , -0.3077 , 3.7421 , 8.7245 , -0.9434 , 2.0080 , 9.5524 , -0.4972 , -0.3979 , -0.0924 , 0.6358 , 1.7342 , -0.8279 , 0.7918 , -11.8151 , -5.6404 , 13.0924
7 , -0.3938 , 4.6807 , 8.6802 , -2.2514 , 2.0936 , 9.3123 , 0.0599 , -0.0448 , -0.3269 , 1.8575 , 2.5871 , -0.6321 , 0.7703 , -12.3268 , -13.5913 , 18.3487
3 , -0.6680 , 3.4812 , 8.6670 , -0.5778 , 3.8260 , 9.0110 , -0.2119 , 0.1916 , -0.2500 , -0.0902 , -0.3448 , -0.3440 , 0.7421 , -22.9635 , -3.6689 , 23.2547
2 , -1.3838 , 3.9085 , 9.4535 , -1.1078 , 3.6446 , 9.0366 , -0.1533 , 0.3107 , 0.0744 , -0.2760 , 0.2639 , 0.4169 , 0.7582 , -21.8172 , -6.9894 , 22.9094
9 , -1.1732 , 3.8199 , 9.2057 , -1.2816 , 2.3468 , 9.4351 , 0.3428 , -0.0656 , 0.0610 , 0.1085 , 1.4731 , -0.2293 , 0.7141 , -13.8459 , -7.7355 , 15.8602
6 , 0.4058 , 4.0737 , 7.8518 , -0.6194 , 3.0427 , 9.3021 , -0.0427 , -0.2195 , -0.2042 , 1.0252 , 1.0311 , -1.4503 , 0.7652 , -18.0752 , -3.8097 , 18.4723
9 , 0.8009 , 2.6863 , 7.9057 , -0.6759 , 1.9774 , 9.5814 , 0.1222 , 0.0694 , -0.3685 , 1.4767 , 0.7089 , -1.6757 , 0.7136 , -11.6330 , -4.0351 , 12.3130
4 , 0.0287 , 4.2988 , 11.3461 , -1.2779 , 3.1511 , 9.1983 , -0.5253 , 1.4170 , -0.2176 , 1.3066 , 1.1477 , 2.1479 , 0.7720 , -18.7428 , -7.9093 , 20.3433
4 , -1.0822 , 3.7266 , 14.3149 , -1.3941 , 2.9443 , 9.2497 , -0.1154 , 0.8556 , -0.1858 , 0.3119 , 0.7822 , 5.0652 , 0.7757 , -17.4720 , -8.5708 , 19.4610
8 , -0.3855 , 4.1851 , 9.8090 , -0.2126 , 2.6043 , 9.4521 , -0.3145 , 0.6736 , 0.0958 , -0.1729 , 1.5808 , 0.3569 , 0.7451 , -15.4003 , -1.2885 , 15.4541
5 , -0.1149 , 3.8307 , 9.7061 , -0.2428 , 3.1996 , 9.2668 , -0.0323 , -0.0796 , 0.0787 , 0.1279 , 0.6311 , 0.4393 , 0.7662 , -19.0427 , -1.5009 , 19.1017
9 , -1.1887 , 3.3698 , 9.5361 , -0.8920 , 2.0945 , 9.5388 , 0.0086 , 0.0077 , 0.1679 , -0.2968 , 1.2754 , -0.0027 , 0.7448 , -12.3320 , -5.3422 , 13.4394
2 , -1.7597 , 3.0921 , 6.7672 , -0.9473 , 2.8355 , 9.3399 , -0.5100 , 0.4127 , -0.0838 , -0.8125 , 0.2566 , -2.5726 , 0.7748 , -16.8066 , -5.7912 , 17.7764
3 , 0.7530 , 3.2801 , 9.0692 , -0.3467 , 2.7487 , 9.4072 , -0.3854 , -0.1822 , -0.0863 , 1.0996 , 0.5314 , -0.3379 , 0.7957 , -16.2773 , -2.1104 , 16.4136
1 , -3.0765 , 3.5374 , 10.2185 , -2.3622 , 3.8550 , 8.7022 , -0.3469 , 0.8953 , 0.0439 , -0.7143 , -0.3176 , 1.5162 , 0.7646 , -23.1478 , -15.1871 , 27.6851
2 , -1.8723 , 2.1464 , 12.0644 , -1.2172 , 2.5893 , 9.3800 , -0.0690 , 0.0456 , 0.1648 , -0.6551 , -0.4429 , 2.6844 , 0.7695 , -15.3097 , -7.3936 , 17.0015
5 , -0.7793 , 4.8638 , 8.1523 , -0.5032 , 4.6040 , 8.6441 , -0.0940 , -0.2055 , 0.2320 , -0.2761 , 0.2598 , -0.4918 , 0.7712 , -28.0007 , -3.3315 , 28.1982
4 , -2.0913 , 4.2210 , 3.8846 , -2.5686 , 4.6208 , 8.2596 , -0.0433 , 1.1971 , -0.4314 , 0.4773 , -0.3998 , -4.3750 , 0.7790 , -28.1116 , -17.2750 , 32.9953
9 , -1.4329 , 5.1380 , 5.2780 , -0.6521 , 4.8001 , 8.5267 , -1.1484 , 1.0853 , -0.2390 , -0.7809 , 0.3379 , -3.2487 , 0.7063 , -29.3058 , -4.3731 , 29.6303
1 , -3.6176 , 4.4185 , 8.2480 , -3.0582 , 4.5555 , 8.1281 , -0.0885 , -0.0375 , -0.0533 , -0.5594 , -0.1370 , 0.1199 , 0.7543 , -27.6796 , -20.6189 , 34.5152
5 , -0.4992 , 6.3889 , 8.7329 , -0.8625 , 3.9777 , 8.9221 , -0.0390 , -0.0827 , -0.1046 , 0.3633 , 2.4112 , -0.1893 , 0.7570 , -23.9295 , -5.5218 , 24.5583
8 , -1.8830 , 2.6061 , 9.1147 , -1.2566 , 3.0743 , 9.2271 , -0.0842 , 0.4964 , -0.1883 , -0.6264 , -0.4682 , -0.1124 , 0.7596 , -18.2696 , -7.7553 , 19.8475
8 , -1.3767 , 3.5494 , 10.6482 , -1.2475 , 3.0738 , 9.2285 , -0.0048 , -0.0130 , 0.1972 , -0.1292 , 0.4756 , 1.4197 , 0.7578 , -18.2665 , -7.6984 , 19.8225
2 , -1.5945 , 3.8415 , 9.2464 , -1.9122 , 3.6690 , 8.8911 , 0.0324 , 0.2050 , -0.0313 , 0.3177 , 0.1725 , 0.3553 , 0.7712 , -21.9707 , -12.1377 , 25.1005
8 , -0.6357 , 2.8539 , 8.1882 , -0.9703 , 3.0115 , 9.2822 , -0.4398 , 0.1311 , -0.1376 , 0.3346 , -0.1576 , -1.0941 , 0.7455 , -17.8837 , -5.9675 , 18.8530
8 , -0.9960 , 3.2848 , 8.0756 , -0.8416 , 3.4536 , 9.1397 , 0.0477 , 0.3266 , -0.0368 , -0.1544 , -0.1688 , -1.0641 , 0.7448 , -20.6200 , -5.2608 , 21.2806
2 , -0.9361 , 3.9349 , 9.1171 , -0.8323 , 3.1591 , 9.2465 , -0.2993 , -0.1438 , 0.0347 , -0.1038 , 0.7757 , -0.1294 , 0.7945 , -18.7926 , -5.1437 , 19.4838
5 , -0.2909 , 3.4884 , 11.1797 , -0.5473 , 2.7842 , 9.3872 , -0.3396 , -0.1059 , -0.2787 , 0.2564 , 0.7041 , 1.7926 , 0.7965 , -16.4940 , -3.3369 , 16.8281
4 , 0.5279 , 5.1715 , 5.2457 , -1.5166 , 3.5327 , 9.0217 , -0.1417 , 0.2570 , -0.1425 , 2.0445 , 1.6388 , -3.7760 , 0.8000 , -21.1145 , -9.5425 , 23.1707
3 , -0.3627 , 2.6671 , 8.2851 , -0.5944 , 2.8449 , 9.3661 , -0.1508 , 0.3266 , -0.2396 , 0.2317 , -0.1778 , -1.0810 , 0.7984 , -16.8639 , -3.6311 , 17.2504
2 , -2.6073 , 4.6328 , 8.4276 , -1.8984 , 5.1356 , 8.1358 , 0.2377 , -0.1737 , -0.3880 , -0.7089 , -0.5028 , 0.2918 , 0.7587 , -31.5799 , -13.1344 , 34.2024
4 , -2.6252 , 4.2880 , 6.7600 , -1.9850 , 4.2563 , 8.6090 , -0.0439 , 0.3394 , -0.1583 , -0.6402 , 0.0317 , -1.8489 , 0.7536 , -25.7230 , -12.9840 , 28.8142
2 , -1.2546 , 6.1818 , 7.5130 , -1.2131 , 6.0761 , 7.6013 , 0.3250 , -0.5860 , -0.0740 , -0.0415 , 0.1057 , -0.0883 , 0.7735 , -38.2865 , -9.0673 , 39.3456
2 , -2.1775 , 6.3327 , 5.8191 , -1.0346 , 6.1287 , 7.5855 , 0.1271 , 0.3682 , -0.2750 , -1.1430 , 0.2040 , -1.7664 , 0.7755 , -38.6787 , -7.7666 , 39.4507
7 , -0.3100 , 7.0976 , 5.8454 , -1.5286 , 4.9756 , 8.3112 , -0.1245 , 0.6840 , -0.4253 , 1.2186 , 2.1220 , -2.4658 , 0.7790 , -30.4890 , -10.4215 , 32.2209
2 , -0.7458 , 4.4915 , 6.5517 , -0.4280 , 3.9400 , 8.9701 , -0.3530 , 0.3303 , -0.0178 , -0.3178 , 0.5515 , -2.4184 , 0.8168 , -23.6890 , -2.7319 , 23.8460
5 , 0.1652 , 4.8686 , 10.4986 , -0.2480 , 3.8443 , 9.0183 , -0.1520 , 0.4280 , -0.2475 , 0.4132 , 1.0243 , 1.4803 , 0.8071 , -23.0797 , -1.5751 , 23.1334
1 , -2.5295 , 4.2796 , 7.8805 , -3.0272 , 4.0334 , 8.4106 , -0.0470 , 0.0108 , -0.2286 , 0.4977 , 0.2462 , -0.5301 , 0.7476 , -24.2863 , -19.7953 , 31.3317
6 , 0.0862 , 3.3986 , 11.4982 , -0.2921 , 2.1805 , 9.5567 , 0.6024 , -0.1657 , 0.1831 , 0.3783 , 1.2180 , 1.9415 , 0.7731 , -12.8473 , -1.7509 , 12.9661
9 , -0.6560 , 2.9209 , 7.5537 , -0.6381 , 1.9919 , 9.5810 , 0.4851 , -0.5988 , 0.0200 , -0.0179 , 0.9290 , -2.0273 , 0.7532 , -11.7193 , -3.8104 , 12.3232
10 , -0.8523 , 2.3068 , 7.6650 , -0.9167 , 2.4593 , 9.4489 , 0.0770 , 0.0456 , 0.1196 , 0.0644 , -0.1525 , -1.7839 , 0.7298 , -14.5236 , -5.5414 , 15.5448
4 , -0.8547 , 3.6224 , 11.9171 , -1.5381 , 3.1560 , 9.1567 , -0.2076 , 0.5777 , -0.1699 , 0.6834 , 0.4664 , 2.7605 , 0.7794 , -18.7733 , -9.5352 , 21.0560
4 , -2.0865 , 2.7509 , 6.3829 , -1.8657 , 3.0585 , 9.1288 , -0.1905 , 0.1391 , 0.0298 , -0.2209 , -0.3075 , -2.7459 , 0.7816 , -18.1724 , -11.5505 , 21.5325
3 , -0.2646 , 4.0642 , 9.3817 , -0.4759 , 3.3202 , 9.2152 , -0.4874 , 0.3089 , -0.3685 , 0.2114 , 0.7440 , 0.1665 , 0.7899 , -19.7893 , -2.9565 , 20.0089
6 , -0.0706 , 4.4053 , 8.0936 , -0.3474 , 2.7359 , 9.4109 , -0.1636 , 0.3755 , -0.0062 , 0.2767 , 1.6694 , -1.3173 , 0.8024 , -16.1997 , -2.1139 , 16.3370
4 , -2.4493 , 4.5262 , 4.4879 , -2.4877 , 4.6652 , 8.2594 , -0.3426 , 0.6406 , -0.3966 , 0.0385 , -0.1389 , -3.7715 , 0.7587 , -28.4058 , -16.7624 , 32.9828
3 , 0.8799 , 5.5749 , 11.1426 , -0.3237 , 4.4338 , 8.7411 , 0.0013 , -0.4443 , -0.2750 , 1.2035 , 1.1411 , 2.4015 , 0.7633 , -26.8802 , -2.1207 , 26.9637
3 , 0.3723 , 4.8638 , 7.4962 , -0.5064 , 3.4116 , 9.1801 , 0.2236 , -0.4382 , -0.2787 , 0.8787 , 1.4522 , -1.6839 , 0.7791 , -20.3583 , -3.1572 , 20.6016
8 , -0.5986 , 4.8183 , 5.5318 , -0.7468 , 3.4485 , 9.1499 , -0.4129 , -0.0289 , 0.1184 , 0.1483 , 1.3698 , -3.6181 , 0.7789 , -20.5884 , -4.6662 , 21.1105
8 , 0.3005 , 4.6017 , 6.6738 , -0.4050 , 3.3176 , 9.2196 , -0.3298 , -0.6245 , -0.0209 , 0.7055 , 1.2841 , -2.5457 , 0.7924 , -19.7731 , -2.5153 , 19.9325
7 , 0.9541 , 4.2066 , 11.5580 , -0.9810 , 3.1143 , 9.2471 , -0.3359 , 0.8874 , -0.4485 , 1.9351 , 1.0923 , 2.3109 , 0.8096 , -18.5161 , -6.0557 , 19.4812
7 , -0.7638 , 2.4098 , 10.9619 , -1.0216 , 2.1579 , 9.5116 , -0.5473 , 0.0261 , -0.1541 , 0.2578 , 0.2519 , 1.4503 , 0.8073 , -12.7115 , -6.1302 , 14.1124
4 , -2.1284 , 3.0550 , 8.7305 , -1.7495 , 2.5268 , 9.3126 , -0.6077 , 0.3596 , -0.1718 , -0.3790 , 0.5282 , -0.5822 , 0.7901 , -14.9315 , -10.6397 , 18.3345
3 , 0.1700 , 5.8095 , 7.5214 , -0.5513 , 5.4094 , 8.1612 , -0.3316 , -0.4040 , -0.2946 , 0.7213 , 0.4001 , -0.6398 , 0.7666 , -33.4775 , -3.8647 , 33.6998
8 , -0.1664 , 5.9783 , 7.9739 , -0.7081 , 5.2833 , 8.2314 , -0.1319 , 0.1983 , -0.1645 , 0.5417 , 0.6950 , -0.2575 , 0.7719 , -32.5983 , -4.9168 , 32.9670
7 , -2.3248 , 4.9201 , 9.2991 , -1.9977 , 4.9049 , 8.2536 , -0.3927 , 0.4842 , -0.1052 , -0.3271 , 0.0152 , 1.0455 , 0.7773 , -30.0103 , -13.6059 , 32.9506
6 , -0.5914 , 7.2748 , 5.8311 , -0.3209 , 6.2249 , 7.5708 , -0.3005 , -0.4657 , 0.1477 , -0.2704 , 1.0499 , -1.7398 , 0.7264 , -39.4026 , -2.4273 , 39.4773
1 , -4.1132 , 6.8738 , 5.8514 , -3.8084 , 6.6466 , 6.1228 , -0.1917 , 0.3590 , -0.1357 , -0.3049 , 0.2271 , -0.2714 , 0.7557 , -42.6694 , -31.8814 , 53.2645
10 , -1.0235 , 6.4021 , 8.4539 , -0.8502 , 5.4467 , 8.1105 , -0.3103 , 0.5270 , 0.1288 , -0.1733 , 0.9554 , 0.3434 , 0.7414 , -33.7390 , -5.9845 , 34.2656
2 , -2.1656 , 6.4045 , 7.0797 , -2.2329 , 4.7328 , 8.2937 , -0.1209 , -0.0124 , -0.1437 , 0.0674 , 1.6717 , -1.2140 , 0.7760 , -28.8560 , -15.0686 , 32.5535
8 , 0.1939 , 3.6787 , 12.2870 , -0.4648 , 2.8341 , 9.3767 , -0.2205 , -0.1163 , 0.0188 , 0.6588 , 0.8446 , 2.9104 , 0.7966 , -16.7982 , -2.8381 , 17.0362
7 , -3.0347 , 2.9185 , 8.7233 , -2.0912 , 3.0884 , 9.0697 , 0.3886 , -0.4003 , 0.0921 , -0.9434 , -0.1699 , -0.3464 , 0.7861 , -18.3568 , -12.9839 , 22.4845
7 , -0.7398 , 3.8068 , 9.5517 , -2.1468 , 2.9706 , 9.0960 , -0.1490 , -0.1297 , -0.0887 , 1.4070 , 0.8362 , 0.4557 , 0.7920 , -17.6326 , -13.2799 , 22.0741
10 , -0.5519 , 3.5494 , 11.4766 , -0.1635 , 3.0467 , 9.3199 , -0.8393 , -0.0026 , -0.0698 , -0.3883 , 0.5027 , 2.1567 , 0.7624 , -18.1003 , -1.0053 , 18.1282
10 , -0.8212 , 3.0562 , 8.7544 , -0.2331 , 3.1075 , 9.2984 , -0.4318 , 0.1342 , 0.2271 , -0.5881 , -0.0513 , -0.5440 , 0.7615 , -18.4742 , -1.4360 , 18.5299
2 , -3.3160 , 3.2717 , 7.5980 , -2.1268 , 3.9746 , 8.7092 , -0.1716 , 0.0151 , 0.2155 , -1.1892 , -0.7029 , -1.1112 , 0.8231 , -23.9097 , -13.7232 , 27.5680
3 , -0.9505 , 4.4760 , 7.6710 , -1.1276 , 3.2912 , 9.1688 , 0.0080 , -0.6447 , -0.1547 , 0.1771 , 1.1848 , -1.4978 , 0.8143 , -19.6095 , -7.0109 , 20.8251
10 , -1.2175 , 2.2913 , 9.1111 , -0.8555 , 3.2026 , 9.2294 , -0.0048 , -0.1896 , 0.6401 , -0.3619 , -0.9114 , -0.1183 , 0.7602 , -19.0611 , -5.2961 , 19.7832
8 , -0.9768 , 3.7242 , 11.0492 , -1.2061 , 2.7378 , 9.3392 , -0.1826 , 0.2881 , 0.3658 , 0.2292 , 0.9864 , 1.7101 , 0.7990 , -16.2109 , -7.3585 , 17.8029
2 , -2.0806 , 3.6859 , 6.9815 , -2.4204 , 3.2070 , 8.9458 , -0.1612 , -0.0375 , -0.3276 , 0.3398 , 0.4788 , -1.9643 , 0.8218 , -19.0885 , -15.1396 , 24.3634
2 , -1.6149 , 3.3471 , 9.3972 , -2.4348 , 2.6614 , 9.1192 , -0.3567 , 0.2399 , -0.1559 , 0.8199 , 0.6857 , 0.2781 , 0.8252 , -15.7468 , -14.9493 , 21.7127
5 , -1.4724 , 4.4760 , 6.6918 , -1.5837 , 2.6748 , 9.3010 , -0.7024 , -0.2103 , -0.1706 , 0.1112 , 1.8011 , -2.6092 , 0.8122 , -15.8283 , -9.6631 , 18.5448
7 , -0.3280 , 3.6847 , 8.5246 , -1.2006 , 2.5430 , 9.3948 , -0.0726 , -0.3759 , -0.2750 , 0.8726 , 1.1417 , -0.8702 , 0.7929 , -15.0294 , -7.2824 , 16.7008
4 , -2.4708 , 3.2825 , 11.4694 , -2.3868 , 3.1298 , 8.9821 , 0.0221 , 0.3529 , -0.0844 , -0.0840 , 0.1526 , 2.4874 , 0.8168 , -18.6118 , -14.8815 , 23.8298
2 , -0.8260 , 6.5469 , 6.3458 , -2.0768 , 5.1551 , 8.0797 , -0.0720 , -1.0136 , -0.3587 , 1.2508 , 1.3918 , -1.7339 , 0.7944 , -31.7137 , -14.4152 , 34.8361
1 , -3.3124 , 6.2764 , 8.6514 , -4.0662 , 5.4204 , 7.0891 , 0.1687 , 0.5905 , 0.0335 , 0.7538 , 0.8560 , 1.5623 , 0.7863 , -33.5541 , -29.8379 , 44.9019
1 , -2.1823 , 7.1946 , 9.5217 , -3.9914 , 6.0505 , 6.6054 , 0.1387 , 0.6467 , -0.4882 , 1.8091 , 1.1441 , 2.9164 , 0.7976 , -38.0957 , -31.1431 , 49.2055
9 , 1.4401 , 6.0897 , 6.7014 , 0.1428 , 4.6442 , 8.6360 , -0.8179 , -0.2128 , 0.1056 , 1.2973 , 1.4454 , -1.9347 , 0.7968 , -28.2670 , 0.9472 , 28.2828
3 , -0.4812 , 5.3439 , 7.3634 , -0.3501 , 4.0743 , 8.9134 , -0.0757 , -0.0381 , -0.5371 , -0.1311 , 1.2696 , -1.5500 , 0.8177 , -24.5485 , -2.2495 , 24.6513
5 , 0.3986 , 4.2509 , 6.7612 , -0.6662 , 3.9002 , 8.9730 , -0.1423 , -0.3783 , -0.2414 , 1.0648 , 0.3507 , -2.2118 , 0.8212 , -23.4353 , -4.2460 , 23.8169
8 , -0.7051 , 3.9899 , 7.4412 , -0.4182 , 3.6854 , 9.0782 , -0.4581 , 0.2845 , -0.1254 , -0.2869 , 0.3045 , -1.6370 , 0.8038 , -22.0741 , -2.6373 , 22.2311
4 , -2.1512 , 4.6436 , 9.9335 , -2.2170 , 3.9939 , 8.6778 , -0.2266 , 0.1983 , -0.2139 , 0.0658 , 0.6497 , 1.2557 , 0.8202 , -24.0330 , -14.3312 , 27.9816
8 , -1.3815 , 4.4508 , 8.4324 , -0.6063 , 3.6015 , 9.1012 , -0.2644 , 0.3675 , 0.0982 , -0.7751 , 0.8493 , -0.6688 , 0.8052 , -21.5463 , -3.8114 , 21.8808
6 , -0.1867 , 3.5482 , 10.2412 , -0.4316 , 3.3633 , 9.2018 , 0.2255 , -0.0955 , -0.0325 , 0.2448 , 0.1849 , 1.0394 , 0.8173 , -20.0574 , -2.6851 , 20.2363
8 , -0.4154 , 5.6515 , 11.7986 , -0.3307 , 3.6290 , 9.1045 , -0.0910 , 0.4427 , -0.1162 , -0.0847 , 2.0225 , 2.6942 , 0.8143 , -21.7193 , -2.0802 , 21.8187
8 , -0.4226 , 5.1152 , 9.6055 , -0.2809 , 3.5765 , 9.1269 , -0.5974 , 0.3846 , 0.0567 , -0.1417 , 1.5387 , 0.4786 , 0.8189 , -21.3891 , -1.7629 , 21.4616
5 , -0.9744 , 3.0239 , 7.6914 , -1.0279 , 3.3327 , 9.1655 , -0.5002 , 0.1598 , 0.1886 , 0.0535 , -0.3088 , -1.4742 , 0.8323 , -19.8671 , -6.3991 , 20.8723
8 , 0.0778 , 4.5550 , 11.0205 , -0.7066 , 3.0090 , 9.3068 , -0.5509 , 0.6418 , 0.1147 , 0.7844 , 1.5460 , 1.7137 , 0.8148 , -17.8685 , -4.3418 , 18.3884
4 , -1.8004 , 4.2832 , 8.9603 , -1.8324 , 3.9789 , 8.7739 , -0.5980 , 0.0676 , 0.0848 , 0.0320 , 0.3043 , 0.1864 , 0.8225 , -23.9372 , -11.7965 , 26.6861
5 , -1.3527 , 3.4321 , 8.5461 , -1.5034 , 3.5204 , 9.0287 , -0.1508 , -0.4003 , -0.0618 , 0.1507 , -0.0883 , -0.4826 , 0.8289 , -21.0374 , -9.4539 , 23.0640
7 , -1.7466 , 3.6990 , 10.0449 , -1.0030 , 3.0203 , 9.2759 , 0.2768 , 0.7402 , 0.0878 , -0.7436 , 0.6787 , 0.7690 , 0.8132 , -17.9379 , -6.1712 , 18.9697
1 , -2.8910 , 3.5937 , 7.3622 , -3.3548 , 3.6674 , 8.4538 , -0.0763 , -0.0081 , -0.0466 , 0.4638 , -0.0737 , -1.0916 , 0.8123 , -21.9609 , -21.6450 , 30.8348
6 , 0.1137 , 3.9528 , 9.0812 , -0.3638 , 2.6437 , 9.4366 , -0.1019 , -0.3417 , 0.2925 , 0.4775 , 1.3092 , -0.3554 , 0.8201 , -15.6392 , -2.2079 , 15.7942
4 , -2.5163 , 2.0123 , 7.2856 , -1.7165 , 3.2966 , 9.0751 , -0.7214 , 0.3962 , 0.0585 , -0.7998 , -1.2843 , -1.7895 , 0.8198 , -19.6431 , -10.7104 , 22.3733
3 , -1.2258 , 2.6516 , 11.1486 , -1.2396 , 2.5683 , 9.3828 , 0.0172 , -0.1676 , 0.0048 , 0.0137 , 0.0833 , 1.7658 , 0.8326 , -15.1825 , -7.5259 , 16.9454
8 , -2.1272 , 2.4588 , 7.0605 , -0.4809 , 3.1879 , 9.2615 , -0.5491 , -0.5799 , 0.1422 , -1.6464 , -0.7291 , -2.2010 , 0.7882 , -18.9704 , -2.9723 , 19.2018
2 , -0.7997 , 3.8164 , 9.8773 , -1.4143 , 3.3869 , 9.0939 , -0.4092 , -0.2091 , -0.1431 , 0.6147 , 0.4295 , 0.7834 , 0.8243 , -20.2040 , -8.8401 , 22.0533
9 , -2.8072 , 1.7921 , 8.2983 , -1.6877 , 3.0446 , 9.1680 , 0.1858 , 0.5612 , 0.3432 , -1.1195 , -1.2525 , -0.8697 , 0.7785 , -18.0870 , -10.4308 , 20.8792
6 , -0.8811 , 3.8882 , 8.0493 , -1.4402 , 3.4632 , 9.0610 , -0.0922 , -0.0876 , 0.0353 , 0.5592 , 0.4250 , -1.0117 , 0.8122 , -20.6798 , -9.0316 , 22.5659
8 , 0.1927 , 3.2872 , 12.4690 , -0.6632 , 2.9689 , 9.3229 , -0.7458 , -0.1938 , 0.1740 , 0.8560 , 0.3183 , 3.1461 , 0.8243 , -17.6226 , -4.0691 , 18.0863
10 , -1.4150 , 4.5215 , 7.3167 , -0.9773 , 4.1947 , 8.8102 , -1.1380 , 0.4647 , 0.3426 , -0.4377 , 0.3267 , -1.4935 , 0.7742 , -25.3244 , -6.3297 , 26.1035
8 , -1.3396 , 3.5662 , 7.7668 , -0.4802 , 4.0185 , 8.9326 , -1.1331 , 0.8642 , -0.1040 , -0.8593 , -0.4523 , -1.1658 , 0.8007 , -24.1904 , -3.0773 , 24.3854
3 , -0.1987 , 3.6140 , 8.5569 , -1.0582 , 2.6769 , 9.3747 , 0.0318 , -0.2946 , 0.1153 , 0.8595 , 0.9371 , -0.8178 , 0.8037 , -15.8411 , -6.4405 , 17.1003
4 , -1.3994 , 4.1587 , 14.0959 , -1.7228 , 3.0295 , 9.1665 , -0.1154 , 0.2839 , 0.0390 , 0.3234 , 1.1293 , 4.9294 , 0.8108 , -17.9942 , -10.6441 , 20.9067
7 , 0.2825 , 3.7230 , 12.5001 , -1.0905 , 3.1229 , 9.2319 , -0.6511 , 0.1110 , 0.1831 , 1.3730 , 0.6001 , 3.2682 , 0.8058 , -18.5691 , -6.7365 , 19.7533
1 , -3.5949 , 3.8307 , 6.2082 , -3.1645 , 3.7016 , 8.5120 , -0.3347 , 0.7823 , 0.2247 , -0.4304 , 0.1291 , -2.3039 , 0.8220 , -22.1762 , -20.3934 , 30.1277
7 , -2.5247 , 3.4800 , 10.0592 , -2.0730 , 3.6095 , 8.8795 , -0.4495 , 0.1953 , 0.1752 , -0.4517 , -0.1295 , 1.1798 , 0.8177 , -21.5963 , -13.1407 , 25.2800
4 , -1.3420 , 3.3974 , 12.2547 , -1.6470 , 3.1713 , 9.1324 , -0.0867 , 0.6491 , -0.0533 , 0.3050 , 0.2261 , 3.1223 , 0.8374 , -18.8675 , -10.2230 , 21.4591
5 , -2.0782 , 3.5494 , 7.6207 , -1.8602 , 2.9678 , 9.1598 , -0.2736 , -0.5213 , -0.0172 , -0.2180 , 0.5816 , -1.5391 , 0.8346 , -17.6156 , -11.4794 , 21.0258
5 , -1.6903 , 3.6799 , 5.2589 , -2.0347 , 2.7855 , 9.1799 , 0.0269 , 0.0120 , -0.1315 , 0.3444 , 0.8944 , -3.9211 , 0.8359 , -16.5017 , -12.4976 , 20.7002
2 , -1.3372 , 3.5614 , 10.8529 , -2.4061 , 3.1999 , 8.9522 , 0.0966 , -0.1676 , 0.0133 , 1.0690 , 0.3615 , 1.9007 , 0.8266 , -19.0442 , -15.0441 , 24.2695
6 , -2.8108 , 1.8064 , 13.4291 , -1.9673 , 2.1589 , 9.3616 , -0.0415 , 0.1128 , -0.0215 , -0.8435 , -0.3525 , 4.0675 , 0.8415 , -12.7179 , -11.8677 , 17.3951
4 , -1.3060 , 3.6631 , 11.0864 , -2.1910 , 3.0727 , 9.0514 , -0.0653 , 0.3706 , 0.0439 , 0.8849 , 0.5904 , 2.0349 , 0.8241 , -18.2600 , -13.6071 , 22.7724
1 , -4.2401 , 3.2010 , 7.5106 , -3.0349 , 2.9958 , 8.8309 , 0.1534 , -0.0069 , -0.0014 , -1.2052 , 0.2053 , -1.3203 , 0.8084 , -17.7872 , -18.9663 , 26.0020
4 , -2.1715 , 1.8783 , 9.9922 , -1.4662 , 2.1395 , 9.4574 , -0.1783 , 0.5508 , -0.1412 , -0.7053 , -0.2612 , 0.5348 , 0.8103 , -12.6015 , -8.8127 , 15.3773
10 , -1.0080 , 5.3235 , 5.7616 , -0.9436 , 4.0960 , 8.8602 , -0.5546 , -0.2103 , -0.3819 , -0.0643 , 1.2275 , -3.0985 , 0.7713 , -24.6879 , -6.0792 , 25.4253
7 , -2.1320 , 3.9899 , 8.8514 , -1.4704 , 3.7616 , 8.9364 , -0.2724 , 0.1592 , -0.0246 , -0.6617 , 0.2283 , -0.0850 , 0.7985 , -22.5554 , -9.3435 , 24.4141
8 , -1.2043 , 2.5678 , 8.7113 , -1.1547 , 3.1935 , 9.1999 , -0.2907 , 0.7762 , 0.0628 , -0.0496 , -0.6257 , -0.4886 , 0.8033 , -19.0045 , -7.1540 , 20.3064
2 , -1.0259 , 3.6248 , 10.0963 , -1.4001 , 3.9531 , 8.8647 , -0.3261 , 0.2454 , -0.0166 , 0.3742 , -0.3283 , 1.2317 , 0.8071 , -23.7727 , -8.9752 , 25.4105
7 , 0.4477 , 4.0151 , 11.9914 , -1.1585 , 3.3114 , 9.1576 , 0.0001 , 0.4842 , -0.1559 , 1.6062 , 0.7036 , 2.8337 , 0.7892 , -19.7352 , -7.2102 , 21.0110
9 , -1.9010 , 2.5319 , 9.7935 , -1.5981 , 2.6261 , 9.3124 , 0.2976 , -0.0332 , 0.1862 , -0.3029 , -0.0942 , 0.4811 , 0.7886 , -15.5325 , -9.7379 , 18.3326
10 , -0.5878 , 3.9337 , 8.3701 , -1.0964 , 3.3462 , 9.1527 , -0.1203 , 0.1165 , -0.2042 , 0.5086 , 0.5875 , -0.7825 , 0.7454 , -19.9510 , -6.8308 , 21.0880
3 , -0.5866 , 3.9708 , 7.7740 , -0.9871 , 3.2970 , 9.1829 , -0.1307 , -0.5494 , 0.0145 , 0.4005 , 0.6738 , -1.4089 , 0.7990 , -19.6457 , -6.1352 , 20.5814
3 , 0.7733 , 4.3012 , 9.7803 , -0.7142 , 2.9680 , 9.3194 , 0.1381 , -0.5585 , -0.4277 , 1.4876 , 1.3332 , 0.4609 , 0.8073 , -17.6170 , -4.3826 , 18.1539
4 , -0.0227 , 3.9504 , 10.4722 , -1.5443 , 2.9032 , 9.2389 , -0.4654 , 1.0975 , -0.5456 , 1.5216 , 1.0472 , 1.2334 , 0.8232 , -17.2203 , -9.4896 , 19.6619
1 , -4.0259 , 3.8930 , 5.1080 , -3.1864 , 3.4610 , 8.6046 , -0.0738 , -0.0692 , 0.1312 , -0.8394 , 0.4320 , -3.4965 , 0.7898 , -20.6661 , -20.3205 , 28.9829
10 , -2.7186 , 2.3511 , 9.7288 , -2.4208 , 3.1800 , 8.9553 , -0.3994 , 0.2405 , 0.0707 , -0.2978 , -0.8289 , 0.7735 , 0.7435 , -18.9214 , -15.1269 , 24.2248
7 , -4.1635 , 2.6396 , 9.0956 , -3.1660 , 3.0904 , 8.7519 , -0.3487 , 0.7438 , -0.4418 , -0.9975 , -0.4508 , 0.3436 , 0.7626 , -18.3689 , -19.8874 , 27.0726
9 , -3.4644 , 2.4122 , 7.9368 , -3.4915 , 1.4571 , 9.0475 , -0.1991 , 0.1232 , 0.1165 , 0.0271 , 0.9551 , -1.1107 , 0.7661 , -8.5446 , -21.1022 , 22.7665
9 , -1.3491 , 1.7154 , 8.5126 , -0.3306 , 1.0086 , 9.7490 , 0.3122 , -0.0167 , -0.3764 , -1.0185 , 0.7068 , -1.2365 , 0.7974 , -5.9033 , -1.9425 , 6.2147
5 , -0.9301 , 3.3315 , 6.8486 , -1.0002 , 2.8067 , 9.3430 , -0.3011 , -0.2824 , -0.0539 , 0.0701 , 0.5249 , -2.4944 , 0.8023 , -16.6307 , -6.1106 , 17.7178
3 , 1.5969 , 4.1288 , 10.2819 , -0.5643 , 3.0814 , 9.2928 , -0.0158 , 0.5490 , -0.0215 , 2.1613 , 1.0474 , 0.9891 , 0.8162 , -18.3133 , -3.4753 , 18.6401
5 , -1.4222 , 2.6205 , 10.0497 , -0.8086 , 2.8459 , 9.3497 , -0.5088 , 0.5710 , 0.1874 , -0.6135 , -0.2254 , 0.6999 , 0.8142 , -16.8700 , -4.9431 , 17.5793
5 , -0.7159 , 2.5821 , 7.9595 , -0.8456 , 2.8181 , 9.3549 , -0.3817 , 0.1232 , 0.0011 , 0.1298 , -0.2359 , -1.3954 , 0.8162 , -16.7003 , -5.1652 , 17.4808
8 , -0.6943 , 4.4005 , 8.2540 , -0.8333 , 2.3613 , 9.4816 , 0.0532 , 0.0377 , 0.4568 , 0.1389 , 2.0392 , -1.2276 , 0.8077 , -13.9331 , -5.0224 , 14.8107
1 , -2.9317 , 2.9784 , 6.8642 , -3.0323 , 3.3566 , 8.7011 , -0.3359 , 0.6296 , 0.0249 , 0.1006 , -0.3782 , -1.8369 , 0.8005 , -20.0156 , -19.2130 , 27.7446
1 , -2.1620 , 4.3527 , 9.9563 , -3.0664 , 3.2516 , 8.7290 , -0.0604 , -0.1963 , 0.2644 , 0.9044 , 1.1011 , 1.2273 , 0.7796 , -19.3640 , -19.3557 , 27.3789
4 , -1.9848 , 3.7577 , 8.1451 , -2.2241 , 3.1434 , 9.0190 , -0.3658 , -0.7015 , -0.2188 , 0.2393 , 0.6143 , -0.8739 , 0.8057 , -18.6956 , -13.8527 , 23.2685
4 , -1.9728 , 2.9808 , 9.8067 , -2.3427 , 2.6731 , 9.1398 , -0.0115 , 0.3199 , -0.0038 , 0.3698 , 0.3077 , 0.6668 , 0.8150 , -15.8179 , -14.3761 , 21.3748
7 , -1.8148 , 3.4441 , 10.4962 , -1.1259 , 2.9659 , 9.2794 , 0.0111 , -0.3496 , -0.2176 , -0.6889 , 0.4782 , 1.2168 , 0.8189 , -17.6038 , -6.9182 , 18.9144
8 , -2.1859 , 2.7402 , 7.4543 , -1.1172 , 2.5254 , 9.4098 , 0.1931 , -0.1633 , 0.1086 , -1.0687 , 0.2147 , -1.9555 , 0.8016 , -14.9231 , -6.7708 , 16.3873
9 , -0.6428 , 2.6109 , 8.8334 , -0.4944 , 3.1057 , 9.2887 , -0.0641 , -0.1877 , 0.1501 , -0.1485 , -0.4948 , -0.4553 , 0.7843 , -18.4628 , -3.0466 , 18.7125
9 , -0.5471 , 4.0725 , 6.1100 , -0.8897 , 3.3696 , 9.1665 , -1.1294 , 0.7157 , 0.0579 , 0.3426 , 0.7029 , -3.0565 , 0.7967 , -20.0966 , -5.5438 , 20.8472
5 , -1.0762 , 5.5689 , 9.4595 , -1.0790 , 4.2236 , 8.7845 , -0.0341 , -0.5207 , -0.2671 , 0.0028 , 1.3453 , 0.6750 , 0.7744 , -25.5115 , -7.0025 , 26.4551
4 , -3.9421 , 3.5374 , 6.8594 , -1.9880 , 3.9610 , 8.7481 , -0.2345 , 0.2429 , 0.0298 , -1.9541 , -0.4236 , -1.8887 , 0.7857 , -23.8229 , -12.8027 , 27.0452
2 , -3.7816 , 3.2657 , 5.8203 , -2.2516 , 3.4024 , 8.9176 , -0.0574 , -0.2714 , 0.0842 , -1.5300 , -0.1367 , -3.0973 , 0.7935 , -20.3009 , -14.1705 , 24.7574
10 , -1.3408 , 0.6225 , 8.3462 , -0.0791 , 1.5081 , 9.6897 , -0.2907 , -0.2525 , 0.5515 , -1.2617 , -0.8856 , -1.3435 , 0.8000 , -8.8461 , -0.4676 , 8.8585
4 , -3.6871 , 4.6878 , 7.2209 , -2.5479 , 3.3768 , 8.8474 , 0.2108 , -0.1431 , -0.1437 , -1.1392 , 1.3111 , -1.6265 , 0.8078 , -20.1411 , -16.0656 , 25.7637
2 , -1.5886 , 3.7421 , 9.4523 , -2.2394 , 3.0593 , 9.0441 , -0.3829 , -0.2537 , -0.3184 , 0.6509 , 0.6829 , 0.4082 , 0.8089 , -18.1772 , -13.9075 , 22.8873
4 , -3.7864 , 3.0706 , 8.5724 , -2.4293 , 2.8744 , 9.0557 , -0.1691 , -0.0533 , 0.0530 , -1.3571 , 0.1962 , -0.4833 , 0.8065 , -17.0440 , -15.0169 , 22.7157
8 , -0.8906 , 2.6145 , 9.7923 , -0.9407 , 2.9359 , 9.3095 , -0.0348 , 0.0242 , -0.0514 , 0.0500 , -0.3215 , 0.4828 , 0.7860 , -17.4205 , -5.7698 , 18.3511
7 , -0.3053 , 4.0654 , 13.5560 , -1.9554 , 3.0612 , 9.1091 , -0.1728 , 0.6369 , 0.0384 , 1.6502 , 1.0042 , 4.4469 , 0.7947 , -18.1889 , -12.1158 , 21.8547
9 , -1.8974 , 3.2513 , 6.7469 , -1.3836 , 2.3942 , 9.4087 , -0.2583 , -0.1279 , 0.2381 , -0.5138 , 0.8571 , -2.6618 , 0.7888 , -14.1313 , -8.3654 , 16.4218
2 , -2.1033 , 4.0510 , 7.4915 , -2.2346 , 3.2967 , 8.9615 , -0.3066 , -0.7253 , -0.2396 , 0.1313 , 0.7543 , -1.4701 , 0.8147 , -19.6435 , -14.0015 , 24.1227
1 , -3.1304 , 3.3387 , 9.9659 , -3.2423 , 3.3219 , 8.6385 , -0.2253 , -0.0527 , -0.0655 , 0.1118 , 0.0168 , 1.3274 , 0.8132 , -19.8002 , -20.5725 , 28.5531
1 , -3.5422 , 3.9851 , 11.9363 , -3.3774 , 3.4005 , 8.5557 , 0.0306 , 0.0890 , -0.0105 , -0.1648 , 0.5847 , 3.3806 , 0.8128 , -20.2887 , -21.5418 , 29.5919
5 , -1.2186 , 3.8762 , 11.0828 , -1.5811 , 3.1139 , 9.1637 , -0.0152 , 0.0682 , 0.1685 , 0.3624 , 0.7623 , 1.9190 , 0.8065 , -18.5138 , -9.7894 , 20.9426
7 , -2.2338 , 4.1659 , 10.9678 , -1.1935 , 3.3312 , 9.1460 , -0.9694 , 0.4176 , -0.1987 , -1.0403 , 0.8347 , 1.8219 , 0.8066 , -19.8580 , -7.4348 , 21.2041
8 , -0.7099 , 4.1551 , 11.4958 , -1.2382 , 3.2132 , 9.1822 , -0.2986 , -0.0625 , -0.1681 , 0.5284 , 0.9419 , 2.3136 , 0.7892 , -19.1268 , -7.6802 , 20.6111
10 , -1.1648 , 3.4105 , 10.5656 , -1.1149 , 2.7188 , 9.3560 , 0.0612 , -0.1621 , -0.0307 , -0.0499 , 0.6917 , 1.2096 , 0.7776 , -16.0955 , -6.7952 , 17.4712
8 , -0.9421 , 3.8738 , 10.1670 , -1.1352 , 3.4767 , 9.0991 , 0.0893 , -0.2800 , -0.2848 , 0.1931 , 0.3971 , 1.0679 , 0.7856 , -20.7646 , -7.1117 , 21.9487
3 , -3.2190 , 2.9521 , 9.4739 , -1.8416 , 3.7181 , 8.8856 , 0.4417 , -0.7363 , 0.1764 , -1.3774 , -0.7661 , 0.5882 , 0.8044 , -22.2805 , -11.7090 , 25.1698
1 , -2.7701 , 4.8423 , 5.8215 , -2.8354 , 3.9566 , 8.5133 , -0.3701 , 0.2142 , 0.0640 , 0.0653 , 0.8857 , -2.6918 , 0.8173 , -23.7945 , -18.4207 , 30.0915
6 , -0.2945 , 3.8056 , 9.7612 , -0.9464 , 3.0863 , 9.2601 , 0.2750 , 0.0303 , -0.3373 , 0.6519 , 0.7193 , 0.5011 , 0.8204 , -18.3435 , -5.8356 , 19.2494
2 , -0.3627 , 4.4592 , 14.2096 , -1.4346 , 3.5629 , 9.0232 , 0.1222 , 0.5196 , 0.0622 , 1.0718 , 0.8963 , 5.1864 , 0.8199 , -21.3042 , -9.0336 , 23.1403
6 , -1.3216 , 1.9716 , 8.7053 , -0.8319 , 2.9960 , 9.3007 , 0.2126 , -0.5952 , -0.1046 , -0.4897 , -1.0244 , -0.5954 , 0.8286 , -17.7886 , -5.1110 , 18.5083
2 , -1.4377 , 3.8415 , 11.2061 , -1.3917 , 3.5932 , 9.0179 , -0.0531 , 0.3431 , 0.0115 , -0.0460 , 0.2483 , 2.1882 , 0.8211 , -21.4942 , -8.7729 , 23.2156
8 , 0.7602 , 3.7828 , 12.3984 , -0.4195 , 3.0951 , 9.2959 , -0.2290 , 0.4402 , 0.0530 , 1.1797 , 0.6877 , 3.1024 , 0.7911 , -18.3980 , -2.5840 , 18.5786
6 , -0.0371 , 3.5279 , 7.9883 , -1.1815 , 2.7285 , 9.3450 , 0.1974 , -0.7351 , -0.2756 , 1.1443 , 0.7993 , -1.3568 , 0.8272 , -16.1547 , -7.2054 , 17.6888
6 , -1.1277 , 2.1907 , 10.2939 , -0.8706 , 2.8050 , 9.3565 , 0.0288 , -0.0613 , 0.0561 , -0.2570 , -0.6143 , 0.9373 , 0.8243 , -16.6202 , -5.3161 , 17.4497
4 , -0.2574 , 4.2677 , 11.8046 , -1.4894 , 3.2175 , 9.1433 , -0.4251 , 0.6999 , -0.2756 , 1.2320 , 1.0501 , 2.6613 , 0.8214 , -19.1533 , -9.2517 , 21.2707
7 , -2.2122 , 4.1156 , 7.4603 , -1.9418 , 2.8662 , 9.1752 , 0.0459 , -1.3362 , -0.0258 , -0.2704 , 1.2494 , -1.7149 , 0.8010 , -16.9942 , -11.9496 , 20.7749
7 , -0.9996 , 3.0418 , 10.7679 , -1.7206 , 2.6706 , 9.2778 , 0.3128 , 0.4066 , 0.0805 , 0.7210 , 0.3712 , 1.4901 , 0.8019 , -15.8028 , -10.5064 , 18.9766
6 , -0.2610 , 3.5841 , 7.8326 , -0.9991 , 2.0664 , 9.5343 , -0.4416 , -0.1706 , -0.3520 , 0.7382 , 1.5177 , -1.7016 , 0.8080 , -12.1642 , -5.9824 , 13.5557
5 , 0.2646 , 2.7054 , 10.3825 , -0.8677 , 2.5433 , 9.4313 , -0.2162 , 0.0963 , 0.2308 , 1.1323 , 0.1622 , 0.9512 , 0.8033 , -15.0310 , -5.2566 , 15.9237
9 , -0.7482 , 1.9764 , 10.9140 , -0.5697 , 1.4230 , 9.6861 , -0.1209 , -0.0234 , 0.0939 , -0.1785 , 0.5534 , 1.2278 , 0.8071 , -8.3434 , -3.3659 , 8.9967
9 , -1.1253 , 1.4988 , 7.3777 , -0.1582 , 1.5806 , 9.6771 , -0.2088 , -0.1835 , 0.2302 , -0.9671 , -0.0818 , -2.2994 , 0.7794 , -9.2750 , -0.9365 , 9.3221
2 , -3.8690 , 2.0961 , 9.4140 , -1.9102 , 2.8616 , 9.1833 , -0.1142 , 0.2008 , -0.0624 , -1.9588 , -0.7654 , 0.2307 , 0.8185 , -16.9656 , -11.7507 , 20.6376
8 , -1.1935 , 2.4110 , 9.3051 , -0.9113 , 2.9162 , 9.3186 , -0.4312 , -0.1664 , -0.0337 , -0.2822 , -0.5053 , -0.0135 , 0.7877 , -17.2999 , -5.5854 , 18.1792
9 , 0.4034 , 4.2617 , 6.4428 , -0.7915 , 2.8569 , 9.3478 , -0.5375 , -0.2470 , -0.1425 , 1.1949 , 1.4048 , -2.9050 , 0.7872 , -16.9372 , -4.8398 , 17.6151
3 , 0.2095 , 3.1520 , 9.0154 , -1.1158 , 2.8272 , 9.3237 , 0.2603 , -0.1938 , -0.0392 , 1.3253 , 0.3248 , -0.3084 , 0.8339 , -16.7560 , -6.8243 , 18.0923
5 , -0.5818 , 2.6683 , 5.9723 , -0.8610 , 2.6410 , 9.4050 , -0.5552 , -0.0986 , -0.1070 , 0.2792 , 0.0273 , -3.4327 , 0.8362 , -15.6231 , -5.2304 , 16.4754
3 , 0.7350 , 3.8451 , 9.5181 , -0.9405 , 2.5841 , 9.4132 , -0.1661 , -0.1181 , -0.3569 , 1.6755 , 1.2610 , 0.1050 , 0.8369 , -15.2783 , -5.7057 , 16.3089
2 , -2.4086 , 2.5031 , 4.7561 , -1.3988 , 2.8256 , 9.2860 , -0.3774 , 0.3455 , -0.0368 , -1.0097 , -0.3225 , -4.5299 , 0.8303 , -16.7462 , -8.5666 , 18.8102
8 , -0.1185 , 3.9935 , 10.1754 , -0.3349 , 2.8202 , 9.3864 , -0.4575 , 0.3321 , 0.1465 , 0.2164 , 1.1733 , 0.7889 , 0.8018 , -16.7132 , -2.0433 , 16.8376
6 , -1.1648 , 3.1424 , 9.7600 , -0.9051 , 2.1283 , 9.5300 , -0.5289 , -0.4339 , -0.1199 , -0.2597 , 1.0141 , 0.2299 , 0.7931 , -12.5344 , -5.4250 , 13.6581
2 , -1.3563 , 3.1388 , 8.3366 , -1.6944 , 3.2124 , 9.1093 , 0.2157 , -0.4131 , 0.1874 , 0.3381 , -0.0736 , -0.7727 , 0.8087 , -19.1214 , -10.5369 , 21.8324
10 , 0.4190 , 2.8120 , 9.0860 , 0.3038 , 3.0500 , 9.3153 , -0.1209 , -0.3569 , -0.0136 , 0.1152 , -0.2380 , -0.2293 , 0.7567 , -18.1204 , 1.8676 , 18.2164
10 , -0.2921 , 2.5343 , 7.2808 , 0.1645 , 2.8416 , 9.3845 , -0.5992 , -0.0387 , 0.4562 , -0.4566 , -0.3073 , -2.1037 , 0.7648 , -16.8438 , 1.0045 , 16.8737
7 , -1.8663 , 3.2370 , 10.3872 , -1.3576 , 2.5618 , 9.3683 , -0.3506 , 0.1531 , -0.1015 , -0.5087 , 0.6752 , 1.0190 , 0.8087 , -15.1432 , -8.2458 , 17.2426
7 , 0.1903 , 3.4812 , 12.0045 , -1.5069 , 2.3060 , 9.4118 , 0.3764 , 0.2423 , -0.1357 , 1.6973 , 1.1752 , 2.5927 , 0.8137 , -13.6003 , -9.0966 , 16.3620
4 , -2.1524 , 3.0765 , 6.1627 , -1.4256 , 3.2492 , 9.1422 , -0.3084 , -0.2213 , -0.0136 , -0.7268 , -0.1727 , -2.9796 , 0.8133 , -19.3494 , -8.8628 , 21.2826
1 , -2.6528 , 3.0466 , 10.5249 , -2.5552 , 3.4337 , 8.8233 , 0.0502 , 0.7695 , 0.1953 , -0.0976 , -0.3870 , 1.7016 , 0.8215 , -20.4956 , -16.1509 , 26.0944
3 , -0.3747 , 4.2042 , 10.9259 , -0.8940 , 2.8876 , 9.3291 , 0.1308 , -0.5017 , -0.2213 , 0.5193 , 1.3166 , 1.5968 , 0.8115 , -17.1249 , -5.4736 , 17.9784
1 , -1.6281 , 3.3543 , 8.2780 , -2.4846 , 3.4564 , 8.8346 , -0.2699 , 0.2533 , -0.3990 , 0.8565 , -0.1021 , -0.5567 , 0.8245 , -20.6376 , -15.7075 , 25.9353
9 , -1.2127 , 1.4018 , 11.3725 , -0.7677 , 1.3360 , 9.6848 , 0.7465 , 0.7683 , 0.2100 , -0.4450 , 0.0658 , 1.6876 , 0.7719 , -7.8297 , -4.5322 , 9.0469
4 , -1.5538 , 4.0869 , 12.1374 , -1.5235 , 3.2229 , 9.1358 , -0.1899 , 0.0926 , 0.0231 , -0.0304 , 0.8640 , 3.0016 , 0.8158 , -19.1867 , -9.4674 , 21.3954
7 , -1.8064 , 2.1009 , 10.4974 , -1.6728 , 2.6770 , 9.2847 , -0.0574 , -0.0485 , 0.2613 , -0.1336 , -0.5761 , 1.2127 , 0.8086 , -15.8416 , -10.2135 , 18.8486
7 , -1.4329 , 2.8515 , 10.9068 , -1.7093 , 2.3693 , 9.3614 , -0.3438 , 0.0481 , -0.0105 , 0.2764 , 0.4822 , 1.5454 , 0.8234 , -13.9813 , -10.3476 , 17.3940
10 , -0.3795 , 3.7589 , 9.6403 , -0.7381 , 2.8566 , 9.3523 , -0.3090 , -0.2690 , -0.1675 , 0.3586 , 0.9022 , 0.2880 , 0.8142 , -16.9356 , -4.5127 , 17.5265
8 , -0.0347 , 4.3598 , 10.2879 , -1.2550 , 3.0834 , 9.2243 , -0.0622 , -0.0136 , -0.2720 , 1.2203 , 1.2765 , 1.0636 , 0.8240 , -18.3257 , -7.7476 , 19.8961
6 , -1.5239 , 3.7266 , 8.1678 , -1.2363 , 3.4859 , 9.0824 , 0.1448 , -0.4981 , -0.1315 , -0.2876 , 0.2406 , -0.9146 , 0.8180 , -20.8221 , -7.7515 , 22.2181
7 , -4.0462 , 3.7278 , 7.1371 , -2.1314 , 3.9322 , 8.7273 , 0.1082 , 0.5496 , -0.2457 , -1.9148 , -0.2044 , -1.5902 , 0.8272 , -23.6389 , -13.7244 , 27.3341
3 , -1.4844 , 4.1288 , 9.3494 , -1.3833 , 3.9485 , 8.8694 , -0.0280 , -0.0961 , 0.1178 , -0.1011 , 0.1803 , 0.4800 , 0.8194 , -23.7428 , -8.8649 , 25.3438
2 , -1.1959 , 4.5526 , 9.3829 , -1.6189 , 4.0185 , 8.7978 , -0.0867 , -0.0094 , -0.1400 , 0.4230 , 0.5341 , 0.5851 , 0.8280 , -24.1903 , -10.4263 , 26.3415
10 , -0.7793 , 3.8595 , 9.7193 , -0.9612 , 3.0676 , 9.2648 , 0.1497 , -0.7620 , -0.1516 , 0.1819 , 0.7919 , 0.4545 , 0.8141 , -18.2285 , -5.9231 , 19.1667
4 , -1.3719 , 5.5402 , 10.8086 , -2.4628 , 4.3260 , 8.4493 , 0.0214 , 0.8556 , -0.2286 , 1.0910 , 1.2141 , 2.3593 , 0.8223 , -26.1762 , -16.2506 , 30.8103
10 , 0.3005 , 5.3355 , 9.2201 , -1.5173 , 4.1291 , 8.7646 , 0.0599 , -0.5738 , -0.0960 , 1.8177 , 1.2063 , 0.4554 , 0.7709 , -24.9012 , -9.8212 , 26.7680
2 , -1.6221 , 5.1523 , 9.7336 , -2.4666 , 4.0126 , 8.6015 , 0.1204 , -0.4052 , -0.2940 , 0.8445 , 1.1397 , 1.1322 , 0.8188 , -24.1527 , -16.0011 , 28.9722
6 , -1.0690 , 4.8255 , 9.0237 , -1.6677 , 4.0645 , 8.7675 , -0.3964 , 0.2564 , 0.1880 , 0.5987 , 0.7610 , 0.2563 , 0.8366 , -24.4857 , -10.7699 , 26.7496
2 , -0.7506 , 4.3718 , 5.8347 , -1.6253 , 3.4600 , 9.0309 , -0.4569 , 0.2118 , 0.0335 , 0.8747 , 0.9118 , -3.1962 , 0.8515 , -20.6599 , -10.2025 , 23.0418
10 , -1.0594 , 3.2597 , 7.0354 , -0.5635 , 1.9669 , 9.5908 , -0.5515 , -0.5579 , 0.2106 , -0.4959 , 1.2928 , -2.5555 , 0.7931 , -11.5699 , -3.3628 , 12.0487
4 , -0.9577 , 3.0466 , 7.8410 , -1.8623 , 2.8379 , 9.2005 , -0.1520 , -0.0124 , 0.0182 , 0.9046 , 0.2087 , -1.3594 , 0.8141 , -16.8214 , -11.4428 , 20.3445
8 , -1.7166 , 2.3966 , 9.9671 , -0.5976 , 2.6151 , 9.4326 , -0.3787 , -0.2000 , -0.2646 , -1.1190 , -0.2185 , 0.5344 , 0.7903 , -15.4661 , -3.6254 , 15.8853
2 , -0.0898 , 3.8271 , 9.6247 , -1.1954 , 3.3260 , 9.1476 , -0.3878 , -0.5634 , -0.0832 , 1.1056 , 0.5011 , 0.4771 , 0.8133 , -19.8257 , -7.4451 , 21.1775
5 , -2.1644 , 3.0562 , 11.3581 , -0.9414 , 3.1601 , 9.2357 , -0.1307 , 0.1550 , 0.0066 , -1.2230 , -0.1040 , 2.1224 , 0.8120 , -18.7988 , -5.8201 , 19.6791
6 , 1.3156 , 3.5398 , 10.0796 , -0.1113 , 2.6960 , 9.4281 , 0.1167 , -0.5042 , 0.2919 , 1.4269 , 0.8438 , 0.6515 , 0.8020 , -15.9571 , -0.6765 , 15.9715
1 , -3.1364 , 3.9528 , 7.8231 , -2.9310 , 3.3239 , 8.7482 , -0.2088 , 0.5484 , -0.1797 , -0.2054 , 0.6289 , -0.9252 , 0.8248 , -19.8125 , -18.5230 , 27.1227
3 , -0.4322 , 3.7038 , 10.0401 , -1.0468 , 2.4337 , 9.4420 , 0.0159 , -0.6502 , 0.0139 , 0.6147 , 1.2702 , 0.5981 , 0.8287 , -14.3690 , -6.3264 , 15.7000
8 , -0.0036 , 3.8559 , 9.5122 , -0.0635 , 3.0868 , 9.3079 , -1.1911 , -0.4339 , -0.4345 , 0.0599 , 0.7690 , 0.2042 , 0.7851 , -18.3469 , -0.3909 , 18.3510
6 , 1.2127 , 5.4324 , 8.6886 , -0.3714 , 2.7139 , 9.4163 , -0.7525 , -0.7503 , -0.4149 , 1.5841 , 2.7186 , -0.7278 , 0.8127 , -16.0657 , -2.2589 , 16.2237
10 , -0.4549 , 3.9433 , 7.2329 , 0.1501 , 3.4163 , 9.1911 , -0.6939 , -0.1883 , -0.2494 , -0.6050 , 0.5269 , -1.9582 , 0.7727 , -20.3876 , 0.9358 , 20.4091
2 , -0.7063 , 3.9061 , 8.5437 , -1.2353 , 3.3394 , 9.1374 , -0.2657 , -0.6178 , -0.0685 , 0.5291 , 0.5667 , -0.5937 , 0.8305 , -19.9091 , -7.6995 , 21.3460
4 , -1.5323 , 3.5793 , 9.9994 , -1.2684 , 3.1178 , 9.2109 , -0.2040 , 0.5093 , -0.1028 , -0.2639 , 0.4615 , 0.7885 , 0.8330 , -18.5378 , -7.8406 , 20.1277
9 , -0.8404 , 2.3296 , 6.0861 , -0.4076 , 2.5322 , 9.4653 , -0.4587 , -0.4810 , 0.0457 , -0.4327 , -0.2026 , -3.3793 , 0.8037 , -14.9640 , -2.4659 , 15.1658
1 , -2.5989 , 4.2593 , 7.2832 , -2.6567 , 3.5181 , 8.7599 , -0.2608 , 0.9998 , 0.6975 , 0.0578 , 0.7412 , -1.4767 , 0.8515 , -21.0232 , -16.8716 , 26.9560
6 , -0.6045 , 2.3080 , 11.2456 , -1.1799 , 2.5222 , 9.4030 , -0.3090 , -0.8010 , 0.1550 , 0.5754 , -0.2142 , 1.8425 , 0.8315 , -14.9034 , -7.1522 , 16.5307
1 , -1.0894 , 4.7178 , 10.9547 , -3.4357 , 3.5470 , 8.4726 , 0.1461 , 0.2423 , -0.1724 , 2.3464 , 1.1708 , 2.4821 , 0.8013 , -21.2040 , -22.0731 , 30.6077
2 , -2.2577 , 4.2952 , 9.5373 , -2.4030 , 3.6413 , 8.7828 , 0.0862 , 0.3602 , 0.0976 , 0.1453 , 0.6539 , 0.7545 , 0.8036 , -21.7963 , -15.3020 , 26.6314
3 , -2.4086 , 3.2118 , 7.1563 , -1.6357 , 3.1655 , 9.1364 , 0.0410 , -0.2824 , -0.0808 , -0.7729 , 0.0463 , -1.9802 , 0.8020 , -18.8321 , -10.1501 , 21.3933
10 , -0.6572 , 2.6827 , 7.9487 , -1.1592 , 2.4245 , 9.4312 , 0.6647 , 0.2362 , 0.0756 , 0.5020 , 0.2582 , -1.4825 , 0.7677 , -14.3136 , -7.0074 , 15.9368
2 , -0.3795 , 5.1128 , 8.3606 , -1.5069 , 3.6873 , 8.9612 , -0.0910 , -0.1890 , -0.0667 , 1.1274 , 1.4255 , -0.6007 , 0.8083 , -22.0860 , -9.5456 , 24.0605
1 , -2.8419 , 3.9121 , 6.8319 , -3.4399 , 3.5117 , 8.4856 , -0.1105 , 0.3553 , -0.1302 , 0.5980 , 0.4004 , -1.6538 , 0.8150 , -20.9831 , -22.0665 , 30.4503
5 , -0.4058 , 4.6866 , 12.5516 , -1.1441 , 3.0835 , 9.2387 , -0.0225 , 0.1996 , -0.2072 , 0.7383 , 1.6032 , 3.3129 , 0.8235 , -18.3262 , -7.0595 , 19.6389
1 , -1.8196 , 4.3287 , 11.6035 , -2.4920 , 3.4683 , 8.8279 , -0.0482 , 0.6467 , -0.0288 , 0.6724 , 0.8605 , 2.7756 , 0.8331 , -20.7116 , -15.7635 , 26.0280
6 , -1.4485 , 3.3387 , 8.2851 , -0.4877 , 2.3286 , 9.5137 , 0.1497 , -0.3172 , -0.1064 , -0.9608 , 1.0101 , -1.2285 , 0.8093 , -13.7361 , -2.9348 , 14.0461
7 , -0.7374 , 4.1815 , 11.6167 , -1.5868 , 3.1948 , 9.1349 , -0.3414 , 0.8373 , -0.1144 , 0.8494 , 0.9867 , 2.4818 , 0.7931 , -19.0126 , -9.8546 , 21.4147
10 , 0.2298 , 2.9808 , 10.5728 , -0.9617 , 2.0145 , 9.5492 , 0.0282 , 0.2252 , -0.4595 , 1.1915 , 0.9663 , 1.0236 , 0.8127 , -11.8543 , -5.7507 , 13.1756
9 , 1.0690 , 1.9752 , 10.5465 , -0.1104 , 1.9615 , 9.6078 , 0.0599 , -0.0998 , 0.1001 , 1.1795 , 0.0137 , 0.9386 , 0.8007 , -11.5380 , -0.6586 , 11.5567
10 , -0.3915 , 2.0865 , 9.1578 , -0.1601 , 2.2312 , 9.5481 , -0.2705 , -0.1682 , 0.2723 , -0.2313 , -0.1446 , -0.3903 , 0.8115 , -13.1509 , -0.9609 , 13.1859
10 , -0.9397 , 1.9668 , 7.1479 , -0.1784 , 3.1706 , 9.2783 , -0.4153 , 0.6113 , 0.0304 , -0.7614 , -1.2037 , -2.1304 , 0.8047 , -18.8630 , -1.1012 , 18.8952
9 , 0.5459 , 7.0342 , 5.2170 , -0.0116 , 3.6258 , 9.1117 , 0.0923 , -1.0747 , -0.2854 , 0.5575 , 3.4083 , -3.8948 , 0.8049 , -21.6990 , -0.0732 , 21.6991
2 , 0.6057 , 4.3754 , 8.5401 , -0.8216 , 4.6037 , 8.6198 , -0.2107 , 0.0291 , -0.0038 , 1.4273 , -0.2283 , -0.0797 , 0.8042 , -27.9987 , -5.4445 , 28.5231
6 , 0.3017 , 4.1934 , 7.1419 , -0.3283 , 3.7028 , 9.0748 , -0.1148 , -0.2268 , 0.0506 , 0.6300 , 0.4906 , -1.9329 , 0.8118 , -22.1839 , -2.0719 , 22.2805
3 , -0.0850 , 3.7182 , 7.6124 , -0.4390 , 3.7266 , 9.0604 , 0.2914 , -0.9574 , -0.3550 , 0.3540 , -0.0084 , -1.4480 , 0.8107 , -22.3338 , -2.7741 , 22.5055
5 , -1.3180 , 3.1556 , 6.1555 , -0.7058 , 3.6964 , 9.0559 , -0.2235 , 0.5453 , 0.1245 , -0.6122 , -0.5409 , -2.9004 , 0.8111 , -22.1438 , -4.4565 , 22.5878
9 , -1.4162 , 2.1093 , 9.8186 , -1.0180 , 2.9719 , 9.2899 , 0.4038 , -0.2470 , 0.4043 , -0.3981 , -0.8626 , 0.5287 , 0.7885 , -17.6406 , -6.2538 , 18.7163
6 , -0.2538 , 4.7058 , 7.2604 , -1.1760 , 3.4634 , 9.0990 , -0.1594 , -0.3618 , -0.1254 , 0.9222 , 1.2424 , -1.8386 , 0.8097 , -20.6812 , -7.3645 , 21.9533
7 , -1.4832 , 4.1779 , 6.9180 , -2.0265 , 3.9639 , 8.7379 , -0.2015 , -0.7620 , -0.1168 , 0.5433 , 0.2140 , -1.8199 , 0.7851 , -23.8412 , -13.0572 , 27.1826
3 , -2.0183 , 3.2777 , 7.3466 , -1.6884 , 3.4465 , 9.0245 , 0.3092 , -0.0472 , -0.0404 , -0.3300 , -0.1688 , -1.6779 , 0.7938 , -20.5755 , -10.5967 , 23.1439
10 , -0.6249 , 4.6687 , 8.5904 , -1.6973 , 3.7432 , 8.9038 , 0.6916 , -0.7815 , -0.2365 , 1.0724 , 0.9255 , -0.3134 , 0.8063 , -22.4391 , -10.7927 , 24.8998
6 , -2.5055 , 3.9756 , 7.6447 , -1.8548 , 4.3438 , 8.5943 , -0.2052 , -0.9715 , -0.3740 , -0.6507 , -0.3682 , -0.9496 , 0.7972 , -26.2916 , -12.1789 , 28.9754
9 , -0.4465 , 5.2170 , 7.6267 , -1.5328 , 3.5940 , 8.9947 , -0.1215 , 0.0499 , -0.5847 , 1.0863 , 1.6229 , -1.3679 , 0.8146 , -21.4992 , -9.6713 , 23.5743
4 , -3.3088 , 5.4492 , 7.3514 , -2.9310 , 4.7002 , 8.0924 , -0.5564 , 0.1996 , 0.0451 , -0.3778 , 0.7490 , -0.7410 , 0.7937 , -28.6391 , -19.9097 , 34.8797
3 , -2.6181 , 5.5007 , 5.7664 , -1.8960 , 5.4569 , 7.9245 , -0.3750 , -0.3655 , -0.2830 , -0.7221 , 0.0437 , -2.1581 , 0.7722 , -33.8108 , -13.4553 , 36.3898
3 , -1.1097 , 5.7317 , 8.9854 , -1.6412 , 5.1956 , 8.1537 , 0.0868 , -0.0540 , -0.0759 , 0.5315 , 0.5361 , 0.8318 , 0.7787 , -31.9925 , -11.3804 , 33.9564
5 , -2.4684 , 5.0410 , 6.6966 , -1.2565 , 4.4309 , 8.6579 , -0.3744 , -0.3967 , 0.0243 , -1.2119 , 0.6101 , -1.9613 , 0.7785 , -26.8606 , -8.2576 , 28.1013
4 , -1.6041 , 5.2337 , 6.3805 , -1.5259 , 4.6312 , 8.5085 , -0.1520 , -0.1218 , -0.1974 , -0.0782 , 0.6025 , -2.1279 , 0.7902 , -28.1804 , -10.1675 , 29.9585
1 , -1.6592 , 5.5809 , 9.4284 , -2.7175 , 4.7897 , 8.1145 , -0.2687 , -0.0503 , 0.0616 , 1.0583 , 0.7912 , 1.3139 , 0.8031 , -29.2363 , -18.5153 , 34.6060
10 , 1.4533 , 4.8686 , 8.1690 , -0.3175 , 3.5553 , 9.1340 , -0.3811 , 0.1598 , -0.2109 , 1.7708 , 1.3133 , -0.9650 , 0.7452 , -21.2562 , -1.9910 , 21.3492
8 , 0.1281 , 4.4879 , 11.1773 , -0.3242 , 3.7120 , 9.0712 , -0.5167 , 0.5765 , -0.0930 , 0.4523 , 0.7759 , 2.1062 , 0.7590 , -22.2421 , -2.0467 , 22.3361
7 , -1.5071 , 4.5957 , 7.8434 , -1.0341 , 3.8707 , 8.9509 , -0.6682 , 0.1989 , -0.0832 , -0.4731 , 0.7250 , -1.1075 , 0.7609 , -23.2474 , -6.5899 , 24.1633
2 , -1.2845 , 4.7956 , 4.9141 , -1.4379 , 4.1009 , 8.7912 , -0.0299 , 0.1122 , -0.1418 , 0.1534 , 0.6947 , -3.8771 , 0.7801 , -24.7192 , -9.2891 , 26.4069
2 , -1.3647 , 4.0570 , 7.4268 , -1.2905 , 4.1847 , 8.7746 , -0.2034 , -0.2122 , 0.0548 , -0.0741 , -0.1277 , -1.3478 , 0.7792 , -25.2596 , -8.3670 , 26.6093
9 , 0.7422 , 3.1915 , 10.5812 , -0.2646 , 1.9910 , 9.5988 , -0.0500 , 0.1611 , -0.0771 , 1.0068 , 1.2004 , 0.9824 , 0.7728 , -11.7141 , -1.5787 , 11.8201
4 , -2.1739 , 3.2190 , 10.9798 , -1.6795 , 3.3632 , 9.0575 , -0.2162 , 0.0810 , -0.2292 , -0.4944 , -0.1442 , 1.9223 , 0.7916 , -20.0568 , -10.5047 , 22.6412
1 , -3.2465 , 5.4348 , 7.3526 , -3.6962 , 4.2346 , 8.0360 , -0.2394 , 0.4885 , -0.0826 , 0.4496 , 1.2002 , -0.6834 , 0.8141 , -25.5824 , -24.7003 , 35.5607
6 , -2.7976 , 1.4904 , 9.3350 , -2.0019 , 2.5105 , 9.2661 , -0.2198 , -0.1780 , 0.1184 , -0.7957 , -1.0201 , 0.0689 , 0.8165 , -14.8331 , -12.1911 , 19.2000
1 , -2.0051 , 4.7681 , 12.2404 , -3.3503 , 3.2737 , 8.6156 , -0.0005 , -0.1187 , -0.0679 , 1.3451 , 1.4944 , 3.6247 , 0.8195 , -19.5010 , -21.2491 , 28.8412
1 , -1.5814 , 4.1839 , 6.6714 , -3.0584 , 3.7746 , 8.5187 , -0.3689 , 0.0878 , 0.1245 , 1.4770 , 0.4092 , -1.8473 , 0.7732 , -22.6379 , -19.7492 , 30.0417
4 , -0.6416 , 3.9648 , 13.4123 , -1.5211 , 3.0782 , 9.1859 , -0.8887 , -0.4974 , 0.1538 , 0.8795 , 0.8866 , 4.2264 , 0.7926 , -18.2939 , -9.4024 , 20.5687
1 , -3.8247 , 3.8750 , 10.7272 , -3.5721 , 4.0512 , 8.1853 , -0.0934 , 0.2264 , -0.2420 , -0.2527 , -0.1762 , 2.5419 , 0.8074 , -24.4000 , -23.5766 , 33.9295
7 , -0.3986 , 4.7908 , 9.5900 , -1.1749 , 4.1982 , 8.7844 , -0.3585 , 0.6889 , -0.2084 , 0.7763 , 0.5926 , 0.8056 , 0.7704 , -25.3469 , -7.6180 , 26.4669
10 , -1.4461 , 3.8307 , 6.8977 , -1.8859 , 4.6018 , 8.4521 , -0.4679 , -0.3930 , 0.4745 , 0.4398 , -0.7710 , -1.5544 , 0.7430 , -27.9856 , -12.5780 , 30.6822
5 , -1.4832 , 3.5686 , 9.2572 , -0.6250 , 3.9485 , 8.9548 , -0.4599 , 0.1965 , -0.1125 , -0.8582 , -0.3800 , 0.3024 , 0.7787 , -23.7432 , -3.9923 , 24.0765
3 , -0.8428 , 3.6931 , 10.4639 , -0.7189 , 2.3793 , 9.4864 , -0.1624 , -0.7198 , -0.1327 , -0.1238 , 1.3137 , 0.9774 , 0.8160 , -14.0414 , -4.3339 , 14.6950
4 , -1.1157 , 3.4189 , 7.4543 , -1.3138 , 2.4598 , 9.4018 , -0.2644 , 0.1183 , -0.0062 , 0.1982 , 0.9591 , -1.9474 , 0.8173 , -14.5268 , -7.9553 , 16.5624
5 , -2.3667 , 4.0929 , 9.5960 , -1.4693 , 3.6357 , 8.9885 , -0.2901 , 0.0334 , -0.0301 , -0.8974 , 0.4571 , 0.6075 , 0.8008 , -21.7615 , -9.2838 , 23.6590
5 , -1.9740 , 3.4105 , 7.5477 , -1.6250 , 3.0877 , 9.1649 , -0.0073 , -0.2971 , -0.0966 , -0.3491 , 0.3228 , -1.6172 , 0.7999 , -18.3524 , -10.0542 , 20.9260
6 , -0.3412 , 5.0542 , 9.5170 , -0.9513 , 4.5882 , 8.6148 , 0.2823 , -0.2586 , -0.1803 , 0.6101 , 0.4660 , 0.9022 , 0.7856 , -27.8958 , -6.3012 , 28.5986
7 , -3.1304 , 4.2844 , 12.2428 , -2.8926 , 4.3105 , 8.3200 , -0.9199 , -0.5970 , 0.2344 , -0.2378 , -0.0261 , 3.9227 , 0.7976 , -26.0752 , -19.1710 , 32.3642
6 , -2.5917 , 2.9090 , 10.2520 , -2.0402 , 3.5535 , 8.9096 , -0.3658 , 0.0029 , -0.2988 , -0.5515 , -0.6445 , 1.3424 , 0.8048 , -21.2447 , -12.8977 , 24.8533
5 , -1.9022 , 3.6703 , 6.6535 , -2.3359 , 3.5256 , 8.8478 , -0.3677 , -0.2439 , 0.0946 , 0.4338 , 0.1447 , -2.1943 , 0.8182 , -21.0702 , -14.7894 , 25.7426
5 , -2.2661 , 4.1887 , 6.1519 , -2.2356 , 3.7633 , 8.7755 , -0.3665 , -0.5775 , -0.0728 , -0.0305 , 0.4254 , -2.6236 , 0.8144 , -22.5660 , -14.2922 , 26.7113
5 , -3.3878 , 2.7545 , 7.1515 , -2.0045 , 3.8126 , 8.8100 , -0.0763 , 0.2759 , -0.0148 , -1.3833 , -1.0581 , -1.6585 , 0.8129 , -22.8786 , -12.8182 , 26.2247
7 , -2.4888 , 4.4796 , 3.7457 , -2.6886 , 4.4040 , 8.3395 , -0.7672 , -0.6923 , -0.0032 , 0.1998 , 0.0756 , -4.5938 , 0.8175 , -26.6847 , -17.8687 , 32.1148
1 , -4.0510 , 6.7193 , 7.7560 , -3.9984 , 6.0004 , 6.6467 , -0.2357 , -0.1370 , 0.1208 , -0.0526 , 0.7189 , 1.1093 , 0.7710 , -37.7250 , -31.0294 , 48.8467
6 , -0.5183 , 5.2385 , 6.4189 , -0.9441 , 4.8119 , 8.4926 , -0.7879 , -0.2012 , -0.1339 , 0.4258 , 0.4266 , -2.0738 , 0.7950 , -29.3850 , -6.3434 , 30.0619
3 , -1.9369 , 4.4688 , 7.0306 , -1.2129 , 4.3585 , 8.7008 , 0.0599 , -0.4797 , 0.1153 , -0.7240 , 0.1103 , -1.6702 , 0.8077 , -26.3875 , -7.9358 , 27.5550
10 , -1.6532 , 3.3483 , 9.5636 , -1.5740 , 2.5712 , 9.3318 , 0.3788 , -0.2397 , 0.1459 , -0.0792 , 0.7771 , 0.2319 , 0.7952 , -15.2001 , -9.5743 , 17.9641
6 , -1.7729 , 3.4584 , 9.3374 , -1.3938 , 3.7441 , 8.9560 , 0.5260 , -0.5549 , 0.3328 , -0.3791 , -0.2857 , 0.3814 , 0.8049 , -22.4447 , -8.8460 , 24.1250
5 , -0.1365 , 5.2972 , 10.4327 , -1.3197 , 3.9781 , 8.8659 , -0.2052 , 0.3749 , -0.3679 , 1.1832 , 1.3191 , 1.5669 , 0.8234 , -23.9319 , -8.4664 , 25.3854
1 , -5.4959 , 4.1815 , 3.3315 , -3.7162 , 4.2130 , 8.0381 , -0.1362 , 0.6149 , 0.3438 , -1.7797 , -0.0315 , -4.7066 , 0.8220 , -25.4426 , -24.8121 , 35.5382
10 , 0.0551 , 3.5686 , 12.0081 , -0.7699 , 2.9056 , 9.3346 , -0.6755 , 0.0419 , 0.1196 , 0.8250 , 0.6629 , 2.6735 , 0.7742 , -17.2351 , -4.7150 , 17.8684
8 , -0.9840 , 3.1771 , 10.5848 , -1.0578 , 3.1581 , 9.2238 , -0.2473 , 0.1482 , -0.0484 , 0.0738 , 0.0190 , 1.3610 , 0.8018 , -18.7860 , -6.5421 , 19.8925
5 , -0.8356 , 5.0039 , 8.5377 , -1.7467 , 3.8981 , 8.8275 , -0.4471 , -0.2635 , -0.0270 , 0.9112 , 1.1058 , -0.2898 , 0.8186 , -23.4216 , -11.1928 , 25.9586
4 , -3.0239 , 4.1444 , 9.1770 , -2.5007 , 3.5998 , 8.7726 , -0.7018 , 0.1513 , -0.4082 , -0.5232 , 0.5445 , 0.4044 , 0.8248 , -21.5356 , -15.9108 , 26.7756
5 , -1.8100 , 3.0742 , 13.0604 , -1.8983 , 2.8615 , 9.1858 , -0.1960 , 0.3236 , -0.1895 , 0.0883 , 0.2127 , 3.8746 , 0.8283 , -16.9652 , -11.6762 , 20.5950
10 , -1.7717 , 2.5319 , 7.6602 , -1.0223 , 3.3859 , 9.1466 , -0.6566 , -0.2745 , 0.3603 , -0.7494 , -0.8540 , -1.4864 , 0.7738 , -20.1980 , -6.3773 , 21.1808
10 , -1.1480 , 2.6851 , 6.6714 , -0.7875 , 3.9203 , 8.9544 , -0.5760 , 0.2411 , 0.6663 , -0.3605 , -1.2352 , -2.2830 , 0.7748 , -23.5631 , -5.0259 , 24.0932
6 , -0.3615 , 3.9157 , 10.2855 , -0.2140 , 2.7374 , 9.4144 , -1.2211 , -0.3588 , -0.4467 , -0.1475 , 1.1783 , 0.8711 , 0.8174 , -16.2087 , -1.3020 , 16.2609
7 , -1.8507 , 4.2701 , 6.3123 , -1.7186 , 3.3143 , 9.0682 , -0.2534 , 0.1006 , 0.0689 , -0.1321 , 0.9557 , -2.7559 , 0.7967 , -19.7531 , -10.7313 , 22.4799
6 , -1.6484 , 3.0634 , 10.1550 , -1.4718 , 3.0448 , 9.2051 , 0.0074 , -0.2922 , -0.0606 , -0.1766 , 0.0185 , 0.9500 , 0.8209 , -18.0886 , -9.0842 , 20.2416
4 , -0.1903 , 4.8914 , 8.2624 , -1.9632 , 3.0801 , 9.1011 , -0.1129 , -0.0753 , -0.3532 , 1.7728 , 1.8112 , -0.8387 , 0.8141 , -18.3055 , -12.1726 , 21.9833
8 , -1.6700 , 2.3750 , 7.8877 , -0.4550 , 2.2811 , 9.5268 , -0.1594 , -0.1523 , 0.5093 , -1.2150 , 0.0940 , -1.6391 , 0.7928 , -13.4505 , -2.7341 , 13.7256
6 , -0.4453 , 2.3607 , 8.9004 , -0.9987 , 2.2168 , 9.5005 , -0.2388 , -0.2067 , 0.1068 , 0.5534 , 0.1439 , -0.6000 , 0.8154 , -13.0644 , -6.0009 , 14.3767
4 , -1.3360 , 4.1096 , 4.0677 , -1.4905 , 3.2622 , 9.1273 , -0.1704 , -0.0369 , -0.0007 , 0.1545 , 0.8474 , -5.0595 , 0.8229 , -19.4299 , -9.2746 , 21.5300
10 , 0.9625 , 4.2449 , 7.9643 , -0.1061 , 3.4311 , 9.1862 , -0.9816 , 0.2918 , 0.0927 , 1.0685 , 0.8139 , -1.2219 , 0.7758 , -20.4794 , -0.6615 , 20.4901
2 , -0.7326 , 4.0091 , 9.6199 , -1.3685 , 3.2295 , 9.1579 , -0.3658 , -0.0973 , -0.0209 , 0.6359 , 0.7796 , 0.4620 , 0.8117 , -19.2275 , -8.4989 , 21.0221
9 , -0.8607 , 2.6264 , 9.9096 , -0.7480 , 2.5667 , 9.4352 , 0.0282 , -0.2702 , 0.1630 , -0.1128 , 0.0597 , 0.4744 , 0.7943 , -15.1730 , -4.5326 , 15.8355
3 , -1.4293 , 4.0510 , 6.6535 , -1.3256 , 3.5057 , 9.0622 , -0.3274 , -0.3337 , -0.2793 , -0.1037 , 0.5452 , -2.4087 , 0.8390 , -20.9459 , -8.3223 , 22.5387
9 , -0.3148 , 2.4397 , 8.4025 , -0.6560 , 2.4175 , 9.4813 , -0.0641 , -0.1401 , 0.2680 , 0.3411 , 0.0222 , -1.0789 , 0.8038 , -14.2713 , -3.9577 , 14.8099
8 , -0.8356 , 3.7110 , 11.4970 , -0.8974 , 2.8956 , 9.3263 , -0.6829 , 0.2331 , -0.0655 , 0.0619 , 0.8154 , 2.1706 , 0.8097 , -17.1735 , -5.4965 , 18.0316
6 , 1.0678 , 4.6890 , 8.5329 , -0.5266 , 2.7300 , 9.4043 , 0.6561 , -0.0576 , -0.0014 , 1.5944 , 1.9591 , -0.8713 , 0.8427 , -16.1635 , -3.2052 , 16.4782
4 , -2.9413 , 3.2920 , 10.7272 , -2.3477 , 2.8444 , 9.0867 , -0.3176 , 0.6217 , -0.1675 , -0.5936 , 0.4477 , 1.6405 , 0.8229 , -16.8607 , -14.4864 , 22.2292
3 , 0.1437 , 3.3076 , 11.4575 , -0.8410 , 2.3172 , 9.4918 , 0.1381 , -0.1890 , -0.2371 , 0.9846 , 0.9904 , 1.9657 , 0.8163 , -13.6674 , -5.0632 , 14.5751
4 , -0.5794 , 2.8491 , 7.7716 , -1.4771 , 2.5577 , 9.3513 , -0.2150 , 0.1983 , -0.1785 , 0.8977 , 0.2914 , -1.5797 , 0.8297 , -15.1181 , -8.9763 , 17.5821
5 , -1.1157 , 3.4357 , 8.8992 , -1.2819 , 2.3138 , 9.4432 , -0.3176 , -0.4871 , -0.1528 , 0.1662 , 1.1219 , -0.5439 , 0.8300 , -13.6469 , -7.7306 , 15.6844