5 , -0.5603 , 2.6193 , 8.6769 , -0.7436 , 2.3664 , 9.4878 , -0.0867 , 0.2307 , 0.1699 , -0.6403 , 0.1332 , -1.2634 , 0.8422 , -13.9638 , -4.4813 , 14.6653
7 , -0.3184 , 2.3081 , 10.1541 , -1.0536 , 2.0998 , 9.5211 , -0.1991 , 0.5117 , 0.0642 , -0.8235 , -0.2754 , 0.1494 , 0.8410 , -12.3640 , -6.3145 , 13.8832
6 , -0.5627 , 1.8316 , 9.6537 , -0.6381 , 2.1960 , 9.5363 , 0.0276 , -0.0766 , 0.0783 , 0.1616 , -0.0004 , -1.5035 , 0.8310 , -12.9398 , -3.8281 , 13.4942
6 , -0.5770 , 2.7247 , 9.8261 , -0.5371 , 2.7621 , 9.3943 , -0.2944 , -0.1859 , -0.0891 , -0.0328 , -0.1715 , 0.2283 , 0.8283 , -16.3592 , -3.2721 , 16.6832
8 , -0.2442 , 2.8205 , 9.7758 , -0.3555 , 2.6127 , 9.4455 , 0.1155 , 0.0749 , 0.1137 , -0.2598 , -0.1850 , -0.1916 , 0.8327 , -15.4517 , -2.1554 , 15.6013
1 , -2.2913 , 4.7694 , 8.5547 , -2.3165 , 4.1782 , 8.5643 , 0.2359 , 0.7554 , -0.0860 , 2.0292 , 4.2592 , -0.4740 , 0.8005 , -25.2178 , -15.1354 , 29.4112
7 , -1.8963 , 2.9521 , 8.9857 , -1.6441 , 2.8520 , 9.2376 , -0.0354 , 0.0065 , -0.1948 , 0.1979 , 0.2701 , -0.0388 , 0.8165 , -16.9075 , -10.0916 , 19.6902
8 , -0.7734 , 3.6824 , 8.7247 , -1.4278 , 2.5799 , 9.3529 , 0.2426 , -0.1480 , 0.0569 , -0.5068 , 0.0921 , -1.5020 , 0.8138 , -15.2529 , -8.6795 , 17.5495
1 , -3.4909 , 3.9984 , 7.6306 , -3.2011 , 3.6235 , 8.5319 , -0.2388 , 0.2344 , -0.2528 , -0.2898 , 0.3750 , -0.9014 , 0.8055 , -21.6843 , -20.5653 , 29.8855
4 , -0.8883 , 2.1548 , 9.8644 , -0.2562 , 2.8870 , 9.3686 , -0.1264 , 0.4060 , 0.1076 , -0.6321 , -0.7321 , 0.4958 , 0.7822 , -17.1210 , -1.5664 , 17.1925
8 , -0.1030 , 2.2482 , 9.6298 , -0.2713 , 2.4073 , 9.5027 , -0.1710 , -0.0821 , -0.2180 , 0.1683 , -0.1591 , 0.1271 , 0.7797 , -14.2100 , -1.6351 , 14.3037
8 , -0.6728 , 2.0519 , 9.3903 , -0.2040 , 2.4340 , 9.4976 , 0.1051 , -0.1425 , 0.0422 , -0.4688 , -0.3821 , -0.1073 , 0.7742 , -14.3709 , -1.2303 , 14.4235
1 , -1.1540 , 4.2307 , 9.6465 , -1.5586 , 3.8583 , 8.8800 , -0.2186 , -0.1199 , 0.0477 , 0.4046 , 0.3724 , 0.7665 , 0.7767 , -23.1685 , -9.9553 , 25.2168
10 , 0.0479 , 1.9274 , 9.6872 , -0.5072 , 1.9056 , 9.6063 , -0.0225 , -0.6685 , -0.1141 , 0.5551 , 0.0218 , 0.0809 , 0.7817 , -11.2050 , -3.0222 , 11.6054
8 , -1.5826 , 4.9897 , 9.2108 , -1.8754 , 4.7391 , 8.3782 , -0.1679 , -0.1303 , 0.0661 , 0.2928 , 0.2506 , 0.8326 , 0.7694 , -28.8978 , -12.6174 , 31.5322
4 , -0.1508 , 5.8660 , 6.6968 , -0.4381 , 5.8983 , 7.8223 , -0.0463 , -0.5274 , 0.2597 , 0.2873 , -0.0324 , -1.1255 , 0.7818 , -36.9748 , -3.2058 , 37.1135
5 , 0.2777 , 5.2483 , 9.0528 , 0.2498 , 5.3945 , 8.1858 , 0.0208 , 0.0920 , -0.1147 , 0.0280 , -0.1463 , 0.8670 , 0.7796 , -33.3731 , 1.7477 , 33.4188
5 , 0.5004 , 3.8524 , 8.9019 , 0.2937 , 3.6501 , 9.0973 , -0.1777 , 0.0872 , -0.0225 , 0.2067 , 0.2023 , -0.1954 , 0.7652 , -21.8515 , 1.8489 , 21.9296
10 , -0.2849 , 3.4645 , 8.5308 , -0.4702 , 3.2560 , 9.2384 , 0.0007 , 0.1397 , 0.0404 , 0.1853 , 0.2086 , -0.7076 , 0.7656 , -19.3911 , -2.9136 , 19.6088
3 , -0.4573 , 4.0751 , 9.2611 , -0.6364 , 3.8194 , 9.0099 , 0.3214 , 0.7371 , 0.1656 , 0.1791 , 0.2557 , 0.2512 , 0.7669 , -22.9213 , -4.0404 , 23.2746
7 , -0.3927 , 3.2754 , 9.2108 , -0.2851 , 3.3419 , 9.2152 , 0.1736 , 0.0633 , 0.0374 , -0.1076 , -0.0666 , -0.0045 , 0.7760 , -19.9245 , -1.7719 , 20.0032
1 , -1.6688 , 4.6497 , 8.6314 , -1.3825 , 5.0181 , 8.3113 , 0.2951 , 0.6766 , 0.2518 , -0.2863 , -0.3685 , 0.3201 , 0.7991 , -30.7776 , -9.4440 , 32.1940
10 , -0.6704 , 2.9881 , 9.0312 , -0.6811 , 3.2668 , 9.2214 , -0.3499 , -0.0118 , 0.1369 , 0.0107 , -0.2787 , -0.1902 , 0.7973 , -19.4583 , -4.2245 , 19.9116
9 , -0.6680 , 3.3783 , 9.4382 , -1.1624 , 3.2707 , 9.1718 , -0.4862 , 0.8068 , -0.1856 , 0.4944 , 0.1076 , 0.2665 , 0.8061 , -19.4826 , -7.2230 , 20.7785
10 , -0.8739 , 4.0583 , 8.2555 , -1.1132 , 3.7457 , 8.9945 , 0.1253 , -0.0784 , 0.1192 , 0.2393 , 0.3126 , -0.7390 , 0.8020 , -22.4550 , -7.0554 , 23.5373
1 , -0.2466 , 7.7910 , 6.5675 , -1.8461 , 6.7160 , 6.9035 , -0.4342 , -0.1163 , -0.1373 , 1.5995 , 1.0750 , -0.3360 , 0.8235 , -43.2229 , -14.9716 , 45.7424
2 , -0.5603 , 3.7518 , 9.2323 , -0.6345 , 3.7444 , 9.0414 , 0.1870 , 0.4170 , 0.1522 , 0.0743 , 0.0074 , 0.1909 , 0.8449 , -22.4469 , -4.0145 , 22.8030
10 , -1.3384 , 2.8228 , 10.0153 , -0.9594 , 3.1935 , 9.2223 , -0.1410 , -0.0240 , -0.0445 , -0.3790 , -0.3707 , 0.7929 , 0.8308 , -19.0048 , -5.9391 , 19.9112
5 , -0.4645 , 2.4422 , 10.2475 , -0.3215 , 2.7073 , 9.4201 , 0.3513 , 0.3688 , 0.2249 , -0.1430 , -0.2651 , 0.8274 , 0.8378 , -16.0254 , -1.9547 , 16.1442
7 , -1.3264 , 3.2155 , 9.1868 , -1.0901 , 3.1464 , 9.2240 , 0.3159 , 0.1605 , -0.0476 , -0.2363 , 0.0691 , -0.0372 , 0.8455 , -18.7139 , -6.7400 , 19.8906
2 , -0.8404 , 4.1086 , 9.5436 , -1.6103 , 3.3679 , 9.0683 , 0.5083 , 1.7035 , 0.3501 , 0.7699 , 0.7407 , 0.4752 , 0.8517 , -20.0858 , -10.0691 , 22.4683
2 , -1.2785 , 3.8428 , 7.7575 , -1.0949 , 3.3818 , 9.1398 , 0.2139 , 0.0114 , -0.0347 , -0.1836 , 0.4611 , -1.3823 , 0.8463 , -20.1722 , -6.8315 , 21.2976
3 , -0.5555 , 3.6273 , 9.6513 , -1.0228 , 3.2617 , 9.1916 , -0.1771 , -0.2586 , -0.0757 , 0.4673 , 0.3656 , 0.4597 , 0.8462 , -19.4267 , -6.3494 , 20.4380
3 , -0.5746 , 3.4621 , 8.6936 , -1.0026 , 3.1755 , 9.2240 , -0.0824 , -0.1016 , 0.0545 , 0.4279 , 0.2866 , -0.5303 , 0.8466 , -18.8936 , -6.2032 , 19.8859
7 , -0.0024 , 2.8420 , 10.3409 , -0.3028 , 2.7847 , 9.3981 , -0.1404 , -0.1187 , 0.1241 , 0.3004 , 0.0573 , 0.9428 , 0.8267 , -16.4967 , -1.8456 , 16.5996
4 , -0.5818 , 3.4310 , 8.4997 , -0.7797 , 3.2565 , 9.2172 , -0.0073 , 0.1910 , 0.1858 , 0.1979 , 0.1745 , -0.7176 , 0.8416 , -19.3945 , -4.8352 , 19.9881
9 , -0.9601 , 2.3775 , 8.5954 , -0.8681 , 2.4372 , 9.4592 , 0.1534 , -0.1181 , 0.0160 , -0.0920 , -0.0597 , -0.8638 , 0.8212 , -14.3904 , -5.2436 , 15.3160
4 , -0.6273 , 3.3520 , 9.4263 , -0.7912 , 3.0415 , 9.2895 , 0.1076 , 0.4201 , 0.3184 , 0.1639 , 0.3105 , 0.1368 , 0.8409 , -18.0678 , -4.8681 , 18.7121
8 , -1.6329 , 2.2650 , 8.6553 , -1.1591 , 2.6661 , 9.3658 , 0.0263 , 0.0145 , -0.0268 , -0.4738 , -0.4011 , -0.7105 , 0.8327 , -15.7755 , -7.0550 , 17.2812
3 , -1.1828 , 3.5052 , 8.7918 , -1.2487 , 3.1716 , 9.1952 , 0.5541 , 0.5972 , 0.5413 , 0.0659 , 0.3336 , -0.4034 , 0.8360 , -18.8695 , -7.7335 , 20.3928
7 , -0.9912 , 2.3799 , 8.6936 , -0.5576 , 2.4503 , 9.4792 , 0.1815 , -0.3111 , 0.0911 , -0.4336 , -0.0704 , -0.7856 , 0.8303 , -14.4695 , -3.3665 , 14.8560
5 , -0.9721 , 2.3560 , 9.2611 , -0.8652 , 2.3029 , 9.4931 , -0.3341 , -0.0943 , 0.1443 , -0.1069 , 0.0530 , -0.2320 , 0.8288 , -13.5819 , -5.2076 , 14.5461
4 , -1.4007 , 2.1764 , 9.8812 , -0.9382 , 2.2802 , 9.4916 , 0.3391 , 0.1030 , 0.3636 , -0.4625 , -0.1038 , 0.3895 , 0.8286 , -13.4451 , -5.6448 , 14.5820
6 , -0.7303 , 1.9513 , 9.4215 , -0.6556 , 2.1248 , 9.5512 , -0.0231 , -0.1829 , 0.1131 , -0.0746 , -0.1735 , -0.1297 , 0.8182 , -12.5137 , -3.9268 , 13.1153
6 , -0.4070 , 2.2171 , 9.4574 , -0.5384 , 2.1245 , 9.5586 , -0.0073 , 0.0279 , 0.0319 , 0.1314 , 0.0926 , -0.1012 , 0.8218 , -12.5116 , -3.2239 , 12.9203
7 , -1.1493 , 1.9394 , 9.7279 , -1.1512 , 1.7768 , 9.5754 , -0.0268 , 0.0688 , 0.0209 , 0.0019 , 0.1625 , 0.1525 , 0.8259 , -10.4388 , -6.8554 , 12.4886
2 , 0.1963 , 4.5515 , 7.3097 , -1.5008 , 3.3050 , 9.1101 , -0.2589 , -0.0588 , -0.1111 , 1.6971 , 1.2465 , -1.8004 , 0.8463 , -19.6955 , -9.3549 , 21.8043
9 , -0.9002 , 1.5299 , 10.1852 , -0.5489 , 1.7116 , 9.6405 , -0.2119 , -0.2158 , 0.0300 , -0.3513 , -0.1816 , 0.5447 , 0.8229 , -10.0515 , -3.2589 , 10.5666
6 , -0.5938 , 1.8651 , 9.8237 , -0.5860 , 1.9343 , 9.5961 , 0.1467 , 0.2356 , 0.0239 , -0.0078 , -0.0692 , 0.2276 , 0.8248 , -11.3759 , -3.4943 , 11.9004
9 , -0.6488 , 1.6856 , 8.9378 , -0.9344 , 1.6703 , 9.6181 , -0.0457 , -0.2604 , 0.0905 , 0.2856 , 0.0152 , -0.6802 , 0.8199 , -9.8068 , -5.5490 , 11.2678
8 , -1.0247 , 0.9888 , 9.7662 , -1.0035 , 1.4568 , 9.6458 , 0.0355 , 0.3138 , -0.2259 , -0.0213 , -0.4679 , 0.1205 , 0.8193 , -8.5429 , -5.9392 , 10.4046
3 , -1.2378 , 2.9354 , 8.3129 , -1.4681 , 2.6381 , 9.3303 , 0.1174 , 0.1153 , 0.1107 , 0.2303 , 0.2973 , -1.0174 , 0.8259 , -15.6056 , -8.9420 , 17.9859
2 , -0.4525 , 3.7015 , 7.2762 , -1.7067 , 2.8376 , 9.2307 , -0.0677 , -0.1945 , -0.0879 , 1.2542 , 0.8639 , -1.9545 , 0.8392 , -16.8195 , -10.4756 , 19.8150
8 , -2.1836 , 0.7183 , 9.9171 , -1.0190 , 2.0914 , 9.5267 , -0.0103 , -0.0839 , -0.5943 , -1.1646 , -1.3731 , 0.3904 , 0.8286 , -12.3136 , -6.1052 , 13.7441
8 , -1.1085 , 1.7071 , 9.2802 , -0.9381 , 2.1002 , 9.5331 , 0.0862 , 0.1073 , 0.0141 , -0.1704 , -0.3931 , -0.2529 , 0.8297 , -12.3664 , -5.6203 , 13.5836
2 , -1.9034 , 3.0982 , 8.5476 , -1.9082 , 2.7693 , 9.2119 , 0.5071 , 0.8917 , 0.4112 , 0.0048 , 0.3289 , -0.6644 , 0.8373 , -16.4031 , -11.7032 , 20.1501
3 , -2.0327 , 2.5571 , 7.4749 , -1.4948 , 2.5340 , 9.3549 , 0.2805 , 0.5716 , -0.0011 , -0.5379 , 0.0231 , -1.8800 , 0.8124 , -14.9746 , -9.0784 , 17.5116
4 , -1.5515 , 2.8540 , 8.9977 , -2.1744 , 2.6076 , 9.2001 , -0.0494 , -0.0839 , 0.1278 , 0.6230 , 0.2463 , -0.2024 , 0.8245 , -15.4207 , -13.2978 , 20.3625
8 , -1.4653 , 2.2075 , 10.3002 , -1.7455 , 2.0088 , 9.4387 , -0.1966 , 0.0169 , -0.1141 , 0.2802 , 0.1987 , 0.8615 , 0.8182 , -11.8200 , -10.4774 , 15.7952
2 , -1.6999 , 2.1405 , 9.7232 , -1.7236 , 2.0908 , 9.4249 , 0.1558 , 0.3352 , 0.1406 , 0.0236 , 0.0496 , 0.2983 , 0.8251 , -12.3103 , -10.3634 , 16.0917
7 , -1.1109 , 2.4015 , 9.5436 , -1.0237 , 2.4478 , 9.4409 , 0.2921 , -0.2348 , -0.0952 , -0.0872 , -0.0463 , 0.1027 , 0.8109 , -14.4540 , -6.1888 , 15.7232
7 , -1.2259 , 2.2195 , 9.4526 , -0.9687 , 2.5691 , 9.4145 , 0.0245 , 0.1220 , -0.0054 , -0.2571 , -0.3496 , 0.0381 , 0.8080 , -15.1870 , -5.8749 , 16.2837
1 , -2.9210 , 3.0383 , 7.1780 , -2.5630 , 2.8554 , 9.0249 , 0.1369 , 0.6351 , 0.2053 , -0.3580 , 0.1829 , -1.8468 , 0.8466 , -16.9281 , -15.8541 , 23.1930
1 , -2.2650 , 3.0455 , 9.1964 , -2.6659 , 2.9975 , 8.9487 , -0.1221 , -0.2647 , 0.1003 , 0.4009 , 0.0480 , 0.2478 , 0.8487 , -17.7980 , -16.5891 , 24.3304
10 , -0.5339 , 2.6720 , 9.7375 , -1.1512 , 2.5186 , 9.4075 , -0.2999 , 0.0700 , -0.0793 , 0.6173 , 0.1534 , 0.3300 , 0.7956 , -14.8818 , -6.9768 , 16.4360
8 , -1.0391 , 2.0064 , 9.7639 , -1.2676 , 1.9964 , 9.5172 , 0.1974 , -0.2433 , 0.1534 , 0.2285 , 0.0100 , 0.2466 , 0.8242 , -11.7464 , -7.5864 , 13.9832
1 , -2.1692 , 2.0734 , 9.2563 , -2.1055 , 2.5610 , 9.2292 , 0.3275 , 0.8465 , 0.3556 , -0.0637 , -0.4875 , 0.0270 , 0.8347 , -15.1380 , -12.8515 , 19.8575
4 , -2.6840 , 2.1261 , 7.5803 , -2.1710 , 2.7294 , 9.1656 , 0.0893 , 0.3443 , 0.0459 , -0.5130 , -0.6033 , -1.5853 , 0.8265 , -16.1600 , -13.3259 , 20.9457
8 , -1.4342 , 2.0280 , 9.5005 , -1.8583 , 1.8763 , 9.4444 , -0.1209 , -0.1413 , -0.0237 , 0.4241 , 0.1517 , 0.0561 , 0.8319 , -11.0302 , -11.1315 , 15.6709
3 , -2.6816 , 2.0471 , 8.3345 , -2.6418 , 2.2378 , 9.1752 , 0.5297 , 0.7640 , 0.1815 , -0.0398 , -0.1907 , -0.8407 , 0.8302 , -13.1909 , -16.0627 , 20.7848
3 , -0.2179 , 3.1916 , 8.5931 , -0.8273 , 2.7156 , 9.3868 , 0.0606 , 0.0071 , 0.1565 , 0.6094 , 0.4760 , -0.7937 , 0.8407 , -16.0761 , -5.0366 , 16.8466
3 , -1.1085 , 2.6816 , 8.7583 , -0.8548 , 2.7294 , 9.3803 , -0.0457 , 0.0279 , -0.0072 , -0.2538 , -0.0478 , -0.6221 , 0.8404 , -16.1599 , -5.2066 , 16.9780
9 , -0.6632 , 1.8340 , 10.3026 , -0.7832 , 2.3462 , 9.4896 , 0.0013 , 0.0022 , -0.0524 , 0.1200 , -0.5121 , 0.8130 , 0.8339 , -13.8417 , -4.7183 , 14.6238
6 , -0.6752 , 2.3201 , 9.9865 , -1.0142 , 2.2971 , 9.4797 , 0.2047 , 0.0303 , 0.0960 , 0.3390 , 0.0229 , 0.5068 , 0.8384 , -13.5469 , -6.1064 , 14.8596
5 , -1.4246 , 2.1333 , 9.2275 , -1.0774 , 2.3377 , 9.4628 , -0.0329 , 0.0218 , -0.0518 , -0.3472 , -0.2044 , -0.2353 , 0.8386 , -13.7911 , -6.4954 , 15.2441
9 , -0.8835 , 2.3248 , 8.3369 , -0.9031 , 2.6669 , 9.3937 , 0.3605 , 0.5416 , -0.0689 , 0.0196 , -0.3421 , -1.0569 , 0.8400 , -15.7803 , -5.4913 , 16.7084
5 , -1.0511 , 2.1381 , 9.7208 , -1.0482 , 2.3180 , 9.4709 , 0.0312 , 0.2215 , 0.0001 , -0.0029 , -0.1799 , 0.2498 , 0.8373 , -13.6722 , -6.3156 , 15.0604
2 , -1.0152 , 2.9976 , 8.8875 , -1.6669 , 2.7429 , 9.2665 , -0.0512 , -0.1016 , -0.0408 , 0.6518 , 0.2547 , -0.3790 , 0.8449 , -16.2423 , -10.1978 , 19.1783
5 , -2.1333 , 2.0471 , 8.5069 , -1.5841 , 2.5248 , 9.3427 , 0.0074 , 0.0878 , -0.0561 , -0.5492 , -0.4777 , -0.8359 , 0.8416 , -14.9196 , -9.6231 , 17.7538
4 , -2.0088 , 2.4374 , 9.2491 , -1.7999 , 2.3845 , 9.3405 , 0.2053 , 0.4329 , -0.0078 , -0.2089 , 0.0529 , -0.0914 , 0.8412 , -14.0726 , -10.9071 , 17.8045
1 , -2.8851 , 2.9617 , 7.4821 , -2.9283 , 2.8027 , 8.9297 , 0.1387 , -0.1908 , 0.0850 , 0.0432 , 0.1590 , -1.4476 , 0.8422 , -16.6066 , -18.1556 , 24.6050
1 , -3.0862 , 2.8396 , 8.4901 , -2.8849 , 2.8448 , 8.9305 , 0.0099 , -0.1572 , 0.0691 , -0.2013 , -0.0052 , -0.4404 , 0.8416 , -16.8635 , -17.9024 , 24.5942
8 , -1.6377 , 2.1237 , 9.6346 , -2.0330 , 1.9831 , 9.3864 , -0.0182 , -0.3105 , -0.0463 , 0.3953 , 0.1406 , 0.2482 , 0.8303 , -11.6670 , -12.2208 , 16.8958
3 , -2.3296 , 2.1165 , 10.0272 , -2.0381 , 2.2093 , 9.3346 , 0.2414 , 0.4256 , 0.1033 , -0.2915 , -0.0928 , 0.6926 , 0.8335 , -13.0200 , -12.3166 , 17.9226
5 , -1.9154 , 3.3616 , 9.3233 , -2.2047 , 3.2523 , 8.9851 , -0.0775 , 0.1256 , -0.0390 , 0.2893 , 0.1092 , 0.3382 , 0.8115 , -19.3688 , -13.7864 , 23.7742
5 , -1.3192 , 3.4789 , 9.4789 , -2.1289 , 3.2011 , 9.0217 , -0.1410 , 0.4243 , 0.1039 , 0.8096 , 0.2778 , 0.4572 , 0.8111 , -19.0515 , -13.2774 , 23.2218
6 , -1.6544 , 2.7654 , 10.1613 , -2.0774 , 2.8902 , 9.1379 , -0.3744 , -0.2879 , -0.1587 , 0.4230 , -0.1249 , 1.0234 , 0.8136 , -17.1409 , -12.8079 , 21.3975
5 , -1.9777 , 2.8228 , 9.5939 , -1.6739 , 2.7655 , 9.2585 , 0.1339 , -0.0399 , -0.1581 , -0.3038 , 0.0574 , 0.3353 , 0.8200 , -16.3797 , -10.2482 , 19.3215
10 , -0.7063 , 1.6281 , 8.9474 , -0.6735 , 2.1940 , 9.5343 , -0.6358 , -0.7332 , -0.1172 , -0.0328 , -0.5659 , -0.5869 , 0.7906 , -12.9278 , -4.0404 , 13.5445
6 , -0.5531 , 3.0958 , 8.1956 , -0.8206 , 2.6836 , 9.3965 , 0.2414 , 0.3382 , 0.3715 , 0.2676 , 0.4122 , -1.2009 , 0.8083 , -15.8817 , -4.9912 , 16.6476
7 , -0.8332 , 4.3408 , 7.6880 , -1.1674 , 4.2060 , 8.7816 , 0.0477 , 0.1556 , 0.0044 , 0.3342 , 0.1348 , -1.0936 , 0.7971 , -25.3972 , -7.5726 , 26.5021
6 , 0.1365 , 3.7399 , 10.1541 , -0.2198 , 3.7393 , 9.0631 , -0.0903 , -0.4058 , -0.1557 , 0.3563 , 0.0006 , 1.0910 , 0.8038 , -22.4143 , -1.3894 , 22.4574
3 , -0.1915 , 3.1916 , 9.3927 , -0.4133 , 3.7994 , 9.0313 , 0.0190 , 0.1177 , -0.1960 , 0.2218 , -0.6078 , 0.3615 , 0.7860 , -22.7948 , -2.6205 , 22.9449
6 , -0.0024 , 3.8572 , 8.5954 , -0.2193 , 3.9318 , 8.9813 , -0.0653 , -0.1028 , 0.0343 , 0.2169 , -0.0746 , -0.3858 , 0.7699 , -23.6364 , -1.3986 , 23.6777
10 , -0.3352 , 2.7414 , 8.3273 , -0.1355 , 3.1658 , 9.2806 , -0.1123 , -0.2519 , -0.3340 , -0.1997 , -0.4243 , -0.9533 , 0.7477 , -18.8336 , -0.8363 , 18.8522
9 , -0.4286 , 1.6018 , 7.7407 , 0.1187 , 2.4074 , 9.5058 , 0.1760 , -0.0197 , 0.1504 , -0.5473 , -0.8056 , -1.7651 , 0.7524 , -14.2106 , 0.7154 , 14.2286
8 , -1.3121 , 2.8995 , 6.5771 , -0.8807 , 3.5337 , 9.1054 , 0.1778 , 0.0426 , 0.1595 , -0.4314 , -0.6342 , -2.5283 , 0.7642 , -21.1207 , -5.5247 , 21.8313
9 , 0.1556 , 3.5675 , 10.0679 , -0.4172 , 3.2262 , 9.2514 , -0.1759 , -0.0698 , 0.0453 , 0.5728 , 0.3413 , 0.8165 , 0.7658 , -19.2067 , -2.5819 , 19.3795
9 , -0.2682 , 3.3113 , 9.4933 , -0.1216 , 3.3174 , 9.2277 , -0.0323 , 0.0768 , -0.1789 , -0.1466 , -0.0061 , 0.2656 , 0.7563 , -19.7722 , -0.7547 , 19.7866
2 , -2.4039 , 4.4557 , 9.2802 , -1.3313 , 3.8760 , 8.9092 , 1.0447 , 1.5209 , -1.0817 , -1.0725 , 0.5797 , 0.3710 , 0.7380 , -23.2810 , -8.4988 , 24.7838
1 , -3.0288 , 4.7191 , 8.7726 , -2.9796 , 4.2500 , 8.3204 , 0.1058 , 0.6992 , 0.2487 , -0.0492 , 0.4691 , 0.4522 , 0.7387 , -25.6825 , -19.7026 , 32.3695
3 , -1.7957 , 3.8165 , 8.4446 , -1.9369 , 3.2745 , 9.0386 , -0.0885 , 0.0499 , 0.1711 , 0.1412 , 0.5420 , -0.5940 , 0.7549 , -19.5061 , -12.0952 , 22.9517
1 , -3.1365 , 3.9937 , 8.2315 , -2.8930 , 3.3986 , 8.7322 , 0.2744 , 1.5062 , 0.0392 , -0.2435 , 0.5951 , -0.5006 , 0.7838 , -20.2769 , -18.3303 , 27.3341
6 , -2.2147 , 3.2107 , 9.0456 , -1.9965 , 3.1815 , 9.0588 , 0.3403 , -0.3704 , 0.0905 , -0.2182 , 0.0292 , -0.0133 , 0.7951 , -18.9305 , -12.4290 , 22.6461
2 , -2.1716 , 3.8308 , 7.1397 , -2.3023 , 3.4154 , 8.8997 , 0.1504 , -0.1920 , 0.1785 , 0.1307 , 0.4154 , -1.7600 , 0.7976 , -20.3819 , -14.5041 , 25.0158
8 , -1.7478 , 3.2299 , 8.6218 , -1.9282 , 3.0682 , 9.1126 , 0.0868 , -0.0582 , 0.0019 , 0.1804 , 0.1617 , -0.4908 , 0.7964 , -18.2320 , -11.9473 , 21.7978
5 , -0.9409 , 3.4741 , 10.3457 , -1.9020 , 3.0487 , 9.1246 , -0.1245 , -0.2946 , 0.2035 , 0.9611 , 0.4254 , 1.2211 , 0.7982 , -18.1125 , -11.7748 , 21.6034
9 , -0.9960 , 3.1341 , 8.5308 , -1.1095 , 3.3157 , 9.1622 , 0.1424 , 0.2570 , -0.1160 , 0.1135 , -0.1816 , -0.6314 , 0.7926 , -19.7614 , -6.9046 , 20.9329
3 , -1.5228 , 3.7494 , 7.2977 , -1.4737 , 3.5692 , 9.0144 , 0.0386 , 0.2313 , 0.1498 , -0.0490 , 0.1802 , -1.7167 , 0.7988 , -21.3434 , -9.2848 , 23.2755
9 , -1.1253 , 2.5762 , 8.1334 , -1.1812 , 3.2790 , 9.1664 , 0.0105 , 0.1043 , -0.0946 , 0.0559 , -0.7028 , -1.0331 , 0.7829 , -19.5341 , -7.3429 , 20.8686
1 , -3.5052 , 3.7231 , 9.7806 , -2.7077 , 3.8311 , 8.6117 , -0.0977 , 0.9882 , -0.0824 , -0.7975 , -0.1080 , 1.1689 , 0.7579 , -22.9956 , -17.4542 , 28.8694
9 , -0.9026 , 3.1485 , 9.9985 , -1.1907 , 3.1967 , 9.1942 , 0.1161 , 0.0419 , 0.0917 , 0.2881 , -0.0482 , 0.8043 , 0.7670 , -19.0243 , -7.3793 , 20.4053
10 , -0.4214 , 3.2706 , 7.9586 , -0.6943 , 3.5733 , 9.1060 , 0.2536 , -0.4180 , -0.0579 , 0.2729 , -0.3027 , -1.1475 , 0.7665 , -21.3693 , -4.3602 , 21.8096
8 , -0.6584 , 3.6800 , 8.9019 , -0.6680 , 3.4977 , 9.1373 , -0.1264 , -0.1114 , 0.0227 , 0.0096 , 0.1823 , -0.2354 , 0.7753 , -20.8956 , -4.1814 , 21.3099
1 , -3.7997 , 3.9721 , 9.3185 , -3.4986 , 3.8719 , 8.3029 , -0.3640 , 1.4457 , 0.0850 , -0.3011 , 0.1002 , 1.0156 , 0.7417 , -23.2551 , -22.8490 , 32.6018
4 , -1.9657 , 3.8189 , 9.4670 , -2.3183 , 3.6897 , 8.7853 , -0.3054 , 0.4842 , -0.0946 , -0.1407 , 0.1842 , -1.0638 , 0.7411 , -22.1012 , -14.7822 , 26.5891
7 , 0.3160 , 3.0072 , 10.4750 , -1.8816 , 2.9265 , 9.1687 , -0.5754 , -0.6153 , 0.0502 , 2.1976 , 0.0807 , 1.3062 , 0.7455 , -17.3625 , -11.5971 , 20.8794
8 , -1.7023 , 2.7391 , 8.9977 , -1.6248 , 2.6614 , 9.2977 , 0.2847 , 0.2545 , 0.0911 , -0.0775 , 0.0777 , -0.3000 , 0.7484 , -15.7468 , -9.9125 , 18.6069
2 , -1.8843 , 3.0575 , 9.2323 , -1.7783 , 3.0824 , 9.1382 , -0.0127 , 0.2093 , 0.1241 , -0.1060 , -0.0249 , 0.0941 , 0.7715 , -18.3195 , -11.0120 , 21.3745
1 , -3.3352 , 4.2427 , 7.2475 , -3.0543 , 3.3036 , 8.7137 , 0.0441 , 0.0682 , -0.1618 , -0.2810 , 0.9390 , -1.4662 , 0.7797 , -19.6866 , -19.3162 , 27.5804
3 , -2.5355 , 3.2658 , 10.0272 , -2.0518 , 3.0866 , 9.0793 , -0.0580 , 0.1519 , -0.0647 , -0.4837 , 0.1791 , 0.9480 , 0.7907 , -18.3457 , -12.7344 , 22.3323
6 , -1.1516 , 3.6920 , 7.9107 , -1.3040 , 3.1437 , 9.1971 , 0.2872 , -0.5029 , 0.0410 , 0.1524 , 0.5482 , -1.2864 , 0.7791 , -18.6976 , -8.0699 , 20.3647
7 , -1.0990 , 3.1844 , 10.4127 , -1.2900 , 2.8205 , 9.3033 , 0.4485 , -0.1444 , -0.0103 , 0.1910 , 0.3639 , 1.1094 , 0.7838 , -16.7150 , -7.8944 , 18.4855
6 , -1.3360 , 3.2754 , 9.2658 , -1.2656 , 2.9351 , 9.2711 , -0.0182 , 0.2612 , 0.1406 , -0.0704 , 0.3403 , -0.0053 , 0.7839 , -17.4151 , -7.7735 , 19.0713
7 , -2.4254 , 2.5930 , 9.4287 , -1.7361 , 2.7597 , 9.2488 , 0.3055 , -0.2965 , 0.0948 , -0.6893 , -0.1667 , 0.1798 , 0.7840 , -16.3443 , -10.6311 , 19.4976
8 , -1.5730 , 2.4374 , 10.0153 , -1.3993 , 2.6495 , 9.3377 , 0.2854 , 0.0603 , -0.3066 , -0.1738 , -0.2121 , 0.6775 , 0.7857 , -15.6744 , -8.5225 , 17.8415
10 , -0.1820 , 1.9681 , 9.7926 , -0.4821 , 2.4886 , 9.4734 , 0.4289 , 0.2997 , -0.0885 , 0.3001 , -0.5205 , 0.3192 , 0.7684 , -14.7005 , -2.9130 , 14.9863
7 , -1.0990 , 2.9186 , 8.0017 , -1.7027 , 2.9413 , 9.1989 , 0.3819 , 0.7163 , 0.2420 , 0.6037 , -0.0227 , -1.1972 , 0.7852 , -17.4534 , -10.4867 , 20.3615
6 , -0.8715 , 2.8947 , 9.7447 , -0.9883 , 2.8317 , 9.3368 , 0.0520 , -0.0784 , 0.0019 , -0.8146 , -0.0855 , -0.2936 , 0.7875 , -16.7832 , -6.0424 , 17.8378
3 , -0.7781 , 3.9482 , 7.7622 , -1.0213 , 3.4900 , 9.1075 , 0.0887 , 0.3162 , 0.3477 , 0.1163 , -0.1691 , -0.3229 , 0.7954 , -20.8474 , -6.3986 , 21.8072
10 , -0.0455 , 2.6960 , 8.7415 , -0.4370 , 2.7423 , 9.4053 , 0.2120 , 0.0157 , -0.0769 , 0.1520 , -0.0105 , -0.6710 , 0.7909 , -16.2388 , -2.6600 , 16.4552
1 , -3.8859 , 3.6992 , 8.0591 , -3.8625 , 3.3687 , 8.3608 , 0.2334 , 0.3498 , 0.2237 , -0.1671 , 0.0192 , -0.6920 , 0.8153 , -20.0909 , -24.7956 , 31.9135
10 , -0.8955 , 2.7845 , 9.9219 , -1.0035 , 3.0005 , 9.2823 , 0.2902 , -0.2751 , -0.1673 , 0.1081 , -0.2159 , 0.6396 , 0.7661 , -17.8161 , -6.1704 , 18.8544
9 , -0.6704 , 2.2267 , 9.1413 , -0.6077 , 2.6486 , 9.4226 , -0.0622 , -0.4535 , 0.0270 , -0.0627 , -0.4220 , -0.2813 , 0.7813 , -15.6693 , -3.6899 , 16.0979
4 , -1.8388 , 3.2299 , 8.3033 , -1.8800 , 3.0029 , 9.1443 , 0.1742 , -0.1560 , -0.1447 , -1.0075 , -0.0986 , -1.1451 , 0.7949 , -17.8309 , -11.6175 , 21.2816
7 , -1.2211 , 3.1509 , 9.1461 , -1.4287 , 3.1663 , 9.1708 , -0.1618 , 0.4097 , 0.0013 , -0.1348 , -0.5637 , 0.9306 , 0.7788 , -18.8365 , -8.8548 , 20.8140
1 , -3.1820 , 5.1884 , 7.1182 , -2.8404 , 3.7475 , 8.6058 , 0.3574 , 1.5459 , 0.1766 , -0.8157 , -0.6900 , 0.4566 , 0.8032 , -22.4660 , -18.2656 , 28.9543
9 , -1.0295 , 3.0886 , 8.6792 , -0.8492 , 3.1702 , 9.2412 , 0.1332 , -0.5139 , 0.0508 , -0.1803 , -0.0816 , -0.5619 , 0.7862 , -18.8609 , -5.2504 , 19.5781
5 , -1.4270 , 3.7542 , 9.0911 , -1.1441 , 3.6951 , 9.0115 , -0.2705 , 0.0273 , -0.0983 , 0.0691 , 0.0568 , 0.2136 , 0.8013 , -22.1351 , -7.2356 , 23.2877
10 , -0.2466 , 3.3089 , 8.7295 , -0.5016 , 3.4750 , 9.1566 , -0.1887 , 0.0371 , -0.4165 , 0.2765 , -0.3552 , -0.4845 , 0.7733 , -20.7534 , -3.1354 , 20.9889
2 , -1.7670 , 3.6896 , 7.8724 , -1.8903 , 3.7997 , 8.8408 , 0.0960 , -0.0320 , -0.0610 , 0.2143 , 0.1030 , -0.8942 , 0.8027 , -22.7965 , -12.0688 , 25.7941
7 , -2.7247 , 3.0383 , 9.5675 , -2.1426 , 3.1823 , 9.0251 , -0.2528 , 0.0438 , -0.0799 , -0.2086 , 0.0595 , 0.3724 , 0.7735 , -18.9356 , -13.3549 , 23.1714
5 , -1.6066 , 3.3424 , 9.1749 , -1.6252 , 3.2782 , 9.0985 , -0.1734 , -0.0326 , -0.0537 , 0.0187 , 0.0642 , 0.0764 , 0.7845 , -19.5291 , -10.1278 , 21.9990
9 , -1.6185 , 2.9474 , 8.9881 , -1.2329 , 2.9007 , 9.2863 , 0.1186 , 0.3211 , 0.0936 , -0.1199 , -0.4251 , 0.6954 , 0.7714 , -17.2051 , -7.5625 , 18.7938
2 , -2.0734 , 4.3935 , 7.2092 , -1.8626 , 3.7100 , 8.8847 , -0.0299 , 0.7554 , 0.1895 , -0.7160 , 1.3731 , -2.9062 , 0.7964 , -22.2292 , -11.8401 , 25.1859
9 , -1.4437 , 3.7782 , 8.3728 , -1.4056 , 3.4458 , 9.0731 , 0.2847 , -0.3954 , 0.1162 , 0.0456 , 0.4856 , -1.2151 , 0.7764 , -20.5714 , -8.8059 , 22.3769
2 , -2.2602 , 3.2059 , 8.7367 , -1.8881 , 3.5607 , 8.9402 , 0.4533 , 0.8232 , 0.1889 , -0.3721 , -0.3548 , -0.2035 , 0.7958 , -21.2901 , -11.9251 , 24.4024
5 , -1.7215 , 3.5028 , 8.8205 , -1.7158 , 3.6134 , 8.9537 , 0.1094 , -0.3661 , 0.1162 , -0.0056 , -0.1106 , -0.1332 , 0.7945 , -21.6211 , -10.8483 , 24.1900
2 , -2.1213 , 4.0511 , 6.0216 , -1.8707 , 3.7067 , 8.8843 , 0.1314 , 0.3877 , 0.1406 , -0.2506 , 0.3444 , -2.8627 , 0.7988 , -22.2084 , -11.8909 , 25.1914
3 , -1.8627 , 3.8955 , 7.4270 , -1.8567 , 3.6368 , 8.9161 , 0.2011 , 0.7341 , 0.2573 , -0.0061 , 0.2587 , -1.4890 , 0.8017 , -21.7682 , -11.7632 , 24.7433
6 , -1.2426 , 4.0774 , 9.6824 , -1.7030 , 3.5478 , 8.9824 , 0.1754 , 0.1873 , 0.0575 , 0.4603 , 0.5297 , 0.7001 , 0.8044 , -21.2092 , -10.7352 , 23.7713
4 , -1.1445 , 4.0008 , 8.4207 , -2.0893 , 3.8002 , 8.7957 , 0.6122 , 0.0517 , -0.1483 , 0.9448 , 0.2006 , -0.3750 , 0.8028 , -22.7998 , -13.3621 , 26.4268
8 , -1.7670 , 3.2466 , 9.0815 , -1.5847 , 3.5034 , 9.0214 , -0.0182 , 0.1146 , -0.0072 , -0.1822 , -0.2568 , 0.0601 , 0.7947 , -20.9314 , -9.9633 , 23.1816
8 , -1.4988 , 3.6058 , 8.8181 , -1.6230 , 3.4711 , 9.0270 , 0.0361 , -0.3105 , 0.0422 , 0.1242 , 0.1347 , -0.2089 , 0.7966 , -20.7293 , -10.1928 , 23.0997
6 , -1.0367 , 3.9122 , 8.5859 , -1.1191 , 4.2160 , 8.7831 , 0.1082 , 0.5264 , 0.2334 , 0.0824 , -0.3037 , -0.1973 , 0.7841 , -25.4618 , -7.2613 , 26.4769
7 , -1.0918 , 4.3959 , 8.8636 , -1.5082 , 3.4641 , 9.0496 , -0.3200 , 2.1128 , 0.0526 , 0.4164 , 0.9317 , -0.1860 , 0.7895 , -20.6859 , -9.4621 , 22.7472
10 , -2.2051 , 2.9593 , 6.7351 , -2.1578 , 3.1367 , 9.0375 , 0.4362 , -0.1193 , 0.1027 , -0.0473 , -0.1773 , -2.3024 , 0.7725 , -18.6539 , -13.4288 , 22.9848
7 , -1.8915 , 3.2969 , 8.6457 , -2.2476 , 3.1714 , 9.0034 , 0.1168 , -0.0802 , 0.0703 , 0.3561 , 0.1255 , -0.3576 , 0.7864 , -18.8685 , -14.0167 , 23.5050
1 , -4.1373 , 4.3241 , 3.1317 , -4.0211 , 3.9950 , 8.0025 , 0.5560 , 0.3987 , 0.2744 , -0.1162 , 0.3290 , -4.8708 , 0.7977 , -24.0404 , -26.6785 , 35.9122
8 , -2.7774 , 3.1557 , 7.7167 , -2.0950 , 3.7367 , 8.8215 , 0.2279 , 0.2460 , -0.0378 , -0.6823 , -0.5810 , -1.1047 , 0.7961 , -22.3979 , -13.3597 , 26.0796
7 , -2.5236 , 2.1692 , 8.6673 , -2.4351 , 3.4921 , 8.8344 , -0.4587 , 0.8306 , -0.0268 , -0.0884 , -1.3229 , -0.1671 , 0.7919 , -20.8605 , -15.4104 , 25.9353
5 , -1.8556 , 3.6848 , 9.0408 , -2.3323 , 3.4327 , 8.8852 , -0.0146 , -0.3704 , 0.1388 , 0.4767 , 0.2521 , 0.1555 , 0.8017 , -20.4895 , -14.7078 , 25.2218
6 , -1.6784 , 3.5124 , 8.9905 , -1.8614 , 3.4912 , 8.9731 , -0.0555 , -0.0167 , 0.0251 , 0.1831 , 0.0212 , 0.0174 , 0.8035 , -20.8549 , -11.7195 , 23.9223
10 , -1.7382 , 1.9896 , 9.7471 , -1.4769 , 2.7718 , 9.2901 , -0.1209 , 0.3077 , -0.1502 , -0.2614 , -0.7821 , 0.4570 , 0.7737 , -16.4180 , -9.0329 , 18.7389
9 , -1.2043 , 2.8013 , 8.3105 , -1.4055 , 2.7927 , 9.2949 , 0.2359 , 0.2839 , 0.3300 , 0.2012 , 0.0086 , -0.9844 , 0.7895 , -16.5456 , -8.5988 , 18.6466
10 , -0.9960 , 2.3631 , 9.7279 , -1.1343 , 2.5239 , 9.4082 , 0.0728 , 0.1391 , 0.0007 , 0.1382 , -0.1607 , 0.3198 , 0.7911 , -14.9137 , -6.8745 , 16.4219
5 , -1.5132 , 3.1557 , 9.5747 , -1.3085 , 3.1288 , 9.2016 , 0.1210 , 0.4641 , 0.0832 , -0.2047 , 0.0268 , 0.3731 , 0.7893 , -18.6055 , -8.0936 , 20.2897
2 , -1.1014 , 3.7063 , 8.4757 , -1.4024 , 3.8126 , 8.9257 , 0.0257 , 0.8489 , 0.5261 , 0.3010 , -0.1063 , -0.4499 , 0.7987 , -22.8785 , -8.9292 , 24.5593
9 , -0.9912 , 2.8731 , 9.3233 , -0.9420 , 2.6264 , 9.4013 , -0.4880 , -0.6098 , 0.1162 , -0.0493 , 0.2467 , -0.0780 , 0.7850 , -15.5345 , -5.7216 , 16.5547
5 , -0.0742 , 5.3057 , 8.5500 , -0.6483 , 4.7058 , 8.5794 , 0.0819 , -0.0888 , 0.1382 , 0.5741 , 0.5999 , -0.0294 , 0.7689 , -28.6762 , -4.3216 , 29.0000
4 , -2.6241 , 4.8412 , 5.6912 , -2.2182 , 4.9596 , 8.1641 , -0.4220 , 0.2802 , -0.0854 , -0.4059 , -0.1184 , -2.4729 , 0.7802 , -30.3805 , -15.2006 , 33.9711
9 , -0.9960 , 3.3041 , 7.8748 , -0.9719 , 3.6509 , 9.0497 , 0.0673 , 0.0542 , -0.5766 , -0.0241 , -0.3468 , -1.1749 , 0.7699 , -21.8567 , -6.1301 , 22.7000
3 , -1.7789 , 4.4749 , 7.5970 , -1.8466 , 4.3460 , 8.5949 , -0.1410 , 0.2081 , -0.0647 , 0.0676 , 0.1289 , -0.9979 , 0.7472 , -26.3065 , -12.1255 , 28.9665
4 , -1.8340 , 4.3169 , 8.6912 , -2.3628 , 3.9679 , 8.6512 , -0.0170 , 0.5313 , -0.0488 , 0.5575 , 0.1551 , 0.2579 , 0.7499 , -23.8666 , -15.2761 , 28.3368
4 , -3.1221 , 3.8380 , 7.1325 , -2.9793 , 3.8266 , 8.5236 , 0.0966 , 0.1250 , 0.0942 , -0.1429 , 0.0115 , -1.3911 , 0.7470 , -22.9670 , -19.2661 , 29.9778
4 , -2.4517 , 3.3304 , 9.6322 , -2.2539 , 3.4314 , 8.9059 , 0.0215 , 0.7475 , -0.0023 , -0.1978 , -0.1010 , 0.7263 , 0.7594 , -20.4818 , -14.2024 , 24.9241
9 , -1.5060 , 3.1700 , 9.8237 , -1.2959 , 3.6908 , 8.9927 , 0.2896 , 0.4598 , -0.1270 , -0.2101 , -0.5208 , 0.8310 , 0.7646 , -22.1080 , -8.2004 , 23.5799
3 , -1.3192 , 4.5611 , 6.8141 , -1.7202 , 4.0921 , 8.7445 , 0.1650 , -0.0277 , 0.1950 , 0.4009 , 0.4690 , -1.9304 , 0.7708 , -24.6627 , -11.1289 , 27.0574
5 , -1.3504 , 3.8596 , 8.9618 , -1.5057 , 3.7343 , 8.9420 , -0.0354 , -0.0136 , 0.0361 , 0.1553 , 0.1253 , 0.0198 , 0.7758 , -22.3825 , -9.5578 , 24.3378
2 , -1.3192 , 4.0439 , 9.5843 , -1.7605 , 3.9179 , 8.8159 , -0.0457 , -0.1975 , 0.0862 , 0.4412 , 0.1260 , 0.7683 , 0.7823 , -23.5481 , -11.2929 , 26.1160
3 , -2.0232 , 3.9601 , 8.6721 , -1.7330 , 3.9767 , 8.7951 , 0.0838 , 0.2325 , -0.0732 , -0.2901 , -0.0165 , -0.1230 , 0.7831 , -23.9229 , -11.1470 , 26.3925
10 , -0.9386 , 2.3895 , 9.3903 , -0.7386 , 3.3851 , 9.1742 , -0.2015 , 0.6882 , -0.0671 , -0.2000 , -0.9956 , 0.2162 , 0.7280 , -20.1933 , -4.6027 , 20.7112
5 , -1.5347 , 2.5954 , 8.6409 , -1.2975 , 2.9342 , 9.2670 , -0.0402 , 0.0529 , 0.6519 , -0.2372 , -0.3388 , -0.6261 , 0.7637 , -17.4098 , -7.9706 , 19.1477
5 , -1.9537 , 3.7542 , 8.2674 , -1.9091 , 3.6056 , 8.9177 , 0.0825 , -0.8218 , 0.2408 , -0.0446 , 0.1487 , -0.6503 , 0.7612 , -21.5716 , -12.0835 , 24.7254
5 , -1.3815 , 4.0248 , 8.8564 , -1.6333 , 3.4704 , 9.0255 , -0.2937 , 0.3370 , -0.0793 , 0.2518 , 0.5543 , -0.1690 , 0.7681 , -20.7252 , -10.2573 , 23.1246
8 , -1.9777 , 2.8947 , 9.4741 , -1.7003 , 3.0121 , 9.1764 , 0.0697 , -0.3350 , 0.0813 , -0.2774 , -0.1174 , 0.2977 , 0.7632 , -17.8873 , -10.4973 , 20.7400
3 , -1.8508 , 3.2203 , 8.8947 , -1.9487 , 3.4739 , 8.9613 , 0.0599 , -0.0448 , -0.1569 , 0.0979 , -0.2536 , -0.0666 , 0.7654 , -20.7465 , -12.2684 , 24.1026
3 , -1.6951 , 3.9817 , 9.5340 , -2.1825 , 3.3880 , 8.9403 , 0.0343 , -0.1040 , -0.0653 , 0.3317 , -0.1677 , -0.0455 , 0.7694 , -20.2113 , -13.7184 , 24.4273
4 , -2.1955 , 3.3592 , 8.7990 , -2.7174 , 3.0138 , 8.9276 , -0.1801 , -0.1590 , -0.0488 , 0.5219 , 0.3453 , -0.1287 , 0.7601 , -17.8982 , -16.9293 , 24.6363
5 , -2.3392 , 2.3320 , 9.3640 , -1.8746 , 2.5288 , 9.2877 , 0.0245 , 0.1024 , -0.0182 , -0.0648 , 0.0235 , 0.2415 , 0.7777 , -14.9437 , -11.4112 , 18.8023
1 , -3.4932 , 3.7351 , 5.8636 , -3.7553 , 3.4509 , 8.3761 , 0.1137 , 0.5148 , 0.0991 , 0.1376 , 0.1980 , -1.7799 , 0.7801 , -20.6030 , -24.1485 , 31.7432
9 , -2.0040 , 2.6864 , 9.5029 , -1.9996 , 2.9752 , 9.1280 , -0.0421 , -0.2134 , -0.0842 , -0.0044 , -0.2889 , 0.3749 , 0.7855 , -17.6613 , -12.3560 , 21.5544
7 , -2.6624 , 2.3392 , 8.5021 , -2.0182 , 2.3221 , 9.3116 , -0.3506 , 0.1171 , 0.1687 , -0.6442 , 0.0171 , -0.8095 , 0.7626 , -13.6972 , -12.2292 , 18.3621
4 , -2.3823 , 2.7486 , 8.6146 , -2.5825 , 2.6543 , 9.0805 , -0.1557 , 0.1495 , 0.1375 , 0.2002 , 0.0943 , -0.4659 , 0.7741 , -15.7037 , -15.8758 , 22.3304
2 , -2.2147 , 2.8420 , 8.4278 , -2.8508 , 2.7113 , 8.9829 , 0.1369 , -0.0778 , -0.0280 , 0.6361 , 0.1307 , -0.5550 , 0.7945 , -16.0501 , -17.6072 , 23.8248
2 , -2.7127 , 2.9234 , 8.6697 , -2.8475 , 2.5822 , 9.0219 , 0.0508 , 0.3584 , 0.0508 , -0.2603 , -0.1424 , -0.2732 , 0.7948 , -15.2667 , -17.5166 , 23.2358
4 , -2.0088 , 2.5068 , 9.5101 , -2.6877 , 2.3465 , 9.1346 , -0.1807 , -0.2757 , 0.2542 , 0.2288 , 0.2226 , 0.0403 , 0.7923 , -13.8438 , -16.3956 , 21.4585
6 , -2.7654 , 2.2147 , 10.5109 , -2.8380 , 2.2247 , 9.1196 , 0.1534 , 0.4964 , -0.0396 , -0.6025 , -0.3595 , 0.3091 , 0.7612 , -13.1120 , -17.2862 , 21.6965
10 , -4.1660 , 1.1301 , 8.2411 , -3.3534 , 1.4312 , 9.1037 , 0.5144 , -0.4028 , 0.0038 , -0.8126 , -0.3011 , -0.8626 , 0.7135 , -8.3916 , -20.2218 , 21.8938
10 , -3.0479 , 0.8380 , 9.3089 , -3.2109 , 1.2786 , 9.1774 , 0.7783 , -0.6141 , 0.2713 , 0.1630 , -0.4406 , 0.1315 , 0.7168 , -7.4916 , -19.2835 , 20.6876
3 , -1.5970 , 3.7015 , 9.5077 , -2.7243 , 2.7790 , 9.0014 , -0.3487 , -0.3582 , 0.2744 , 1.3284 , 1.0255 , -0.1905 , 0.7312 , -16.4622 , -16.8386 , 23.5487
9 , -2.5427 , 1.9250 , 9.4622 , -3.0590 , 1.5329 , 9.1904 , 0.6238 , 0.6553 , -0.0048 , -0.3768 , 0.4639 , -1.3204 , 0.7488 , -8.9929 , -18.4099 , 20.4890
8 , -3.8213 , 1.2019 , 9.4526 , -3.5387 , 1.5640 , 9.0112 , -0.4636 , 0.3614 , 0.0172 , 0.0191 , -0.5441 , -0.5020 , 0.7454 , -9.1772 , -21.4396 , 23.3212
9 , -2.8947 , 2.1501 , 8.6792 , -3.5035 , 1.4808 , 9.0390 , 0.3183 , -0.0698 , 0.1699 , -0.5404 , 0.6285 , -2.4643 , 0.7501 , -8.6849 , -21.1864 , 22.8974
10 , -3.0288 , 0.3687 , 8.4590 , -2.7757 , 0.9663 , 9.3558 , 0.8486 , -0.5011 , -0.0060 , 0.3096 , 0.5708 , -0.5473 , 0.7539 , -5.6550 , -16.5248 , 17.4656
6 , -2.8013 , 2.0112 , 8.1286 , -2.6096 , 1.7858 , 9.2829 , 0.0489 , 0.2069 , 0.1724 , -0.2540 , -0.4019 , -0.2086 , 0.7518 , -10.4921 , -15.7016 , 18.8845
7 , -1.4007 , 4.7143 , 8.0184 , -1.6739 , 4.2420 , 8.6818 , -0.2021 , 0.0297 , -0.2827 , -0.4906 , -0.5811 , 0.0237 , 0.7645 , -25.6301 , -10.9127 , 27.8566
10 , -1.5204 , 3.4909 , 9.7303 , -1.2535 , 3.7233 , 8.9853 , -0.0024 , 0.1336 , -0.3176 , -0.1304 , -0.8645 , -0.3755 , 0.7467 , -22.3130 , -7.9416 , 23.6842
9 , -1.3097 , 3.4454 , 9.9147 , -1.7731 , 3.1925 , 9.1013 , -0.0708 , 0.1501 , 0.0282 , 0.4634 , 0.2528 , 0.8133 , 0.7602 , -18.9987 , -11.0239 , 21.9654
7 , -1.3623 , 3.0407 , 9.1198 , -1.6701 , 3.0168 , 9.1804 , -0.0170 , 0.1006 , -0.1245 , 0.3078 , 0.0240 , -0.0606 , 0.7698 , -17.9160 , -10.3108 , 20.6712
3 , -1.3264 , 3.8237 , 7.6282 , -1.3761 , 3.9805 , 8.8562 , -0.1453 , -0.2158 , 0.1608 , 0.4830 , 0.5998 , 0.4886 , 0.7560 , -23.9474 , -8.8318 , 25.5241
9 , -1.2809 , 3.6752 , 9.2060 , -1.2654 , 3.5932 , 9.0365 , -0.0445 , -0.0863 , -0.0769 , -0.0155 , 0.0820 , 0.1695 , 0.7605 , -21.4938 , -7.9715 , 22.9244
7 , -2.1644 , 2.7893 , 7.7407 , -1.7388 , 3.3706 , 9.0436 , 0.1094 , 0.0926 , 0.1357 , 0.2615 , -0.2772 , -1.7889 , 0.6413 , -20.1029 , -10.8834 , 22.8599
5 , 0.1844 , 2.5188 , 9.2443 , -1.4397 , 2.5657 , 9.3549 , -0.4678 , 0.0890 , 0.3996 , 0.1779 , -0.8107 , -0.0604 , 0.6879 , -15.1668 , -8.7488 , 17.5092
7 , -0.6345 , 2.1979 , 9.3137 , -0.9081 , 1.6750 , 9.6198 , -0.5088 , 0.3242 , 0.1846 , 0.2736 , 0.5229 , -0.3060 , 0.6933 , -9.8346 , -5.3927 , 11.2161
5 , -1.9657 , 1.1157 , 8.9091 , -1.1928 , 1.5217 , 9.6142 , 0.1125 , 0.1122 , 0.0343 , 0.1106 , 0.4990 , -0.5662 , 0.6930 , -8.9269 , -7.0725 , 11.3890
2 , -1.9034 , 1.6856 , 9.6226 , -2.2266 , 1.9835 , 9.3423 , -0.0042 , 0.3590 , 0.5444 , 0.3231 , -0.2979 , 0.2803 , 0.7097 , -11.6692 , -13.4054 , 17.7729
1 , -3.0958 , 2.4278 , 10.3193 , -2.1043 , 2.1627 , 9.3309 , -0.1600 , 0.7677 , -0.2864 , 0.8185 , 0.8828 , 0.4330 , 0.7253 , -12.7406 , -12.7085 , 17.9953
9 , -2.7869 , 1.9585 , 8.6792 , -1.6878 , 2.5221 , 9.3253 , -0.0445 , -0.7241 , -0.2296 , -1.0992 , -0.5636 , -0.6460 , 0.7187 , -14.9029 , -10.2588 , 18.0925
7 , -1.6209 , 2.2003 , 10.2331 , -1.2737 , 2.2515 , 9.4593 , -0.2944 , -0.0088 , -0.2638 , -0.3472 , -0.0512 , 0.7738 , 0.7212 , -13.2731 , -7.6688 , 15.3293
5 , -2.5595 , 1.8747 , 7.4342 , -1.2715 , 1.7218 , 9.5702 , 0.6158 , -0.4217 , 0.2615 , -0.3015 , -0.1511 , 0.9454 , 0.7271 , -10.1118 , -7.5683 , 12.6304
10 , -1.5323 , 1.5778 , 8.3369 , -0.7821 , 3.0075 , 9.3013 , 0.0099 , -0.2140 , -0.1062 , -0.7502 , -1.4296 , -0.9644 , 0.7095 , -17.8590 , -4.8067 , 18.4946
3 , -1.4126 , 2.7271 , 7.6784 , -1.1488 , 3.5615 , 9.0646 , -0.5405 , -0.1798 , 0.3019 , -0.2639 , -0.8344 , -1.3861 , 0.7499 , -21.2952 , -7.2227 , 22.4867
4 , -1.3456 , 2.7702 , 8.9953 , -1.2163 , 2.6508 , 9.3629 , -0.0005 , -0.2372 , -0.2278 , -0.1556 , 0.0500 , 0.3267 , 0.7685 , -15.6822 , -7.4017 , 17.3412
10 , -0.0168 , 1.0846 , 10.6737 , -0.3483 , 1.5658 , 9.6746 , 0.1925 , 0.5465 , 0.2072 , 0.3316 , -0.4812 , 0.9991 , 0.7189 , -9.1873 , -2.0620 , 9.4159
9 , -0.8452 , 2.5212 , 8.8061 , -1.0000 , 1.8446 , 9.5796 , 0.0514 , -0.6502 , -0.1306 , 0.8563 , 0.3366 , 1.0007 , 0.7159 , -10.8416 , -5.9592 , 12.3715
6 , -1.0200 , 0.5938 , 8.4542 , -1.2952 , 0.6246 , 9.7007 , 0.0648 , -0.5561 , 0.2255 , -0.0169 , -0.2583 , 0.0632 , 0.8727 , -3.6520 , -7.6048 , 8.4362
4 , -1.3959 , 0.6560 , 10.3816 , -1.6814 , 0.3862 , 9.6537 , 0.5389 , 0.5245 , 0.6635 , -1.0672 , -2.3399 , 0.0048 , 0.9196 , -2.2570 , -9.8801 , 10.1346
2 , -1.7837 , 1.0295 , 9.5939 , -2.2394 , 0.3973 , 9.5393 , 0.0551 , 0.0536 , -0.2155 , 0.4557 , 0.6323 , 0.0546 , 0.9512 , -2.3217 , -13.2115 , 13.4140
4 , -2.7750 , 0.5148 , 9.4885 , -1.9889 , 0.5138 , 9.5891 , -0.0671 , 0.1947 , 0.1009 , -0.7861 , 0.0010 , -0.1006 , 0.9368 , -3.0030 , -11.7177 , 12.0963
4 , -1.6592 , 1.3264 , 9.7519 , -2.4673 , 0.8049 , 9.4570 , -0.1154 , -0.0882 , 0.1608 , -0.0419 , -0.2614 , -0.9765 , 0.9482 , -4.7081 , -14.6226 , 15.3619
3 , -2.1309 , 0.7757 , 8.5739 , -2.0999 , 0.8319 , 9.5430 , -0.1368 , -0.3838 , -0.3182 , -0.0310 , -0.0561 , -0.9691 , 0.9525 , -4.8660 , -12.4098 , 13.3297
3 , -0.9362 , 1.3097 , 9.2778 , -1.5625 , 1.4014 , 9.5794 , 0.4118 , 0.3743 , 0.1724 , 0.3774 , 0.3417 , 0.0671 , 0.9604 , -8.2156 , -9.2642 , 12.3823
5 , -2.4541 , 0.9481 , 7.3600 , -1.6644 , 1.1469 , 9.5961 , -0.0164 , -0.0051 , 0.0068 , 0.9820 , 0.6320 , 1.0225 , 0.9618 , -6.7164 , -9.8396 , 11.9133
6 , -1.6281 , 0.8883 , 9.3616 , -1.7388 , 1.2288 , 9.5727 , -0.1722 , -0.2580 , -0.0109 , 0.1107 , -0.3405 , -0.2111 , 0.9569 , -7.1982 , -10.2951 , 12.5620
6 , -1.2809 , 1.0750 , 9.5220 , -1.2505 , 1.0825 , 9.6662 , 0.0251 , 0.2368 , -0.1038 , 0.2880 , -0.0721 , -0.2040 , 0.9592 , -6.3372 , -7.3715 , 9.7211
5 , -1.1660 , 0.6297 , 10.6114 , -1.1380 , 1.1638 , 9.6706 , 0.0465 , 0.6223 , 0.3061 , -0.0280 , -0.5341 , 0.9408 , 0.9564 , -6.8156 , -6.7115 , 9.5654
8 , -0.2945 , 2.3751 , 9.2730 , -1.1971 , 0.9611 , 9.6857 , -0.2846 , 0.4091 , 0.7832 , -0.6297 , 0.1307 , -1.9570 , 0.9525 , -5.6243 , -7.0458 , 9.0153
1 , -1.5970 , 1.1445 , 10.4079 , -3.1991 , 1.7898 , 9.0957 , 0.0135 , 1.0224 , 0.1528 , 1.6022 , -0.6453 , 1.3122 , 0.9437 , -10.5159 , -19.3777 , 22.0472
2 , -1.1014 , 3.0527 , 11.5380 , -2.7055 , 1.7047 , 9.2706 , -0.2259 , 0.5459 , 0.4320 , -0.7542 , -0.1676 , -0.8715 , 0.9478 , -10.0105 , -16.2691 , 19.1022
2 , -1.2331 , 1.5730 , 10.7647 , -1.5681 , 0.8349 , 9.6444 , 0.3098 , 0.7622 , -0.2381 , 0.3351 , 0.7381 , 1.1203 , 0.9610 , -4.8839 , -9.2351 , 10.4470
8 , -0.7159 , -1.1876 , 10.8054 , -0.8940 , -0.0612 , 9.7656 , -0.0983 , 0.6699 , -0.2803 , -0.7844 , 1.3709 , 0.6830 , 0.9684 , 0.3576 , -5.2304 , 5.2427
8 , -1.2235 , 0.6752 , 11.9929 , -1.5311 , 0.4739 , 9.6748 , -0.8209 , -0.0509 , -0.1557 , 0.8152 , -1.6614 , 1.1306 , 0.9638 , -2.7698 , -8.9926 , 9.4095
8 , -0.7877 , 1.4868 , 9.8860 , -1.2914 , 1.2459 , 9.6411 , 0.0001 , 0.1788 , 0.2664 , 0.1374 , -0.1326 , -0.0281 , 0.9594 , -7.2991 , -7.6294 , 10.5586
4 , -1.5802 , 2.1165 , 8.4470 , -2.4055 , 2.0092 , 9.2923 , -0.2278 , 0.0218 , 0.0001 , 0.8253 , 0.1074 , -0.8453 , 0.9594 , -11.8225 , -14.5134 , 18.7192
7 , -1.3288 , 1.3719 , 9.0504 , -1.6482 , 1.5339 , 9.5447 , -0.5668 , 0.2167 , -0.3377 , 0.1230 , 1.3560 , -1.3275 , 0.9602 , -8.9989 , -9.7974 , 13.3029
1 , -2.8276 , 1.0726 , 9.3927 , -2.3272 , 2.5088 , 9.1902 , 0.0978 , 1.9320 , 0.8083 , -0.5004 , -1.4361 , 0.2025 , 0.9458 , -14.8223 , -14.2100 , 20.5335
5 , -1.8364 , 1.4773 , 11.8660 , -2.5772 , 1.6173 , 9.3227 , -0.0647 , 0.1763 , 0.3061 , -1.4930 , 0.9397 , -5.7385 , 0.9538 , -9.4927 , -15.4534 , 18.1361
1 , -4.1780 , 2.2099 , 8.1884 , -3.5807 , 2.0811 , 8.8892 , 0.1088 , 1.0884 , 0.2347 , 1.1361 , -0.3572 , 0.5801 , 0.9464 , -12.2519 , -21.9402 , 25.1293
1 , -3.4023 , 3.2347 , 9.2395 , -2.3022 , 2.2485 , 9.2636 , 0.1546 , 2.3486 , 0.2872 , 1.1098 , -0.5414 , -0.3976 , 0.9604 , -13.2547 , -13.9564 , 19.2476
10 , -1.0990 , 0.8117 , 9.2419 , -1.4979 , 1.7903 , 9.5248 , -0.1441 , -0.0295 , 0.2640 , -1.7798 , 0.5106 , -0.9030 , 0.9529 , -10.5188 , -8.9376 , 13.8031
4 , -2.7031 , 0.9912 , 9.6226 , -3.1920 , 2.1167 , 9.0278 , -0.2064 , 0.3999 , -0.2534 , 0.4889 , -1.1255 , 0.5948 , 0.9545 , -12.4651 , -19.4723 , 23.1203
6 , -1.8292 , 2.4733 , 9.0647 , -2.1215 , 2.4525 , 9.2550 , -0.2101 , -0.4767 , 0.1259 , 0.2923 , 0.0207 , -0.1903 , 0.9616 , -14.4828 , -12.9107 , 19.4020
4 , -2.8755 , 2.2746 , 7.2523 , -2.7182 , 1.9472 , 9.2190 , -0.1123 , 0.0126 , -0.0476 , -0.1574 , 0.3273 , -1.9668 , 0.9622 , -11.4529 , -16.4278 , 20.0260
6 , -1.1995 , 1.8915 , 9.6370 , -1.7750 , 2.0340 , 9.4277 , 0.0245 , -0.6276 , -0.0243 , 0.5755 , -0.1425 , 0.2092 , 0.9651 , -11.9708 , -10.6627 , 16.0310
2 , -1.9298 , 2.6529 , 9.1581 , -1.7946 , 2.5455 , 9.2989 , 0.0105 , 0.2814 , 0.1168 , -0.1352 , 0.1073 , -0.1408 , 0.9578 , -15.0446 , -10.9230 , 18.5918
3 , -0.8715 , 2.9881 , 9.5891 , -1.3818 , 2.3868 , 9.4109 , 0.2120 , -0.4474 , -0.1978 , 0.5102 , 0.6013 , 0.1782 , 0.9632 , -14.0864 , -8.3529 , 16.3767
7 , -1.1876 , 0.7422 , 8.6290 , -1.5055 , 1.5298 , 9.5689 , -0.2266 , 0.3223 , 0.4063 , 0.3180 , -0.7875 , -0.9399 , 0.9648 , -8.9743 , -8.9414 , 12.6684
10 , -0.6369 , 1.6401 , 9.5292 , -0.7455 , 1.4296 , 9.6732 , -0.1239 , 0.1348 , -0.2614 , 0.1086 , 0.2105 , -0.1440 , 0.9618 , -8.3823 , -4.4068 , 9.4701
2 , -1.2690 , 2.1716 , 7.7622 , -1.1496 , 2.1988 , 9.4876 , 0.0459 , 0.6302 , 0.1687 , -0.1194 , -0.0272 , -1.7253 , 0.9641 , -12.9566 , -6.9086 , 14.6834
5 , -1.5275 , 1.3360 , 9.7998 , -1.3407 , 1.5952 , 9.5827 , -0.0879 , 0.3614 , -0.0036 , 0.1220 , 0.0641 , -0.2905 , 0.9671 , -9.3614 , -7.9644 , 12.2909
2 , -1.5323 , 2.2363 , 8.9091 , -1.6445 , 2.1176 , 9.4330 , -0.1905 , -0.0912 , -0.0414 , 0.1122 , 0.1187 , -0.5239 , 0.9681 , -12.4701 , -9.8892 , 15.9154
6 , 0.0144 , 2.5475 , 12.2036 , -1.6346 , 2.0632 , 9.4468 , -0.0329 , 1.0322 , -0.0347 , 1.6490 , 0.4843 , 2.7568 , 0.9673 , -12.1448 , -9.8171 , 15.6164
8 , -1.2354 , 1.3959 , 9.6681 , -1.3239 , 1.6631 , 9.5735 , -0.0952 , -0.1267 , -0.1679 , 0.0885 , -0.2672 , 0.0946 , 0.9657 , -9.7639 , -7.8737 , 12.5431
8 , -0.9577 , 1.4797 , 10.5635 , -1.1346 , 1.5751 , 9.6126 , -0.1850 , -0.0637 , -0.1807 , -0.1008 , -0.1793 , 0.0555 , 0.9650 , -9.2429 , -6.7318 , 11.4345
3 , -1.5970 , 2.2865 , 7.6353 , -1.2764 , 1.8644 , 9.5428 , 0.3281 , 0.3119 , 0.1675 , 0.1272 , -0.2698 , 0.6784 , 0.9642 , -10.9597 , -7.6185 , 13.3476
9 , -0.8667 , 1.4892 , 9.9051 , -0.8343 , 1.5526 , 9.6470 , -0.3933 , 0.1403 , -0.0176 , -0.0324 , -0.0633 , 0.2582 , 0.9625 , -9.1094 , -4.9429 , 10.3640
8 , -0.7422 , 2.0902 , 9.2299 , -0.8325 , 1.7278 , 9.6173 , 0.3269 , -0.4125 , -0.0714 , -0.3335 , 0.1732 , -0.2485 , 0.9609 , -10.1480 , -4.9476 , 11.2898
9 , -1.4342 , 1.1852 , 8.9378 , -1.1465 , 1.4938 , 9.6242 , 0.1650 , -0.0369 , 0.0862 , 0.5886 , 0.1128 , -0.2123 , 0.9535 , -8.7617 , -6.7934 , 11.0868
10 , -1.3145 , 1.1493 , 10.6856 , -0.1777 , 1.4567 , 9.6962 , -0.0873 , 0.0798 , 0.1699 , -1.1368 , -0.3075 , 0.9894 , 0.9540 , -8.5426 , -1.0499 , 8.6069
7 , -0.3951 , 2.2291 , 9.8596 , -1.2791 , 1.6457 , 9.5826 , -0.2846 , 0.5685 , -0.0017 , 0.8840 , 0.5833 , 0.2770 , 0.9540 , -9.6610 , -7.6029 , 12.2939
7 , -2.6050 , 1.3695 , 10.2810 , -2.1572 , 1.7517 , 9.4047 , -0.1942 , 0.4830 , 0.0294 , 1.9178 , 0.4319 , 0.4094 , 0.9449 , -10.2897 , -12.9187 , 16.5158
8 , -2.3991 , 1.2331 , 9.2012 , -1.8889 , 1.7732 , 9.4582 , -0.0635 , -0.0576 , 0.1626 , -0.5101 , -0.5401 , -0.2570 , 0.9532 , -10.4172 , -11.2942 , 15.3648
5 , -2.2171 , 2.0687 , 9.2251 , -2.3259 , 1.8032 , 9.3546 , 0.1491 , 0.1403 , -0.0402 , 0.1088 , 0.2655 , -0.1295 , 0.9536 , -10.5953 , -13.9627 , 17.5276
6 , -1.6042 , 2.0543 , 10.0320 , -2.0008 , 1.6694 , 9.4541 , 0.0832 , 0.3260 , -0.0182 , 0.3966 , 0.3849 , 0.5779 , 0.9550 , -9.8013 , -11.9491 , 15.4546
2 , -2.5715 , 1.9058 , 8.9091 , -2.3516 , 1.5815 , 9.3882 , 0.5865 , 0.8483 , 0.3849 , 0.0795 , -0.7483 , 0.1817 , 0.9566 , -9.2806 , -14.0625 , 16.8488
7 , -3.1197 , 1.5204 , 8.3752 , -2.5240 , 1.6541 , 9.3308 , -0.2345 , -0.0088 , -0.2607 , -0.1432 , 0.2589 , 0.3014 , 0.9522 , -9.7108 , -15.1367 , 17.9838
1 , -2.5451 , 2.5547 , 9.5053 , -3.4424 , 1.9441 , 8.9744 , 0.2133 , 1.1714 , 0.2053 , 0.8973 , 0.6106 , 0.5308 , 0.9497 , -11.4343 , -20.9858 , 23.8986
8 , -2.6002 , 2.2339 , 10.0368 , -2.5492 , 1.9894 , 9.2582 , -0.1178 , -0.0210 , -0.1172 , -1.9688 , 0.6587 , -1.5989 , 0.9507 , -11.7042 , -15.3943 , 19.3384
8 , -1.9657 , 1.8867 , 9.8285 , -2.6713 , 1.8436 , 9.2539 , 0.1772 , -0.2720 , 0.0697 , -0.3550 , -0.2562 , 0.6368 , 0.9487 , -10.8358 , -16.1018 , 19.4083
3 , -1.4078 , 1.8699 , 10.2355 , -2.0052 , 2.0352 , 9.3812 , 0.1015 , 0.5520 , 0.2084 , 0.5973 , -0.1653 , 0.8543 , 0.9563 , -11.9779 , -12.0650 , 17.0011
10 , -0.2538 , 1.3264 , 10.6928 , -0.8272 , 1.7690 , 9.6102 , -0.6389 , 0.0853 , -0.0634 , 0.5734 , -0.4426 , 1.0826 , 0.9662 , -10.3925 , -4.9198 , 11.4982
9 , -1.2690 , 1.0702 , 8.9666 , -0.5577 , 0.7997 , 9.7581 , -0.1349 , 0.0328 , -0.1832 , -0.0217 , 0.5075 , 0.7456 , 0.9624 , -4.6777 , -3.2713 , 5.7081
6 , -1.4318 , 1.8173 , 8.5643 , -1.3795 , 1.3767 , 9.6110 , 0.1693 , 0.3291 , 0.0386 , 0.1513 , -0.0742 , -0.4003 , 0.9617 , -8.0698 , -8.1682 , 11.4822
2 , -1.4868 , 2.9138 , 7.2786 , -1.2171 , 2.0745 , 9.5071 , 0.4533 , 1.1006 , -0.0634 , 1.2482 , -0.9037 , 0.6398 , 0.9593 , -12.2124 , -7.2950 , 14.2254
8 , -1.0894 , 1.5132 , 9.5795 , -1.2493 , 1.5272 , 9.6061 , 0.2646 , -0.0533 , 0.0844 , 0.1599 , -0.0140 , -0.0266 , 0.9602 , -8.9593 , -7.4096 , 11.6263
1 , -4.1349 , 2.4278 , 10.8748 , -2.9511 , 1.9225 , 9.1523 , 0.2127 , 3.0511 , 0.3141 , -1.1838 , 0.5053 , 1.7224 , 0.9600 , -11.3057 , -17.8713 , 21.1471
2 , -3.2562 , 2.2961 , 8.7654 , -3.2314 , 1.9901 , 9.0426 , -0.1704 , 0.3883 , -0.0048 , -1.4925 , -0.6229 , -2.0633 , 0.9529 , -11.7083 , -19.6644 , 22.8861
10 , -0.5220 , 2.1213 , 9.0049 , -0.6564 , 1.3167 , 9.6957 , -0.1752 , -0.2775 , 0.2377 , -1.1729 , 0.3809 , 0.1065 , 0.9611 , -7.7160 , -3.8727 , 8.6334
3 , -1.1947 , 4.0607 , 6.8476 , -1.4342 , 2.2333 , 9.4406 , 0.1357 , -0.4871 , -0.0530 , 0.2395 , 1.8274 , -2.5930 , 0.9670 , -13.1638 , -8.6382 , 15.7450
6 , -1.3288 , 1.8196 , 9.0312 , -1.0745 , 1.8254 , 9.5752 , 0.0068 , 0.2283 , 0.0416 , 0.5190 , 0.4372 , 0.0809 , 0.9666 , -10.7275 , -6.4028 , 12.4930
5 , -1.3815 , 1.7550 , 8.7990 , -1.1552 , 1.7927 , 9.5719 , 0.0624 , 0.1660 , 0.2664 , -0.2263 , -0.0377 , -0.7730 , 0.9690 , -10.5334 , -6.8817 , 12.5822
3 , -1.8915 , 1.7526 , 9.5292 , -1.7908 , 2.1063 , 9.4089 , -0.0384 , -0.5982 , -0.1129 , -0.1007 , -0.3537 , 0.1203 , 0.9603 , -12.4029 , -10.7764 , 16.4306
9 , -0.3879 , 1.8675 , 9.5795 , -0.7347 , 1.6183 , 9.6443 , -0.0066 , 1.0419 , -0.0811 , 0.3469 , 0.2492 , -0.0648 , 0.9586 , -9.4985 , -4.3566 , 10.4500
1 , -3.9051 , 1.8963 , 8.7487 , -3.1010 , 2.3123 , 9.0115 , 0.0355 , 0.3810 , -0.0078 , 1.5160 , -0.5669 , 0.9391 , 0.9593 , -13.6382 , -18.9891 , 23.3792
7 , -1.3767 , 2.4398 , 9.2275 , -1.9149 , 1.4948 , 9.5010 , -0.2883 , 0.2484 , 0.0691 , 0.1216 , 0.2219 , 0.7249 , 0.9621 , -8.7673 , -11.3954 , 14.3778
3 , -1.4964 , 1.7071 , 9.4215 , -1.6446 , 1.8870 , 9.4818 , -0.0842 , 0.6699 , 0.2145 , 0.1482 , -0.1799 , -0.0603 , 0.9556 , -11.0943 , -9.8398 , 14.8292
2 , -1.8173 , 2.5930 , 8.3608 , -2.1252 , 1.6898 , 9.4233 , 0.3067 , 0.2179 , -0.0677 , 0.6240 , -0.6244 , 0.8003 , 0.9632 , -9.9225 , -12.7089 , 16.1236
2 , -1.8699 , 1.5659 , 9.5460 , -1.9716 , 1.5481 , 9.4808 , -0.3127 , -0.2507 , 0.2878 , 0.1017 , 0.0177 , 0.0651 , 0.9626 , -9.0830 , -11.7477 , 14.8496
4 , -3.4813 , 1.0870 , 7.7024 , -2.4457 , 1.1865 , 9.4224 , -0.0182 , 0.1409 , -0.0060 , -1.0356 , -0.0995 , -1.7200 , 0.9617 , -6.9495 , -14.5509 , 16.1252
5 , -2.0854 , 0.7303 , 8.6194 , -2.0580 , 1.0834 , 9.5269 , 0.1137 , -0.6025 , 0.3245 , -0.0274 , -0.3532 , -0.9075 , 0.9642 , -6.3428 , -12.1900 , 13.7415
4 , -1.8556 , 1.4222 , 9.8285 , -2.4872 , 1.0301 , 9.4299 , -0.0518 , -0.0607 , 0.1296 , 0.1168 , -0.2280 , 0.2501 , 0.9630 , -6.0296 , -14.7755 , 15.9584
8 , -1.0583 , 0.9793 , 9.1988 , -1.3753 , 0.8327 , 9.6740 , -0.2919 , 0.0267 , 0.0459 , -0.2768 , -0.3252 , -0.6308 , 0.9626 , -4.8712 , -8.0910 , 9.4442
8 , -1.3504 , 0.6249 , 9.5723 , -1.3725 , 0.6720 , 9.6869 , 0.0074 , 0.1696 , 0.0661 , 0.0221 , -0.0471 , -0.1145 , 0.9641 , -3.9294 , -8.0641 , 8.9705
2 , -2.1141 , 1.5994 , 6.9602 , -2.0861 , 1.5221 , 9.4605 , 0.0050 , 0.0804 , 0.1650 , -0.0281 , 0.0773 , -2.5004 , 0.9650 , -8.9290 , -12.4348 , 15.3085
9 , -1.4773 , 0.7326 , 8.6266 , -1.0920 , 0.8834 , 9.7055 , 0.2139 , 0.1342 , -0.0970 , -0.1818 , 0.0504 , -0.0854 , 0.9664 , -5.1682 , -6.4193 , 8.2412
7 , -1.4054 , -0.1077 , 11.1932 , -1.6787 , 0.2240 , 9.6593 , -0.1630 , 0.4097 , 0.4900 , 0.2733 , -0.3318 , 1.5339 , 0.9604 , -1.3091 , -9.8591 , 9.9456
3 , -2.3823 , 0.8667 , 9.0958 , -1.8479 , 0.9411 , 9.5849 , -0.1655 , -0.1890 , 0.0355 , -0.5344 , -0.0744 , -0.4890 , 0.9668 , -5.5069 , -10.9121 , 12.2229
2 , -1.6616 , 1.4940 , 10.0991 , -1.6676 , 1.7451 , 9.5050 , 0.1962 , 0.3297 , 0.2512 , 0.0060 , -0.2510 , 0.5941 , 0.9629 , -10.2502 , -9.9509 , 14.2859
4 , -3.4813 , 0.4597 , 8.6816 , -2.6574 , 1.0484 , 9.3814 , 0.0196 , 0.1690 , 0.1498 , -0.8239 , -0.5887 , -0.6997 , 0.9573 , -6.1369 , -15.8152 , 16.9642
3 , -0.7805 , 1.2738 , 10.0847 , -0.9793 , 1.4772 , 9.6452 , 0.3183 , 0.3309 , 0.1724 , 0.1987 , -0.2035 , 0.4395 , 0.9625 , -8.6639 , -5.7973 , 10.4245
3 , -0.9266 , 1.7382 , 9.3449 , -1.0309 , 1.7265 , 9.5983 , -0.1569 , 0.2258 , 0.0264 , 0.1043 , 0.0118 , -0.2534 , 0.9626 , -10.1397 , -6.1302 , 11.8488
6 , -1.3049 , 1.1660 , 9.5101 , -1.2028 , 1.4740 , 9.6203 , -0.2198 , 0.4127 , -0.0127 , 0.1445 , 0.4247 , 0.7828 , 0.9634 , -8.6447 , -7.1264 , 11.2034
9 , -0.7662 , 0.4597 , 9.9410 , -0.8039 , 0.9449 , 9.7279 , 0.0777 , -0.6496 , 0.0050 , 0.0378 , -0.4852 , 0.2132 , 0.9677 , -5.5295 , -4.7244 , 7.2729
10 , -0.1532 , 0.0168 , 9.9410 , -0.3127 , 0.8579 , 9.7640 , 0.1149 , 0.3266 , -0.0457 , 0.1595 , -0.8412 , 0.1770 , 0.9665 , -5.0190 , -1.8345 , 5.3437
5 , -1.0726 , 1.4701 , 9.4933 , -0.9501 , 1.1563 , 9.6918 , 0.1974 , -0.2024 , 0.5169 , -0.1081 , -1.1012 , -0.4714 , 0.9758 , -6.7715 , -5.5990 , 8.7865
2 , -1.7047 , 2.1932 , 9.4550 , -1.3568 , 1.3664 , 9.6157 , 0.3159 , 0.6210 , -0.0085 , 1.3640 , -1.1773 , 1.2519 , 0.9767 , -8.0096 , -8.0314 , 11.3427
7 , -2.1309 , -0.0934 , 9.5627 , -1.5159 , 0.1918 , 9.6869 , -0.2650 , -0.0094 , -0.0335 , -0.6150 , -0.2851 , -0.1241 , 0.9727 , -1.1204 , -8.8943 , 8.9646
7 , -2.2075 , 0.7805 , 8.5691 , -2.1014 , 0.2442 , 9.5757 , -0.1569 , 0.0975 , 0.0288 , -0.0774 , -0.2370 , 0.0253 , 0.9704 , -1.4267 , -12.3773 , 12.4592
10 , -0.8188 , -0.2969 , 9.6322 , -0.4765 , 0.3298 , 9.7895 , 0.1106 , -0.1028 , -0.0439 , -0.3423 , -0.6267 , -0.1573 , 0.9592 , -1.9274 , -2.7869 , 3.3884
2 , -1.8556 , 1.7502 , 8.3632 , -1.6545 , 1.4821 , 9.5518 , -0.0109 , -0.0008 , 0.1357 , 1.1301 , -0.8452 , 1.2033 , 0.9664 , -8.6924 , -9.8267 , 13.1195
8 , -0.9362 , 1.0631 , 9.2251 , -1.3289 , 0.9751 , 9.6671 , 0.0642 , -0.1205 , 0.0490 , -0.2154 , 0.0520 , 0.0177 , 0.9672 , -5.7067 , -7.8270 , 9.6866
6 , -1.6233 , 1.2857 , 8.9713 , -1.2581 , 1.0742 , 9.6661 , 0.0092 , -0.2604 , 0.0404 , -0.3652 , 0.2115 , -0.6948 , 0.9691 , -6.2889 , -7.4155 , 9.7232
2 , -1.6999 , 2.6361 , 8.6050 , -2.2393 , 1.6795 , 9.3987 , -0.0738 , -0.1303 , -0.0078 , 0.5394 , 0.9566 , -0.7936 , 0.9699 , -9.8614 , -13.4015 , 16.6387
4 , -1.7287 , 1.1947 , 9.5148 , -2.2156 , 0.8605 , 9.5143 , -0.0769 , 0.1684 , -0.0659 , 0.4869 , 0.3343 , 0.0006 , 0.9694 , -5.0337 , -13.1089 , 14.0421
7 , -2.0256 , 0.0694 , 9.5460 , -1.7505 , 0.8525 , 9.6114 , 0.2365 , -0.1920 , -0.1435 , -0.2367 , 0.2202 , -0.4581 , 0.9676 , -4.9868 , -10.3221 , 11.4636
1 , -3.3328 , 2.0375 , 8.7654 , -3.7013 , 2.1411 , 8.8253 , -0.1642 , 0.0291 , -0.3359 , 0.3685 , -0.1035 , -0.0599 , 0.9626 , -12.6109 , -22.7530 , 26.0141
1 , -4.5802 , 1.5682 , 8.1597 , -3.8490 , 1.6760 , 8.8626 , -0.0292 , -0.0497 , -0.0256 , -0.7312 , -0.1078 , -0.7030 , 0.9606 , -9.8406 , -23.4751 , 25.4542
8 , -2.4972 , 1.3480 , 8.3393 , -1.6559 , 1.6152 , 9.5299 , -0.2382 , 0.7762 , -0.0903 , 0.7461 , -0.3246 , 0.8900 , 0.9688 , -9.4798 , -9.8575 , 13.6761
3 , -1.4964 , 1.7957 , 10.4390 , -2.2909 , 1.8690 , 9.3503 , -0.1471 , 0.3633 , -0.1044 , 0.7945 , -0.0733 , 1.0887 , 0.9675 , -10.9872 , -13.7666 , 17.6135
4 , -3.1006 , 0.8691 , 7.2906 , -2.8505 , 0.8146 , 9.3478 , 0.0777 , 0.6699 , 0.0074 , 0.5376 , -0.5225 , 1.0098 , 0.9718 , -4.7650 , -16.9585 , 17.6152
4 , -2.9833 , 0.7805 , 9.8788 , -3.3246 , 0.5674 , 9.2084 , 0.0465 , 0.4470 , -0.2717 , 0.8106 , -0.0071 , 0.7039 , 0.9656 , -3.3166 , -19.8516 , 20.1268
4 , -3.7231 , 0.0503 , 8.6912 , -3.2998 , 0.3344 , 9.2287 , -0.0610 , 0.3987 , 0.0270 , -0.8351 , 0.0439 , -0.6333 , 0.9558 , -1.9540 , -19.6751 , 19.7719
4 , -0.6201 , 1.9106 , 8.8875 , -1.5683 , 2.2139 , 9.4239 , -0.3365 , -0.2806 , -0.1483 , 0.9482 , -0.3033 , -0.5363 , 0.9738 , -13.0473 , -9.4487 , 16.1093
7 , -0.8979 , 1.5802 , 8.9426 , -0.3853 , 2.0345 , 9.5856 , -0.2369 , 0.1098 , 0.0025 , -0.5126 , -0.4543 , -0.6429 , 0.9762 , -11.9735 , -2.3016 , 12.1927
4 , -0.7997 , 1.8125 , 10.1254 , -1.1259 , 2.1526 , 9.5010 , -0.0085 , 0.7481 , -0.0738 , 0.3262 , -0.3402 , 0.6244 , 0.9816 , -12.6802 , -6.7583 , 14.3688
5 , 0.1461 , 1.3552 , 9.8812 , 0.3005 , 1.8293 , 9.6298 , -0.1563 , 0.8990 , 0.3862 , 0.3771 , 0.0287 , -0.0384 , 0.9648 , -10.7507 , 1.7874 , 10.8982
10 , 0.6393 , 1.0559 , 9.4981 , 0.5697 , 0.4953 , 9.7776 , 0.3043 , -0.2201 , -0.4019 , 0.0695 , 0.5606 , -0.2795 , 0.9649 , -2.8948 , 3.3349 , 4.4160
10 , 0.4717 , 0.9386 , 10.3816 , 0.9392 , 1.6344 , 9.6238 , -0.4990 , 0.4983 , -0.2497 , -0.2497 , -0.0589 , 0.2765 , 0.7804 , -9.5937 , 5.5739 , 11.0954
2 , -1.1756 , 1.9106 , 10.7958 , -1.4647 , 2.0820 , 9.4705 , -0.2137 , -0.1859 , -0.2577 , 0.2891 , -0.1714 , 1.3253 , 0.7899 , -12.2576 , -8.7918 , 15.0845
9 , -0.6536 , 1.2618 , 9.1940 , -0.5525 , 1.2484 , 9.7112 , 0.2011 , -0.1938 , -0.2797 , -0.1012 , 0.0134 , -0.5171 , 0.7570 , -7.3136 , -3.2560 , 8.0056
4 , -1.9920 , 0.5315 , 9.7734 , -1.4752 , 1.2453 , 9.6148 , 0.1051 , 0.9876 , -0.1099 , 1.5925 , 0.2009 , 0.1587 , 0.7458 , -7.2952 , -8.7227 , 11.3713
3 , -1.5443 , 2.5667 , 10.1876 , -1.3812 , 1.8933 , 9.5225 , 0.1681 , 0.5557 , 0.2145 , 0.9909 , -0.4351 , 0.0259 , 0.7692 , -11.1313 , -8.2529 , 13.8570
7 , -1.3815 , -0.7877 , 9.9650 , -1.3429 , 0.1923 , 9.7124 , -0.0176 , 0.6473 , -0.2907 , -0.0386 , -0.9800 , 0.2526 , 0.7390 , -1.1234 , -7.8723 , 7.9520
2 , -1.4964 , 1.7861 , 9.4789 , -1.7304 , 1.7438 , 9.4940 , -0.1276 , -0.0705 , 0.1088 , 0.4375 , 0.5571 , -0.2880 , 0.7279 , -10.2424 , -10.3298 , 14.5469
5 , -1.2019 , 1.4078 , 9.7998 , -1.5492 , 1.4170 , 9.5793 , 0.0434 , -0.3056 , 0.1131 , -0.0645 , -0.0858 , 0.3235 , 0.7279 , -8.3078 , -9.1868 , 12.3862
5 , -1.4749 , 1.1373 , 9.5651 , -1.4523 , 1.3098 , 9.6097 , 0.0392 , 0.1116 , 0.0123 , -0.0011 , -0.0193 , -0.1092 , 0.7292 , -7.6753 , -8.5938 , 11.5223
10 , 0.5363 , 1.1469 , 7.9993 , 0.1863 , 1.2217 , 9.7285 , 0.3617 , 0.0969 , 0.0807 , 0.8122 , -0.7907 , -0.6781 , 0.7529 , -7.1564 , 1.0968 , 7.2400
5 , -1.3192 , 1.1229 , 8.8492 , -0.6134 , 1.1936 , 9.7144 , 0.0734 , 0.4543 , -0.0738 , 1.0659 , -0.3293 , 0.5978 , 0.7757 , -6.9912 , -3.6130 , 7.8696
8 , -0.3951 , 0.6896 , 9.3329 , -0.1269 , 0.8842 , 9.7659 , 0.4582 , 0.1482 , 0.0826 , -0.2682 , -0.1946 , -0.4330 , 0.7613 , -5.1729 , -0.7443 , 5.2261
10 , 0.6872 , 0.2586 , 9.4933 , 0.5457 , 0.7903 , 9.7595 , -0.2754 , 0.1910 , 0.3006 , 0.1414 , -0.5317 , -0.2662 , 0.7812 , -4.6222 , 3.2006 , 5.6222
9 , -0.1269 , 0.6369 , 10.0943 , -0.0891 , 0.7955 , 9.7739 , -0.1209 , 0.6705 , 0.1046 , -0.0378 , -0.1586 , 0.3203 , 0.7811 , -4.6528 , -0.5222 , 4.6820
10 , 0.1939 , 1.1636 , 8.6433 , 0.0746 , 1.1018 , 9.7443 , 0.3141 , -0.3148 , 0.1974 , 0.1193 , 0.0618 , -1.1009 , 0.7849 , -6.4511 , 0.4389 , 6.4661
10 , 0.7398 , 0.7590 , 10.4606 , -0.0870 , 1.2583 , 9.7252 , 0.1644 , -0.1822 , -0.2107 , 0.8268 , -0.4993 , 0.7354 , 0.7663 , -7.3718 , -0.5127 , 7.3896
7 , -0.7063 , 1.4653 , 9.7974 , -1.0822 , 0.8031 , 9.7136 , -0.0280 , 0.9356 , -0.0640 , 0.3950 , 0.3006 , -0.0000 , 0.7649 , -4.6976 , -6.3572 , 7.9045
8 , -0.9745 , 0.8380 , 9.6609 , -1.1083 , 0.8202 , 9.7092 , 0.1070 , -0.1774 , 0.0135 , 0.1338 , 0.0178 , -0.0483 , 0.7643 , -4.7976 , -6.5118 , 8.0883
2 , -1.7143 , 1.9226 , 9.1773 , -1.1734 , 1.2311 , 9.6580 , 0.1332 , 1.1183 , 0.2212 , 0.4097 , -0.3572 , -0.2509 , 0.7762 , -7.2118 , -6.9274 , 9.9999
1 , -2.9354 , 1.4988 , 10.0057 , -2.7330 , 1.8132 , 9.2419 , 0.1589 , 1.1720 , 0.1094 , -0.2024 , -0.3144 , 0.7637 , 0.7841 , -10.6549 , -16.4739 , 19.6192
9 , -0.8428 , 2.4565 , 10.6234 , -1.7534 , 1.5553 , 9.5224 , -0.1972 , -0.1395 , -0.2131 , -0.2458 , -0.1307 , 0.1887 , 0.7870 , -9.1256 , -10.4332 , 13.8610
10 , -1.4054 , 1.5012 , 9.6992 , -1.1905 , 1.5788 , 9.6052 , -0.1080 , 0.0297 , -0.1019 , -0.2149 , -0.0776 , 0.0940 , 0.7237 , -9.2645 , -7.0654 , 11.6512
4 , -3.1964 , 1.8771 , 7.2642 , -2.3715 , 1.7659 , 9.3503 , -0.4031 , -0.6068 , 0.1082 , -0.8249 , 0.1112 , -2.0861 , 0.7478 , -10.3738 , -14.2317 , 17.6112
7 , -1.3264 , 0.8572 , 9.4119 , -1.5972 , 0.8376 , 9.6394 , -0.0970 , 0.0511 , -0.0195 , 0.0744 , 0.3524 , -0.0599 , 0.7446 , -4.8996 , -9.4079 , 10.6073
1 , -2.8324 , 1.8340 , 8.6960 , -3.3894 , 1.6893 , 9.0459 , -0.1807 , 1.6271 , 0.1064 , 0.5569 , 0.1447 , -0.3499 , 0.7654 , -9.9193 , -20.5402 , 22.8099
2 , -3.6010 , 1.3959 , 8.3824 , -3.5278 , 1.4661 , 9.0319 , -0.2186 , -0.1395 , -0.0543 , -0.0732 , -0.0702 , -0.6496 , 0.7465 , -8.5978 , -21.3352 , 23.0024
7 , -2.0471 , 1.4725 , 8.5452 , -2.1637 , 1.3446 , 9.4700 , -0.2253 , 0.2600 , -0.2760 , 0.1166 , 0.1279 , -0.9248 , 0.7350 , -7.8805 , -12.8698 , 15.0908
6 , -1.2498 , 1.4677 , 8.6266 , -0.6551 , 1.4150 , 9.6819 , 0.1168 , 0.4323 , -0.0848 , -0.2811 , -0.4429 , 0.0532 , 0.7054 , -8.2961 , -3.8709 , 9.1548
10 , 0.2849 , 0.4645 , 10.5899 , 0.2614 , 0.9975 , 9.7523 , 0.3715 , -0.2592 , 0.0954 , 0.0858 , -0.3582 , 0.0044 , 0.6811 , -5.8379 , 1.5352 , 6.0364
10 , 1.3121 , 1.3743 , 9.5675 , 0.7677 , 0.8562 , 9.7390 , -0.1404 , 0.0981 , 0.0386 , -0.0973 , -0.0086 , -0.5665 , 0.6648 , -5.0086 , 4.5074 , 6.7382
10 , 0.6058 , 0.7542 , 8.9354 , 0.7634 , 0.7640 , 9.7470 , -0.3243 , -0.1150 , -0.1178 , 0.5486 , 0.6103 , -0.1795 , 0.6605 , -4.4683 , 4.4785 , 6.3263
5 , -0.1939 , 1.8340 , 8.7559 , -0.1329 , 1.3725 , 9.7092 , 0.2206 , 0.5374 , 0.2396 , -0.0610 , 0.4615 , -0.9534 , 0.6795 , -8.0454 , -0.7845 , 8.0835
1 , -3.8189 , 5.5260 , 6.1222 , -3.6728 , 5.5066 , 7.2359 , 0.2701 , 0.8098 , 0.2524 , -0.1460 , 0.0194 , -1.1137 , 0.6413 , -34.1608 , -26.9118 , 43.4880
6 , -1.9777 , 4.1445 , 9.2874 , -1.6458 , 4.3575 , 8.6298 , -0.1038 , 0.2851 , 0.0355 , -0.1739 , 0.5220 , -0.7766 , 0.6471 , -26.3811 , -10.7969 , 28.5051
9 , -0.5770 , 4.7981 , 8.4614 , -1.1736 , 4.6412 , 8.5588 , -0.3689 , -0.1340 , 0.1070 , -0.2774 , -0.0729 , -0.1046 , 0.6207 , -28.2468 , -7.8075 , 29.3060
1 , -3.0048 , 5.3297 , 7.3193 , -2.8210 , 5.0896 , 7.8936 , 0.1668 , 0.4439 , 0.3513 , 1.1043 , 0.4292 , 0.1943 , 0.6790 , -31.2650 , -19.6656 , 36.9356
2 , -3.0216 , 4.4055 , 9.9650 , -2.8493 , 4.6887 , 8.1282 , -0.3341 , 0.3144 , 0.0758 , -0.1722 , -0.2832 , 1.8368 , 0.7094 , -28.5623 , -19.3181 , 34.4818
1 , -2.7558 , 5.1429 , 8.0615 , -3.4708 , 4.8775 , 7.7675 , -0.0537 , 0.1977 , 0.0422 , 0.7150 , 0.2654 , 0.2940 , 0.7288 , -29.8262 , -24.0767 , 38.3313
9 , -2.5284 , 4.5826 , 7.8053 , -2.8833 , 4.3311 , 8.3125 , 0.0587 , -0.3148 , 0.0771 , 0.3550 , 0.2516 , -0.5072 , 0.6943 , -26.2090 , -19.1299 , 32.4479
5 , -2.2267 , 4.2977 , 9.6322 , -2.7790 , 4.3023 , 8.3629 , -0.0696 , 0.0004 , 0.2432 , 0.2028 , -0.0932 , 1.0514 , 0.7093 , -26.0220 , -18.3819 , 31.8597
3 , -1.5084 , 5.3464 , 8.0807 , -2.4664 , 3.9951 , 8.6096 , 0.2133 , 0.2942 , 0.4882 , 0.2110 , -0.4325 , 0.4024 , 0.7275 , -24.0410 , -15.9855 , 28.8705
3 , -1.9753 , 4.7598 , 7.5922 , -2.1033 , 3.9565 , 8.7231 , 0.4900 , 0.2594 , 0.0887 , 0.2214 , -0.0634 , 0.7151 , 0.7260 , -23.7941 , -13.5562 , 27.3849
1 , -3.0982 , 4.6473 , 5.1716 , -3.4975 , 4.3762 , 8.0490 , -0.4013 , -0.1022 , -0.1600 , 0.3993 , 0.2711 , -2.8774 , 0.7404 , -26.5033 , -23.4862 , 35.4122
7 , -2.2530 , 2.3919 , 10.8509 , -2.1989 , 2.4337 , 9.2419 , 0.4118 , -0.4987 , 0.2334 , 0.5181 , -0.2070 , 0.0503 , 0.6015 , -14.3691 , -13.3835 , 19.6364
1 , -1.7789 , 5.1812 , 7.9131 , -3.3293 , 3.8303 , 8.3914 , -0.1899 , -0.5225 , -0.1117 , 1.8185 , -0.7848 , 1.0924 , 0.6383 , -22.9905 , -21.6411 , 31.5737
4 , -2.6313 , 3.0838 , 8.4422 , -2.9729 , 3.0128 , 8.8462 , 0.0532 , -0.4608 , 0.0251 , 0.3416 , 0.0710 , -0.4040 , 0.6340 , -17.8920 , -18.5758 , 25.7911
6 , -1.9944 , 2.2171 , 9.4454 , -1.9048 , 2.6366 , 9.2515 , -0.0964 , 0.5062 , 0.0997 , -0.0896 , -0.4195 , 0.1939 , 0.6189 , -15.5964 , -11.6343 , 19.4578
4 , -2.4589 , 2.3655 , 10.5444 , -2.5212 , 2.5346 , 9.1318 , -0.0995 , 0.1507 , 0.0148 , 0.0623 , -0.1690 , 1.4126 , 0.6344 , -14.9783 , -15.4342 , 21.5073
4 , -2.1094 , 2.4134 , 9.5963 , -2.5155 , 2.3738 , 9.1765 , 0.1742 , 0.0780 , 0.1033 , 0.6887 , 0.6215 , -0.0016 , 0.6325 , -14.0080 , -15.3296 , 20.7658
1 , -2.7510 , 4.0224 , 9.1653 , -1.8125 , 2.8753 , 9.1988 , -0.0140 , 1.9845 , 0.4900 , 1.2211 , -0.3949 , -0.2179 , 0.6443 , -17.0498 , -11.1465 , 20.3701
10 , -0.7326 , 3.0216 , 8.6745 , -1.0673 , 2.7320 , 9.3577 , 0.2114 , -0.1987 , -0.3469 , 0.3346 , 0.2896 , -0.6833 , 0.6088 , -16.1759 , -6.5066 , 17.4354
2 , -1.4414 , 2.7462 , 7.8005 , -1.3716 , 3.0810 , 9.2085 , 0.4698 , 0.7279 , 0.3990 , 0.3541 , -1.2470 , -0.2180 , 0.6312 , -18.3112 , -8.4721 , 20.1761
4 , -0.7135 , 1.4677 , 10.1637 , -1.8140 , 2.1181 , 9.4018 , 0.3281 , 0.9204 , 0.0178 , 1.1005 , -0.6504 , 0.7619 , 0.5790 , -12.4732 , -10.9203 , 16.5781
8 , -2.1716 , 1.6951 , 8.6529 , -1.7401 , 2.2964 , 9.3738 , -0.3518 , 0.5068 , 0.3813 , -0.3334 , 0.3780 , -0.4384 , 0.5347 , -13.5425 , -10.5162 , 17.1461
1 , -4.9131 , 2.6888 , 5.7510 , -2.8535 , 3.0202 , 8.8829 , -0.2992 , 2.0309 , 0.8669 , 2.8703 , -1.6387 , 1.6208 , 0.5659 , -17.9371 , -17.8091 , 25.2766
5 , -2.8013 , 3.2299 , 10.9754 , -2.7523 , 2.5248 , 9.0676 , -0.3823 , 0.0487 , 0.2298 , 0.2287 , -0.2502 , 1.0387 , 0.6128 , -14.9193 , -16.8845 , 22.5316
1 , -4.4126 , 3.3855 , 7.4606 , -4.3305 , 2.7833 , 8.3469 , -0.3512 , -0.4736 , 0.0929 , -0.0822 , 0.6022 , -0.8863 , 0.6529 , -16.4882 , -27.4207 , 31.9962
9 , -1.0798 , 2.1525 , 9.5795 , -2.3016 , 1.8871 , 9.3441 , 0.5242 , 0.3217 , 0.4179 , 1.2217 , 0.2653 , 0.2354 , 0.6940 , -11.0949 , -13.8372 , 17.7360
3 , -1.3384 , 4.1229 , 8.7726 , -1.7677 , 3.4646 , 9.0023 , 0.3312 , 0.5820 , 0.3355 , 0.2665 , -0.1868 , 0.4072 , 0.7250 , -20.6886 , -11.1093 , 23.4827
8 , -0.3927 , 2.4206 , 9.8477 , -1.1496 , 2.6031 , 9.3847 , 0.0044 , 0.2680 , -0.0738 , 0.7569 , -0.1824 , 0.4629 , 0.7388 , -15.3929 , -6.9836 , 16.9031
3 , -1.6042 , 3.9793 , 7.2451 , -1.4146 , 3.3232 , 9.1173 , 0.0819 , 1.1556 , 0.3770 , 0.3540 , -0.9960 , 0.0647 , 0.7385 , -19.8082 , -8.8196 , 21.6830
2 , -1.7215 , 3.3233 , 9.0935 , -1.9873 , 3.4652 , 8.9562 , 0.0386 , 0.1165 , 0.1113 , 0.4166 , -0.7070 , 0.2593 , 0.7511 , -20.6923 , -12.5105 , 24.1802
7 , -1.9106 , 1.0822 , 10.1326 , -2.1209 , 2.3668 , 9.2774 , 0.2377 , -0.3875 , 0.2261 , 0.2103 , -1.2846 , 0.8552 , 0.7473 , -13.9660 , -12.8773 , 18.9967
6 , -2.0543 , 2.8468 , 9.7040 , -1.8222 , 3.0055 , 9.1552 , -0.0305 , 0.4317 , 0.0911 , -0.2321 , -0.1587 , 0.5488 , 0.7640 , -17.8469 , -11.2567 , 21.1004
1 , -1.7526 , 2.7438 , 9.3520 , -2.1708 , 3.0749 , 9.0556 , 0.1473 , 0.8477 , 0.0997 , 0.4182 , -0.3310 , 0.2965 , 0.7797 , -18.2732 , -13.4807 , 22.7077
10 , -0.5243 , 1.9346 , 9.7255 , -0.8715 , 2.6706 , 9.3957 , -0.4758 , -0.1230 , 0.1882 , -0.0025 , -0.7073 , 0.7441 , 0.7439 , -15.8028 , -5.2991 , 16.6676
7 , -1.9178 , 2.0280 , 9.9147 , -2.0303 , 1.8664 , 9.4109 , -0.1374 , 0.7481 , 0.0948 , 0.1125 , 0.1615 , 0.5038 , 0.7715 , -10.9716 , -12.1745 , 16.3889
6 , -1.1085 , 2.4709 , 10.3145 , -1.1469 , 2.4809 , 9.4181 , 0.6268 , -0.0149 , -0.1001 , 0.0383 , -0.0100 , 0.8964 , 0.7760 , -14.6538 , -6.9428 , 16.2153
3 , -1.2307 , 3.2849 , 8.5236 , -1.1677 , 3.3313 , 9.1493 , 0.0825 , 0.5978 , 0.2878 , 0.6481 , 0.2649 , -0.1372 , 0.7859 , -19.8587 , -7.2733 , 21.1487
6 , -2.5020 , 1.9896 , 7.8101 , -1.5838 , 2.0178 , 9.4652 , 0.0679 , -0.2030 , 0.8132 , -0.9182 , -0.0281 , -1.6551 , 0.9223 , -11.8736 , -9.4993 , 15.2059
6 , -1.4461 , 2.1692 , 9.4287 , -1.3216 , 1.7582 , 9.5568 , -0.0708 , 0.3211 , 0.5389 , -0.6632 , 0.4780 , -1.5575 , 0.9465 , -10.3285 , -7.8735 , 12.9873
6 , -1.5084 , 1.7574 , 8.9594 , -1.7836 , 1.8463 , 9.4647 , 0.1949 , -0.4345 , 0.0667 , 0.3327 , -0.2685 , 0.5242 , 0.9804 , -10.8521 , -10.6722 , 15.2205
1 , -5.5092 , 1.6640 , 8.8588 , -3.3705 , 1.9003 , 9.0111 , 0.1540 , 0.7371 , -0.1410 , 0.9546 , 0.5706 , 0.1662 , 0.9728 , -11.1730 , -20.5076 , 23.3538
10 , 0.2634 , 1.6640 , 10.1924 , -0.8008 , 1.1384 , 9.7074 , -0.0775 , 0.1293 , 0.0783 , 1.0642 , 0.5256 , 0.4851 , 0.9812 , -6.6662 , -4.7158 , 8.1656
10 , -1.0990 , 1.0774 , 9.3353 , -0.6819 , 0.9678 , 9.7349 , 0.0581 , 0.0487 , 0.1742 , -0.4171 , 0.1096 , -0.3996 , 0.9769 , -5.6637 , -4.0069 , 6.9378
4 , -2.5236 , 0.9769 , 8.6912 , -3.2515 , 1.4952 , 9.1303 , 0.0349 , 0.0853 , -0.1361 , 0.7279 , -0.5183 , -0.4391 , 0.9733 , -8.7697 , -19.6018 , 21.4741
3 , -2.3608 , 1.4270 , 9.1820 , -2.4814 , 1.6430 , 9.3442 , 0.0917 , 0.1733 , 0.2060 , 0.1206 , -0.2160 , -0.1621 , 0.9764 , -9.6446 , -14.8717 , 17.7253
7 , -1.7550 , 1.6449 , 9.8357 , -2.3421 , 1.1614 , 9.4518 , 0.6757 , -1.1431 , 0.1009 , 0.4770 , 0.2369 , -0.0255 , 0.9772 , -6.8015 , -13.9175 , 15.4905
5 , -1.3264 , 1.9561 , 9.6561 , -2.1183 , 1.5195 , 9.4538 , 0.2243 , 0.2331 , 0.3660 , 0.3633 , 0.1254 , 0.3819 , 0.9797 , -8.9134 , -12.6295 , 15.4581
1 , -3.7973 , 2.2770 , 9.6106 , -2.7666 , 2.1982 , 9.1479 , 0.2249 , 0.5148 , 0.1149 , 0.8296 , -0.7185 , 2.0333 , 0.9756 , -12.9530 , -16.8268 , 21.2349
9 , -1.2163 , 0.7949 , 9.8237 , -1.0694 , 1.4148 , 9.6450 , -0.3744 , -0.2097 , -0.3738 , -0.8676 , 0.3498 , -0.9298 , 0.9683 , -8.2951 , -6.3267 , 10.4324
9 , -0.0407 , 1.0822 , 10.5204 , -0.8478 , 1.2364 , 9.6914 , -0.2693 , -0.0747 , 0.1895 , -0.3685 , -0.4415 , 0.1323 , 0.9671 , -7.2432 , -4.9995 , 8.8011
3 , -0.3160 , 3.1988 , 9.5723 , -1.2018 , 2.1122 , 9.5008 , 0.0844 , -0.1670 , 0.4766 , 0.7852 , -0.6086 , 0.2200 , 0.9685 , -12.4381 , -7.2094 , 14.3764
8 , -1.3935 , 1.6161 , 9.3137 , -1.2273 , 1.6941 , 9.5809 , -0.0341 , 0.2466 , 0.0258 , 0.3677 , 0.2141 , -0.1116 , 0.9751 , -9.9480 , -7.2997 , 12.3388
6 , -0.6465 , 1.3911 , 11.0328 , -1.4375 , 1.8081 , 9.5307 , 0.0465 , -0.0411 , 0.1119 , 0.7911 , -0.4171 , 1.5021 , 0.9744 , -10.6248 , -8.5775 , 13.6550
4 , -2.4350 , 1.3360 , 9.6753 , -2.1573 , 1.5134 , 9.4459 , -0.1166 , 0.8837 , -0.0109 , -0.2776 , -0.1774 , 0.2293 , 0.9735 , -8.8775 , -12.8649 , 15.6306
9 , -1.3456 , 2.0806 , 9.4550 , -1.6276 , 1.9205 , 9.4780 , 0.3971 , -0.1260 , 0.0184 , -0.6158 , -0.1799 , -0.6072 , 0.9756 , -11.2936 , -9.7441 , 14.9162
3 , -1.9082 , 2.6696 , 9.2443 , -2.0004 , 2.6897 , 9.2160 , 0.0465 , 0.2845 , 0.0856 , 0.0921 , -0.0201 , 0.0283 , 0.9686 , -15.9187 , -12.2462 , 20.0842
4 , -2.3416 , 2.1477 , 9.7232 , -2.6753 , 2.1691 , 9.1819 , -0.0555 , -0.2256 , -0.0097 , 2.1653 , 0.3377 , 0.7304 , 0.9695 , -12.7787 , -16.2444 , 20.6682
3 , -3.0886 , 1.2235 , 9.4933 , -2.4465 , 2.1895 , 9.2407 , -0.0952 , -0.2751 , 0.0374 , -0.6421 , -0.9661 , 0.2526 , 0.9701 , -12.9012 , -14.8291 , 19.6556
9 , -1.5659 , 2.2171 , 9.8955 , -1.5883 , 1.9132 , 9.4862 , -0.3628 , -0.3233 , 0.0691 , 0.0224 , 0.3039 , 0.4094 , 0.9701 , -11.2499 , -9.5050 , 14.7278
7 , -1.9585 , 0.4932 , 9.1270 , -1.7960 , 0.3610 , 9.6340 , 0.1064 , 0.6449 , 0.0862 , 0.2277 , 0.0652 , -0.8494 , 0.9497 , -2.1096 , -10.5600 , 10.7686
6 , -0.5459 , 0.8332 , 9.9793 , -1.8483 , 1.2044 , 9.5553 , 0.1968 , 0.9118 , 0.2457 , 1.3024 , -0.3712 , 0.4240 , 0.9562 , -7.0547 , -10.9474 , 13.0236
6 , -1.8939 , 1.3959 , 9.3065 , -1.9562 , 1.2893 , 9.5227 , -0.0970 , -0.2244 , 0.0068 , 0.2467 , -0.1329 , 0.2268 , 0.9596 , -7.5549 , -11.6085 , 13.8504
1 , -2.4230 , -0.0838 , 9.4167 , -3.3694 , 0.5254 , 9.1947 , 0.1717 , 2.8214 , 0.3489 , 0.9464 , -0.6092 , 0.2220 , 0.9629 , -3.0710 , -20.1254 , 20.3583
5 , -2.8636 , 0.5531 , 10.0583 , -2.9177 , 0.6919 , 9.3369 , -0.0812 , -0.1651 , 0.0453 , -0.4127 , -0.2226 , -0.9618 , 0.9611 , -4.0459 , -17.3536 , 17.8190
5 , -2.8995 , 0.4358 , 9.3353 , -2.8666 , 0.5972 , 9.3593 , -0.0842 , 0.0438 , -0.0072 , -0.4327 , -0.1519 , -0.7902 , 0.9625 , -3.4913 , -17.0289 , 17.3831
5 , -2.4398 , 0.6896 , 9.9961 , -2.6273 , 0.3328 , 9.4423 , 0.2945 , 0.3278 , 0.1131 , 0.0391 , -0.1317 , 0.6639 , 0.9620 , -1.9447 , -15.5494 , 15.6705
7 , -1.5922 , 0.8572 , 9.4646 , -2.6490 , 0.6935 , 9.4166 , -0.0390 , 0.3284 , -0.0103 , 0.9922 , -0.6792 , 0.0049 , 0.9676 , -4.0553 , -15.7120 , 16.2269
1 , -3.0982 , 2.0471 , 7.9179 , -3.3852 , 1.0034 , 9.1490 , 0.3580 , 1.5740 , 0.5242 , 1.7930 , -0.1462 , 0.3156 , 0.9683 , -5.8725 , -20.3049 , 21.1370
8 , -1.6688 , 0.2993 , 9.8644 , -1.5544 , 0.7984 , 9.6497 , 0.1504 , -0.2788 , 0.1754 , -0.1144 , -0.4991 , 0.2147 , 0.9787 , -4.6697 , -9.1510 , 10.2736
4 , -1.3097 , 1.0343 , 10.8820 , -2.3266 , 0.9253 , 9.4816 , 0.0092 , 1.6675 , 0.0600 , 1.0170 , 0.1090 , 1.4004 , 0.9783 , -5.4140 , -13.7870 , 14.8119
7 , -2.1070 , 0.4789 , 9.3520 , -1.5708 , 0.6717 , 9.6567 , 0.1027 , -0.1841 , -0.0592 , 0.2635 , 0.3100 , 0.0162 , 0.9771 , -3.9272 , -9.2392 , 10.0392
3 , -0.9960 , 2.2458 , 8.9235 , -1.5671 , 1.3804 , 9.5817 , -0.2424 , -0.2500 , -0.1233 , 0.5711 , 0.8654 , -0.6582 , 0.9769 , -8.0922 , -9.2886 , 12.3192
5 , -0.5555 , 1.5682 , 9.1246 , -1.3171 , 1.0412 , 9.6619 , 0.1516 , -0.2030 , 0.2231 , -0.2224 , -0.3875 , -0.8821 , 0.9783 , -6.0945 , -7.7627 , 9.8692
9 , -1.0846 , 1.4174 , 8.6457 , -1.1472 , 1.0297 , 9.6847 , -0.3677 , -0.2122 , 0.1192 , 0.0626 , 0.3877 , -1.0390 , 0.9315 , -6.0271 , -6.7557 , 9.0535
7 , -2.5020 , 0.8260 , 10.1948 , -1.5311 , 1.1272 , 9.6206 , -0.1551 , 0.4421 , 0.0569 , -0.9709 , -0.3011 , 0.5742 , 0.9335 , -6.6000 , -9.0429 , 11.1952
4 , -3.1269 , 2.1668 , 7.1996 , -3.0592 , 1.3427 , 9.2200 , 0.0337 , 0.4543 , 0.0514 , 1.0361 , -0.0761 , 0.5582 , 0.9370 , -7.8694 , -18.3560 , 19.9718
6 , -1.6137 , 1.0631 , 8.7032 , -2.3086 , 0.8421 , 9.4938 , -0.0708 , -0.2934 , 0.1253 , 0.1609 , -0.3250 , 0.4688 , 0.9299 , -4.9262 , -13.6671 , 14.5278
10 , -0.1293 , 0.6321 , 9.4598 , -0.4725 , 0.7740 , 9.7646 , -0.2149 , 0.0163 , -0.0268 , 0.1708 , -0.0844 , 0.1979 , 0.9277 , -4.5266 , -2.7703 , 5.3071
7 , -1.8723 , 0.2849 , 10.0919 , -1.7180 , 0.5969 , 9.6365 , -0.0793 , 0.6760 , 0.0612 , -0.1543 , -0.3119 , 0.4553 , 0.9394 , -3.4893 , -10.1087 , 10.6940
10 , -0.1413 , 0.7614 , 8.8373 , -0.7757 , 0.7378 , 9.7480 , 0.2456 , -0.2830 , 0.0587 , -0.1077 , -0.2063 , -0.3409 , 0.9303 , -4.3149 , -4.5500 , 6.2706
4 , -1.7406 , 1.6592 , 9.4861 , -3.4107 , 1.1351 , 9.1241 , 0.0300 , 0.6931 , -0.0524 , 1.6701 , 0.5241 , 0.3620 , 0.9242 , -6.6470 , -20.4965 , 21.5474
8 , -2.0471 , 0.6800 , 9.3018 , -1.8586 , 1.1091 , 9.5648 , -0.1111 , -0.3533 , -0.0842 , -0.7679 , -0.0365 , -0.3469 , 0.9277 , -6.4940 , -10.9966 , 12.7709
9 , -1.0200 , 0.9362 , 9.2682 , -0.8807 , 0.9187 , 9.7237 , 0.3031 , -0.2684 , -0.3725 , 0.3180 , -0.1717 , 0.5764 , 0.9235 , -5.3754 , -5.1752 , 7.4617
3 , -0.6872 , 1.1708 , 9.9530 , -1.1313 , 1.4740 , 9.6290 , 0.4399 , 1.5599 , 0.4320 , 0.4441 , -0.3032 , 0.3240 , 0.9310 , -8.6449 , -6.7009 , 10.9379
5 , -1.2929 , 1.0128 , 10.2331 , -1.3137 , 1.0531 , 9.6610 , 0.1131 , 0.2716 , 0.2585 , 0.0208 , -0.0403 , 0.5721 , 0.9402 , -6.1648 , -7.7435 , 9.8978
7 , -2.2051 , 0.3998 , 8.4518 , -2.8449 , 0.8295 , 9.3482 , -0.1001 , 0.3773 , -0.0683 , 0.6398 , -0.4296 , -0.8964 , 0.9340 , -4.8520 , -16.9264 , 17.6081
2 , -3.0647 , 1.5204 , 8.2411 , -2.8819 , 1.3787 , 9.2717 , 0.3507 , 1.0517 , -0.0231 , 1.6872 , -1.1081 , 1.3517 , 0.9335 , -8.0818 , -17.2670 , 19.0648
9 , -1.3192 , 0.3496 , 9.0791 , -1.5306 , 0.4473 , 9.6761 , 0.2347 , -0.1993 , -0.0311 , 0.2114 , -0.0978 , -0.5970 , 0.9232 , -2.6144 , -8.9890 , 9.3615
2 , -2.1094 , 1.4868 , 9.1701 , -2.5038 , 0.9240 , 9.4365 , 0.2316 , 0.6840 , 0.1644 , 0.3944 , 0.5628 , -0.2664 , 0.9319 , -5.4067 , -14.8597 , 15.8128
8 , -1.8412 , 0.1580 , 9.3880 , -1.6058 , 0.4836 , 9.6622 , -0.0659 , 0.1922 , 0.0545 , -0.3192 , 0.2179 , 0.8343 , 0.9301 , -2.8265 , -9.4358 , 9.8500
6 , -1.4126 , 0.6728 , 9.8189 , -1.2590 , 0.6339 , 9.7048 , 0.0428 , 0.2564 , 0.0276 , 0.3875 , 0.0844 , 0.1093 , 0.9380 , -3.7063 , -7.3919 , 8.2690
4 , -2.6337 , 1.1588 , 9.1629 , -3.1033 , 0.8990 , 9.2591 , 0.0019 , 0.5215 , 0.2115 , 0.4696 , 0.2598 , -0.0962 , 0.9374 , -5.2600 , -18.5293 , 19.2614
1 , -3.4334 , 0.6848 , 9.8405 , -3.9964 , 1.3230 , 8.8571 , 0.1045 , 0.5826 , 0.1461 , 0.5630 , -0.6383 , 0.9834 , 0.9357 , -7.7535 , -24.2855 , 25.4932
10 , 0.5076 , 2.6409 , 9.6537 , -0.8767 , 2.3642 , 9.4769 , 0.2249 , 0.0908 , 0.2420 , 1.3843 , 0.2767 , 0.1768 , 0.9349 , -13.9504 , -5.2855 , 14.9182
1 , -3.3711 , 2.9426 , 8.0926 , -4.0867 , 2.6428 , 8.5138 , 0.1155 , 0.9191 , -0.0983 , 0.7156 , 0.2997 , -0.4211 , 0.9327 , -15.6342 , -25.6415 , 30.0319
10 , -1.6305 , 1.8556 , 9.3042 , -2.2880 , 1.9725 , 9.3298 , -0.3554 , 0.2289 , 0.1180 , 0.6575 , -0.1169 , -0.0256 , 0.9318 , -11.6035 , -13.7788 , 18.0138
5 , -2.8013 , 1.8795 , 8.5739 , -2.2561 , 2.1943 , 9.2879 , -0.2595 , 0.2906 , 0.2139 , 0.3982 , -0.4656 , -0.0963 , 0.9458 , -12.9296 , -13.6532 , 18.8038
5 , -2.1788 , 1.5132 , 10.3002 , -2.3084 , 2.1196 , 9.2924 , -0.3292 , 0.5734 , -0.1471 , -0.4929 , -0.2401 , -0.7185 , 0.9534 , -12.4822 , -13.9510 , 18.7199
1 , -1.3456 , 2.3703 , 8.5571 , -2.9691 , 2.2606 , 9.0689 , 1.1613 , 1.4335 , 1.5083 , 1.6235 , 0.1097 , -0.5117 , 0.9807 , -13.3276 , -18.1283 , 22.5003
10 , -1.8675 , 4.3528 , 7.8269 , -2.4492 , 3.2257 , 8.9312 , 0.6482 , -1.0442 , -0.2088 , 0.5817 , 1.1271 , -1.1043 , -0.9746 , -19.2041 , -15.3353 , 24.5757