10 , -1.1798 , 4.7941 , 10.3975 , -0.5969 , 4.4862 , 8.6999 , -0.1015 , 0.1270 , -0.0134 , 0.1529 , 0.0570 , 0.0117 , -0.8030 , -27.2784 , -3.4893 , 27.5006
3 , -1.0182 , 6.3102 , 6.9696 , -0.8392 , 5.4451 , 8.1128 , 0.2969 , 0.1483 , 0.0020 , 0.0491 , -0.5344 , 0.1720 , -0.7880 , -33.8688 , -4.9088 , 34.2227
9 , 0.1149 , 5.2634 , 8.1882 , -0.6029 , 5.5598 , 8.0558 , -0.4987 , -0.5036 , -0.1951 , -0.0424 , 0.6265 , -0.7422 , -0.7859 , -34.6121 , -3.5248 , 34.7911
2 , -0.6573 , 8.0837 , 5.6336 , -1.2783 , 7.5448 , 6.1329 , 0.4304 , 0.2002 , 0.2029 , 0.3321 , -0.7286 , 0.9872 , -0.7094 , -50.8933 , -7.4896 , 51.4414
4 , -0.8165 , 6.4222 , 6.4985 , -1.4110 , 7.2159 , 6.4893 , -0.0295 , 0.0873 , -0.0043 , 0.1287 , -0.2277 , 0.5406 , -0.7155 , -48.0349 , -8.2727 , 48.7421
7 , -0.4574 , 6.4700 , 7.1228 , -1.7720 , 6.7948 , 6.8455 , -0.1077 , 0.1387 , -0.1371 , 0.1531 , -0.0201 , 0.1660 , -0.7216 , -44.7871 , -10.4103 , 45.9811
8 , -0.8925 , 5.2712 , 8.4115 , -1.4163 , 5.8502 , 7.7420 , -0.1201 , 0.1335 , -0.0259 , 0.2137 , 0.0198 , -0.0724 , -0.7658 , -37.0764 , -8.3038 , 37.9949
6 , -0.3622 , 5.4184 , 8.1517 , -1.1637 , 5.8189 , 7.8075 , -0.1277 , -0.1378 , 0.0175 , -0.0338 , 0.1401 , -0.1876 , -0.7676 , -36.6968 , -6.8151 , 37.3243
5 , -1.6700 , 7.3110 , 6.3399 , -1.2280 , 6.1060 , 7.5749 , 0.1818 , 0.1636 , 0.1352 , 0.4747 , -0.3994 , 0.4565 , -0.7540 , -38.8714 , -7.1932 , 39.5314
6 , -0.3137 , 4.9976 , 8.1780 , -0.9139 , 5.4973 , 8.0694 , -0.4931 , -0.0387 , 0.0174 , 0.0748 , 0.1577 , -0.1536 , -0.7734 , -34.2649 , -5.3472 , 34.6796
1 , -3.0419 , 7.4463 , 5.7593 , -1.8253 , 7.3137 , 6.2729 , 0.7917 , 0.6093 , 0.2657 , 0.3523 , -0.3474 , -0.1187 , -0.7123 , -49.3805 , -10.7269 , 50.5321
8 , -1.3851 , 5.5160 , 7.7231 , -1.4347 , 5.9926 , 7.6290 , -0.2405 , -0.0113 , -0.0761 , 0.2142 , 0.0955 , -0.1385 , -0.7621 , -38.1497 , -8.4124 , 39.0663
9 , -0.5094 , 3.9974 , 7.1647 , -0.8162 , 4.8875 , 8.4626 , -1.0170 , -0.7382 , -0.2946 , -0.4740 , 0.4545 , -0.6939 , -0.7960 , -30.0081 , -4.7745 , 30.3856
1 , -3.6027 , 7.9784 , 5.7659 , -2.2894 , 7.2184 , 6.2309 , 1.1695 , 1.3547 , 0.4996 , 1.0989 , -0.8192 , 0.3107 , -0.6935 , -49.1994 , -13.5003 , 51.0180
1 , -2.7965 , 7.2057 , 6.4033 , -2.4355 , 7.3940 , 5.9638 , 0.4124 , 1.0634 , 0.1666 , 0.7797 , -0.3760 , 0.6054 , -0.6881 , -51.1112 , -14.3801 , 53.0956
10 , -1.0906 , 5.3214 , 7.5831 , -1.5230 , 5.7973 , 7.7616 , -0.3959 , 0.0071 , -0.1313 , 0.2024 , 0.2574 , -0.2449 , -0.7746 , -36.7570 , -8.9344 , 37.8272
6 , -0.7991 , 5.5531 , 7.4227 , -0.8208 , 5.1062 , 8.3321 , -0.1764 , -0.1985 , 0.1052 , -0.0241 , -0.0636 , 0.2344 , -0.7772 , -31.5012 , -4.8009 , 31.8649
7 , -1.8616 , 6.6125 , 8.2552 , -1.7898 , 6.7494 , 6.8857 , -0.1140 , 0.3718 , 0.1924 , 0.1532 , -0.0518 , -0.0020 , -0.7136 , -44.4275 , -10.5161 , 45.6551
4 , -1.2492 , 6.6053 , 7.5717 , -1.6766 , 6.8169 , 6.8476 , 0.0444 , -0.0501 , 0.0389 , -0.1462 , -0.0871 , 0.1432 , -0.7132 , -44.8715 , -9.8439 , 45.9386
1 , -1.6491 , 7.3242 , 6.5566 , -1.7656 , 7.4861 , 6.0836 , 0.4019 , -0.0944 , 0.0717 , -0.0052 , -0.3807 , 0.3981 , -0.6792 , -50.9008 , -10.3723 , 51.9469
4 , -1.9196 , 6.0122 , 6.2172 , -1.9366 , 6.8685 , 6.7263 , 0.4406 , 0.7366 , 0.2758 , 0.6179 , -0.4243 , 0.5884 , -0.7031 , -45.5994 , -11.3898 , 47.0004
7 , -0.1707 , 5.8595 , 7.1575 , -1.9233 , 6.7978 , 6.8016 , 0.1906 , 0.0282 , -0.0134 , 0.2459 , -0.0636 , -0.2636 , -0.7163 , -44.9842 , -11.3102 , 46.3842
2 , -1.3869 , 7.8030 , 5.8126 , -1.8212 , 7.0706 , 6.5467 , 0.1122 , 0.0292 , 0.1834 , -0.1346 , -0.1828 , 0.4580 , -0.6990 , -47.2034 , -10.7029 , 48.4016
7 , -1.7059 , 6.1582 , 7.0845 , -2.1869 , 6.6205 , 6.8962 , -0.2162 , -0.0352 , -0.3903 , 0.3000 , 0.1529 , -0.1979 , -0.7278 , -43.8316 , -12.8851 , 45.6863
4 , -1.5713 , 6.2450 , 6.9833 , -2.5106 , 6.8307 , 6.5734 , 0.0801 , 0.5901 , 0.2668 , 0.3966 , -0.0906 , 0.6783 , -0.6943 , -46.0998 , -14.8337 , 48.4275
7 , -2.1519 , 5.9457 , 9.1070 , -2.1082 , 6.6583 , 6.8843 , -0.0901 , -0.4291 , -0.1256 , -0.0603 , 0.0055 , -0.2095 , -0.7176 , -44.0440 , -12.4143 , 45.7602
9 , 0.1532 , 4.4134 , 7.8093 , -0.5673 , 4.8535 , 8.5025 , -0.4277 , -0.2325 , -0.0307 , -0.0209 , -0.0184 , 0.0858 , -0.7749 , -29.7189 , -3.3162 , 29.9033
9 , -0.2090 , 4.1022 , 7.7920 , -0.6279 , 4.6859 , 8.5918 , -0.0933 , 0.0425 , 0.0076 , 0.1060 , -0.2524 , -0.0159 , -0.7756 , -28.6079 , -3.6712 , 28.8425
7 , -1.9879 , 5.5884 , 6.9779 , -2.9503 , 6.0991 , 7.0899 , 0.1721 , 0.4759 , 0.0140 , 0.3159 , -0.2134 , 0.3354 , -0.7329 , -40.7041 , -17.5087 , 44.3101
2 , -1.9023 , 6.5604 , 6.9779 , -2.8773 , 6.4534 , 6.8003 , 0.3967 , 0.4704 , 0.2584 , 0.2517 , -0.5098 , 0.5374 , -0.7174 , -43.5007 , -17.0619 , 46.7271
3 , -2.6391 , 6.0565 , 6.6368 , -2.4108 , 6.0849 , 7.3029 , 0.0977 , 0.0363 , 0.1128 , -0.0826 , -0.0147 , -0.0323 , -0.7270 , -39.8017 , -14.2309 , 42.2693
3 , -2.5648 , 6.6664 , 8.0164 , -1.9717 , 5.4270 , 7.9265 , 0.0932 , -0.0044 , 0.0312 , 0.1544 , -0.3918 , 0.5468 , -0.7577 , -34.3981 , -11.5987 , 36.3009
4 , -2.6331 , 5.3208 , 9.3404 , -2.5718 , 6.1508 , 7.1919 , 0.1518 , 0.2544 , -0.0037 , 0.2490 , -0.3035 , 0.4947 , -0.7310 , -40.5382 , -15.2037 , 43.2955
7 , -2.3027 , 5.2766 , 8.0206 , -2.7176 , 6.0752 , 7.2025 , 0.0663 , -0.3279 , -0.1802 , 0.0949 , 0.1955 , -0.2546 , -0.7300 , -40.1471 , -16.0882 , 43.2507
3 , -1.5964 , 5.7027 , 7.3844 , -2.0149 , 6.0321 , 7.4649 , 0.0999 , -0.0305 , 0.1491 , 0.0403 , -0.1898 , 0.2382 , -0.7406 , -38.9403 , -11.8563 , 40.7053
3 , -1.7478 , 5.6297 , 6.9738 , -2.1186 , 6.0998 , 7.3807 , 0.0221 , 0.1522 , 0.0910 , 0.2038 , -0.0431 , 0.0783 , -0.7298 , -39.5723 , -12.4762 , 41.4924
5 , -2.1704 , 6.4305 , 7.7938 , -2.5002 , 5.9859 , 7.3545 , -0.0240 , 0.1653 , -0.0546 , 0.4042 , 0.0369 , 0.2066 , -0.7278 , -39.1426 , -14.7704 , 41.8367
9 , -0.9709 , 4.2016 , 8.5671 , -1.2195 , 4.4383 , 8.6594 , -0.4771 , -0.1751 , -0.1126 , 0.0173 , 0.3378 , -0.2540 , -0.7858 , -27.1370 , -7.1434 , 28.0615
10 , -1.6066 , 4.1267 , 8.2169 , -1.9179 , 4.5901 , 8.4512 , 0.2717 , 0.1724 , -0.1766 , 0.2541 , -0.2265 , 0.0994 , -0.7919 , -28.5074 , -11.2780 , 30.6572
9 , -0.6309 , 3.3719 , 7.9751 , -1.3154 , 3.8975 , 8.9022 , -0.2082 , -0.0331 , 0.1898 , -0.0664 , 0.0026 , -0.0839 , -0.7873 , -23.6441 , -7.7087 , 24.8690
4 , -2.1225 , 5.6177 , 7.8620 , -2.4910 , 6.3105 , 7.0811 , 0.2080 , 0.5192 , 0.2040 , 0.5190 , -0.4397 , 0.5187 , -0.7130 , -41.7066 , -14.7151 , 44.2264
7 , -2.2255 , 5.6979 , 8.0930 , -2.3424 , 5.9872 , 7.4052 , -0.1200 , -0.0654 , -0.0857 , 0.1726 , 0.0796 , -0.1631 , -0.7302 , -38.9563 , -13.8191 , 41.3348
1 , -2.7917 , 6.5999 , 6.5260 , -3.1215 , 6.9179 , 6.2104 , 0.0972 , 0.5121 , 0.1374 , 0.3449 , -0.1365 , 0.3733 , -0.6728 , -48.0851 , -18.5605 , 51.5429
1 , -2.8755 , 6.9890 , 6.1358 , -2.9776 , 6.9047 , 6.2952 , 0.0075 , -0.1572 , -0.0312 , -0.1642 , -0.0454 , 0.0213 , -0.6798 , -47.6439 , -17.6758 , 50.8171
6 , -1.3420 , 5.0730 , 8.5928 , -1.4864 , 5.2592 , 8.1426 , -0.5547 , -0.7378 , -0.2776 , -0.1930 , 0.3633 , -0.5374 , -0.7725 , -32.8582 , -8.7179 , 33.9951
9 , -0.8320 , 4.2147 , 8.5695 , -1.2790 , 4.6104 , 8.5603 , -0.5168 , -0.2899 , -0.0458 , -0.2789 , 0.3899 , -0.4322 , -0.7734 , -28.3059 , -7.4940 , 29.2811
7 , -3.2274 , 5.3220 , 9.2818 , -2.6631 , 5.6328 , 7.5730 , -0.1639 , 0.2138 , 0.2430 , -0.2318 , -0.0293 , -0.1289 , -0.7291 , -36.6419 , -15.7573 , 39.8863
3 , -2.2045 , 6.5143 , 8.4258 , -2.2141 , 6.1143 , 7.3406 , -0.0409 , 0.2057 , 0.1778 , 0.1910 , -0.1692 , -0.0309 , -0.7222 , -39.7925 , -13.0484 , 41.8772
6 , -1.3007 , 4.4386 , 7.6812 , -1.5177 , 4.6088 , 8.5221 , -0.5310 , -0.2693 , 0.0406 , -0.2115 , 0.3877 , -0.3308 , -0.7616 , -28.4045 , -8.9028 , 29.7670
8 , -1.8418 , 4.2728 , 9.6433 , -2.0848 , 4.6631 , 8.3714 , -0.0016 , 0.1808 , -0.0047 , 0.0768 , -0.1250 , 0.4197 , -0.7672 , -29.1188 , -12.2744 , 31.6001
5 , -2.2704 , 4.8258 , 8.4701 , -2.2893 , 5.2396 , 7.9672 , 0.3494 , 0.1727 , 0.0650 , 0.2570 , -0.3933 , 0.2638 , -0.7559 , -33.3307 , -13.5001 , 35.9609
4 , -2.1255 , 5.9894 , 7.8225 , -2.5723 , 6.4717 , 6.9044 , 0.1429 , 0.5842 , 0.2565 , 0.3282 , -0.3335 , 0.3682 , -0.6913 , -43.1472 , -15.2068 , 45.7485
5 , -1.7790 , 5.6075 , 8.8293 , -2.1765 , 5.8347 , 7.5755 , -0.4202 , -0.3465 , -0.0845 , -0.1694 , 0.2402 , 0.0267 , -0.7122 , -37.6037 , -12.8233 , 39.7300
2 , -1.5563 , 6.0894 , 7.6004 , -2.2420 , 6.3966 , 7.0872 , 0.3721 , 0.1595 , 0.1330 , 0.0161 , -0.5631 , 0.8421 , -0.6960 , -42.0680 , -13.2161 , 44.0951
10 , -1.2588 , 4.3380 , 9.0376 , -1.6912 , 4.9581 , 8.2902 , -0.1601 , -0.2729 , -0.2104 , -0.1143 , 0.1621 , -0.0924 , -0.7678 , -30.8820 , -9.9307 , 32.4394
8 , -1.1900 , 4.1357 , 7.2335 , -1.7122 , 5.0702 , 8.2178 , 0.0792 , 0.0249 , 0.0162 , 0.0383 , -0.3805 , 0.3816 , -0.7663 , -31.6740 , -10.0551 , 33.2317
3 , -1.7287 , 5.7769 , 7.1001 , -1.7533 , 5.5022 , 7.9260 , 0.4071 , 0.3514 , 0.1534 , 0.2410 , -0.4709 , 0.2856 , -0.7382 , -34.7684 , -10.2991 , 36.2617
1 , -4.4401 , 6.7167 , 6.2513 , -3.3817 , 6.2945 , 6.7167 , 0.2126 , 0.8669 , 0.1559 , 0.8420 , -0.2209 , 0.2230 , -0.6766 , -43.1413 , -20.1720 , 47.6244
10 , -0.9530 , 4.4715 , 8.1673 , -2.1251 , 5.2272 , 8.0206 , -0.2971 , -0.4505 , -0.3493 , 0.2397 , 0.2445 , -0.0731 , -0.7586 , -33.0934 , -12.5155 , 35.3809
8 , -2.3051 , 4.6684 , 7.8093 , -1.8137 , 4.6930 , 8.4176 , -0.0659 , 0.0021 , -0.0311 , 0.1588 , -0.0536 , 0.1353 , -0.7680 , -29.1406 , -10.6579 , 31.0284
2 , -2.1327 , 5.9290 , 9.0639 , -2.4915 , 6.1681 , 7.2053 , 0.2299 , 0.4771 , 0.2827 , 0.4960 , 0.2747 , -0.5313 , -0.6994 , -40.5652 , -14.7180 , 43.1527
4 , -2.9378 , 6.2330 , 7.5352 , -2.8648 , 5.9225 , 7.2724 , 0.0054 , 0.2717 , 0.0110 , 0.3714 , 0.0225 , 0.0934 , -0.7091 , -39.1587 , -16.9855 , 42.6839
7 , -1.6431 , 5.3304 , 8.0003 , -2.3554 , 5.7078 , 7.6186 , -0.0790 , -0.4863 , -0.1719 , -0.2647 , -0.0762 , 0.1242 , -0.7362 , -36.8404 , -13.8976 , 39.3746
3 , 0.0622 , 4.8977 , 8.6832 , -0.9900 , 5.1047 , 8.3146 , 0.1134 , 0.1282 , 0.0126 , 0.2040 , -0.2874 , 0.2863 , -0.7572 , -31.5474 , -5.7938 , 32.0750
6 , -0.7189 , 4.2650 , 9.3069 , -1.1073 , 4.3060 , 8.7409 , -0.4448 , -0.0518 , -0.0690 , 0.0706 , 0.1898 , -0.0174 , -0.7618 , -26.2263 , -6.4831 , 27.0157
2 , -1.7760 , 6.3976 , 6.0915 , -1.5892 , 6.1707 , 7.4543 , 0.7670 , 0.3835 , 0.1884 , 0.5465 , -0.5854 , 0.4254 , -0.7225 , -39.6181 , -9.3259 , 40.7009
1 , -2.0351 , 6.1618 , 9.0136 , -2.7598 , 6.5124 , 6.7928 , 0.1469 , 0.7040 , 0.2764 , 0.4616 , 0.0993 , 0.1293 , -0.6769 , -43.7926 , -16.3451 , 46.7435
3 , -1.6455 , 6.2809 , 7.2976 , -1.5794 , 5.5337 , 7.9407 , -0.2559 , 0.0448 , -0.0135 , 0.0819 , -0.0232 , 0.4454 , -0.7336 , -34.8717 , -9.2680 , 36.0823
3 , -2.3619 , 5.9337 , 7.4568 , -1.5794 , 5.5337 , 7.9407 , -0.2559 , 0.0448 , -0.0135 , 0.0819 , -0.0232 , 0.4454 , -0.7336 , -34.8717 , -9.2680 , 36.0823
2 , -2.1411 , 5.6399 , 8.1020 , -2.1004 , 5.8701 , 7.5697 , 0.4012 , 0.2822 , 0.0608 , 0.3677 , -0.3967 , 0.1773 , -0.7260 , -37.7925 , -12.3678 , 39.7647
7 , -1.7562 , 5.1455 , 8.3839 , -2.5691 , 5.6177 , 7.6165 , -0.0177 , 0.1365 , 0.0523 , 0.1362 , 0.0235 , 0.0253 , -0.7371 , -36.4111 , -15.1873 , 39.4515
3 , -1.0870 , 5.1030 , 8.6605 , -1.4184 , 4.9974 , 8.3177 , 0.1061 , 0.1054 , 0.0395 , 0.1536 , -0.2123 , 0.3300 , -0.7604 , -30.9981 , -8.3165 , 32.0943
10 , -1.7532 , 4.2345 , 8.6395 , -1.5028 , 4.7024 , 8.4735 , -0.1790 , 0.0546 , -0.0789 , 0.0908 , 0.0170 , -0.1519 , -0.7797 , -29.0284 , -8.8148 , 30.3373
9 , -1.2205 , 4.1800 , 8.9478 , -1.1475 , 4.1360 , 8.8174 , -0.3383 , -0.2015 , 0.0084 , 0.0224 , 0.2579 , -0.1301 , -0.7861 , -25.1297 , -6.7194 , 26.0126
8 , -0.6244 , 5.1652 , 8.0571 , -1.1360 , 4.8090 , 8.4708 , -0.2555 , -0.0634 , -0.1525 , -0.0386 , 0.2280 , 0.0142 , -0.7677 , -29.5842 , -6.6518 , 30.3228
1 , -2.6858 , 7.1500 , 6.1047 , -2.2556 , 7.0920 , 6.3864 , -0.0404 , 0.3724 , 0.0266 , -0.1062 , 0.0706 , 0.0139 , -0.6842 , -47.9965 , -13.2974 , 49.8045
8 , -1.1236 , 4.9755 , 8.1266 , -1.1588 , 5.4405 , 8.0765 , -0.2790 , 0.0160 , -0.0213 , 0.0012 , 0.1649 , 0.0856 , -0.7631 , -33.9650 , -6.7861 , 34.6362
3 , -0.7279 , 5.2412 , 7.9883 , -1.0246 , 5.3686 , 8.1424 , 0.0279 , 0.0246 , 0.0260 , 0.0063 , -0.0410 , 0.1147 , -0.7511 , -33.3982 , -5.9971 , 33.9323
2 , -1.7442 , 6.0337 , 7.9249 , -1.9479 , 6.0862 , 7.4387 , 0.3378 , 0.4158 , 0.1600 , 0.3019 , -0.3576 , 0.1613 , -0.7198 , -39.2896 , -11.4570 , 40.9260
3 , -2.6098 , 6.7442 , 7.5190 , -1.7042 , 5.7091 , 7.7892 , -0.2373 , -0.2243 , -0.0729 , -0.2290 , 0.1898 , -0.1365 , -0.7337 , -36.2396 , -10.0078 , 37.5961
7 , -1.6916 , 5.4238 , 7.8931 , -2.0008 , 5.6113 , 7.7897 , 0.0572 , 0.0343 , 0.0436 , -0.0478 , 0.0058 , -0.2903 , -0.7451 , -35.7670 , -11.7725 , 37.6547
6 , -1.8173 , 5.3238 , 8.9454 , -1.2943 , 4.8341 , 8.4337 , -0.4855 , -0.5035 , -0.0779 , -0.5319 , 0.6651 , -0.3723 , -0.7672 , -29.8209 , -7.5838 , 30.7701
4 , -2.4571 , 4.9821 , 8.9627 , -2.1794 , 5.8751 , 7.5434 , 0.5800 , 0.8074 , 0.3076 , 0.7839 , -0.3705 , -0.1312 , -0.7181 , -37.9130 , -12.8407 , 40.0285
5 , -0.9512 , 5.5806 , 8.6323 , -1.5211 , 5.3552 , 8.0733 , -0.0473 , 0.1794 , 0.0809 , 0.2525 , 0.0326 , 0.0617 , -0.7605 , -33.5569 , -8.9229 , 34.7229
8 , -0.7770 , 5.0383 , 9.6900 , -1.5198 , 5.2284 , 8.1562 , -0.0759 , -0.0412 , -0.0697 , 0.1640 , 0.2523 , -0.2934 , -0.7653 , -32.6613 , -8.9152 , 33.8562
1 , -3.9619 , 7.4062 , 6.0777 , -1.3812 , 6.6257 , 7.0967 , 0.6490 , 0.4007 , 0.1192 , 0.4931 , -0.4658 , 0.2506 , -0.7254 , -43.0341 , -8.0966 , 43.7892
7 , -1.6970 , 5.3442 , 8.8652 , -1.7136 , 5.8431 , 7.6871 , -0.1684 , -0.2101 , -0.2145 , 0.0900 , 0.0128 , 0.0439 , -0.7424 , -37.2392 , -10.0636 , 38.5750
10 , -1.4216 , 5.1215 , 8.6856 , -1.4800 , 5.3546 , 8.0813 , -0.0086 , -0.0126 , -0.0944 , 0.2172 , -0.0142 , 0.0234 , -0.7646 , -33.5283 , -8.6804 , 34.6337
8 , -0.7896 , 4.8911 , 8.6042 , -1.5076 , 5.3776 , 8.0609 , 0.0099 , 0.0650 , 0.0005 , -0.0150 , -0.1004 , -0.0449 , -0.7555 , -33.7081 , -8.8430 , 34.8487
8 , -1.6329 , 4.6481 , 8.9933 , -1.5367 , 5.0122 , 8.2878 , -0.1916 , -0.0063 , -0.0009 , -0.0494 , 0.0673 , -0.1598 , -0.7569 , -31.1640 , -9.0153 , 32.4418
3 , -1.6922 , 6.0032 , 9.5667 , -1.4146 , 5.5145 , 7.9850 , 0.3307 , 0.1728 , 0.1142 , 0.0932 , -0.6481 , 0.6576 , -0.7429 , -34.6291 , -8.2939 , 35.6085
6 , -1.3366 , 4.6965 , 8.6868 , -1.2043 , 4.8340 , 8.4470 , -0.3075 , -0.1751 , -0.0827 , -0.1022 , 0.2576 , -0.1973 , -0.7597 , -29.7813 , -7.0541 , 30.6054
4 , -1.4186 , 5.0808 , 8.4246 , -2.8708 , 5.5373 , 7.5675 , -0.1866 , 0.7923 , 0.1299 , 0.3933 , -0.0817 , 0.1532 , -0.7021 , -36.1935 , -17.0218 , 39.9964
3 , -2.1339 , 4.8516 , 7.5609 , -2.2161 , 5.0797 , 8.0905 , -0.2042 , -0.6183 , -0.2814 , -0.4038 , 0.1632 , -0.0316 , -0.7392 , -32.1228 , -13.0603 , 34.6763
5 , -1.5294 , 5.4944 , 8.2008 , -1.9484 , 5.2299 , 8.0636 , -0.0243 , 0.0884 , 0.0427 , 0.0079 , 0.0029 , 0.0830 , -0.7554 , -32.9666 , -11.4600 , 34.9017
1 , -3.5381 , 7.8413 , 4.6723 , -2.5604 , 7.0655 , 6.3002 , 0.4612 , 0.7797 , 0.4002 , 0.1488 , -0.6275 , 0.3494 , -0.6839 , -48.2771 , -15.1347 , 50.5938
10 , -2.1668 , 5.5357 , 10.0688 , -1.1799 , 5.4816 , 8.0455 , -0.7296 , -1.0961 , -0.4378 , -0.0898 , 0.2462 , -0.1318 , -0.7678 , -34.2675 , -6.9106 , 34.9574
4 , -1.6958 , 5.8482 , 7.7160 , -2.0937 , 6.4214 , 7.1100 , 0.3046 , 0.9206 , 0.2662 , 0.7318 , -0.3989 , 0.6560 , -0.6989 , -42.0869 , -12.3275 , 43.8552
8 , -1.3791 , 4.3542 , 8.6581 , -1.6595 , 5.7269 , 7.7858 , -0.4284 , -0.5052 , -0.2519 , -0.3255 , 0.5950 , -0.7284 , -0.7338 , -36.3364 , -9.7425 , 37.6198
8 , -1.3402 , 4.2788 , 8.5216 , -0.9981 , 4.7150 , 8.5406 , 0.0377 , -0.1362 , -0.2634 , 0.1796 , -0.0316 , -0.0285 , -0.7749 , -28.9019 , -5.8418 , 29.4863
10 , 0.1095 , 4.4482 , 7.7788 , -1.0843 , 4.7535 , 8.5088 , 0.1242 , -0.2084 , -0.2925 , -0.2389 , -0.2462 , -0.1007 , -0.7969 , -29.1902 , -6.3482 , 29.8726
5 , -1.1325 , 5.8176 , 6.9959 , -1.5430 , 5.8466 , 7.7205 , 0.4466 , 0.4673 , 0.3172 , 0.0933 , -0.5272 , 0.1221 , -0.7427 , -37.1360 , -9.0529 , 38.2236
2 , -1.8382 , 6.5963 , 5.2469 , -1.7731 , 6.7993 , 6.8408 , 0.6292 , 0.4368 , 0.2368 , 0.2227 , -0.4853 , 0.4511 , -0.7009 , -44.8259 , -10.4166 , 46.0203
6 , -0.4813 , 4.9593 , 8.9119 , -1.0234 , 4.9596 , 8.3980 , -0.7401 , -0.4852 , -0.1364 , -0.2548 , 0.3625 , -0.0918 , -0.7586 , -30.5648 , -5.9901 , 31.1462
7 , -0.6220 , 5.2789 , 8.6892 , -1.1488 , 6.2122 , 7.5006 , 0.5166 , 0.0108 , 0.1559 , -0.0948 , -0.4304 , -0.2790 , -0.7307 , -39.6323 , -6.7275 , 40.1992
10 , -0.6387 , 5.6279 , 7.7650 , -1.4320 , 5.8336 , 7.7517 , -0.2489 , -0.0811 , -0.2641 , 0.0522 , 0.1627 , -0.2869 , -0.8192 , -36.9634 , -8.3963 , 37.9050
5 , -1.7167 , 6.5718 , 7.6340 , -1.8200 , 6.0167 , 7.5271 , 0.0150 , 0.3846 , 0.2573 , 0.1414 , 0.0411 , -0.7132 , -0.7864 , -38.6370 , -10.6956 , 40.0901
9 , -0.2335 , 4.1998 , 8.7832 , -1.0328 , 4.7260 , 8.5304 , -0.5143 , -0.1989 , -0.0395 , -0.0678 , 0.2558 , -0.4185 , -0.8122 , -28.9873 , -6.0453 , 29.6110
2 , -1.8472 , 5.8565 , 8.2912 , -1.9360 , 6.7369 , 6.8583 , 0.5214 , 0.4769 , 0.2797 , 0.0510 , -0.0838 , -0.4384 , -0.7360 , -44.4881 , -11.3863 , 45.9221
9 , -0.9721 , 5.6022 , 9.0172 , -0.8299 , 4.7192 , 8.5563 , -0.8833 , -0.5108 , -0.0374 , -0.2641 , 0.4508 , -0.3408 , -0.7898 , -28.8787 , -4.8548 , 29.2839
5 , -0.4813 , 5.4585 , 6.6422 , -1.8715 , 6.1792 , 7.3814 , 0.7944 , 0.7292 , 0.1066 , 0.3981 , -0.4864 , 0.4944 , -0.7550 , -39.9335 , -11.0017 , 41.4212
8 , -1.1762 , 4.6918 , 8.2086 , -0.9552 , 5.3689 , 8.1507 , 0.0266 , 0.0477 , -0.1220 , 0.2153 , 0.0192 , 0.0441 , -0.7946 , -33.3730 , -5.5894 , 33.8378
5 , -1.9382 , 6.2647 , 7.7064 , -1.1388 , 5.4431 , 8.0775 , 0.1296 , 0.1136 , 0.0126 , 0.2626 , -0.1612 , 0.4302 , -0.7882 , -33.9741 , -6.6686 , 34.6224
3 , -1.4126 , 4.6409 , 7.7178 , -1.0526 , 5.1146 , 8.3008 , 0.3362 , 0.2437 , 0.1574 , 0.2507 , -0.4970 , 0.3755 , -0.7862 , -31.6394 , -6.1615 , 32.2337
5 , -1.6419 , 4.9898 , 6.7798 , -1.8010 , 5.6305 , 7.8246 , 0.0337 , 0.1131 , -0.1102 , 0.3771 , -0.0383 , 0.2410 , -0.7690 , -35.7385 , -10.5826 , 37.2724
6 , -0.7854 , 3.8873 , 9.2740 , -1.2563 , 4.9223 , 8.3883 , -0.3259 , -0.2233 , -0.0311 , -0.2102 , 0.2574 , -0.1840 , -0.7850 , -30.4049 , -7.3603 , 31.2831
4 , -3.6770 , 6.0128 , 8.1541 , -2.8407 , 6.2911 , 6.9658 , 0.1550 , 1.0843 , 0.1797 , 0.6953 , -0.2534 , 0.8584 , -0.7200 , -42.0862 , -16.8382 , 45.3296
10 , -1.4827 , 4.2351 , 8.3678 , -1.8432 , 5.2455 , 8.0783 , -0.3023 , -0.6107 , -0.3541 , -0.2426 , 0.2932 , -0.3293 , -0.7893 , -32.9970 , -10.8332 , 34.7298
5 , -1.8999 , 6.0157 , 7.4634 , -2.1517 , 5.4673 , 7.8517 , 0.1638 , 0.4320 , 0.3600 , 0.0787 , -0.1183 , 0.1527 , -0.7538 , -34.8501 , -12.6744 , 37.0833
3 , -1.5862 , 5.1371 , 6.4794 , -2.2182 , 6.1301 , 7.3261 , 0.6786 , 0.4999 , 0.3352 , 0.3765 , -0.8056 , 0.5366 , -0.7381 , -39.9212 , -13.0731 , 42.0072
6 , -1.3576 , 4.7343 , 7.8297 , -2.1607 , 5.6807 , 7.6962 , -0.2628 , -0.0927 , -0.1198 , 0.0517 , 0.2670 , -0.4177 , -0.7555 , -36.4315 , -12.7284 , 38.5910
3 , -1.6880 , 5.6560 , 7.5454 , -2.0868 , 6.1806 , 7.3222 , 0.3587 , 0.1384 , 0.1509 , 0.0241 , -0.1070 , -0.1490 , -0.7428 , -40.1675 , -12.2862 , 42.0045
9 , -1.4743 , 3.9178 , 8.5372 , -1.4437 , 4.3221 , 8.6837 , -0.4463 , -0.1993 , -0.0351 , 0.0110 , 0.0940 , -0.0033 , -0.7847 , -26.4607 , -8.4656 , 27.7819
4 , -3.0347 , 5.4346 , 6.9049 , -2.9752 , 6.2628 , 6.9351 , 0.4846 , 0.7806 , 0.1220 , 0.6986 , -0.2616 , 0.0954 , -0.7338 , -42.0841 , -17.6611 , 45.6398
10 , -0.7237 , 4.6235 , 9.1920 , -1.7809 , 5.4211 , 7.9756 , -0.1651 , -0.5112 , -0.2518 , -0.0265 , 0.1335 , 0.0526 , -0.7947 , -34.2047 , -10.4630 , 35.7692
2 , -2.3877 , 6.9118 , 5.6306 , -2.2371 , 6.9377 , 6.5600 , 1.0563 , 0.8659 , 0.3341 , 0.7250 , -0.7693 , 0.5843 , -0.7185 , -46.6029 , -13.1867 , 48.4326
2 , -1.5306 , 6.6047 , 6.6577 , -2.3476 , 6.9772 , 6.4790 , -0.0036 , 0.0383 , 0.0558 , 0.2178 , -0.0356 , 0.2187 , -0.7063 , -47.1202 , -13.8504 , 49.1136
8 , -1.1756 , 4.6528 , 7.7160 , -1.7845 , 5.3384 , 8.0304 , -0.3389 , -0.2169 , -0.2230 , -0.1196 , 0.0948 , -0.0184 , -0.7740 , -33.6150 , -10.4847 , 35.2122
2 , -2.1872 , 6.1217 , 7.1192 , -2.2582 , 7.1222 , 6.3518 , 0.8885 , 0.7814 , 0.4633 , 0.5221 , -0.9131 , 0.5410 , -0.6918 , -48.2727 , -13.3129 , 50.0748
9 , -0.6261 , 4.2991 , 8.8149 , -1.1487 , 4.3845 , 8.6964 , -0.7451 , -0.4038 , -0.1113 , -0.3080 , 0.4444 , -0.5000 , -0.7849 , -26.7559 , -6.7270 , 27.5886
2 , -0.7327 , 6.3138 , 7.2090 , -1.5818 , 6.7740 , 6.9124 , 0.5208 , 0.2431 , 0.1901 , 0.0239 , -0.4356 , 0.6532 , -0.7316 , -44.4205 , -9.2824 , 45.3800
10 , -1.2038 , 5.1880 , 7.6292 , -1.6515 , 5.6306 , 7.8574 , -0.2509 , -0.1622 , -0.3161 , 0.2231 , 0.2261 , -0.4272 , -0.7837 , -35.6255 , -9.6952 , 36.9211
2 , -1.5186 , 7.6516 , 6.5182 , -1.8443 , 6.3017 , 7.2840 , 0.3558 , 0.2652 , 0.0670 , 0.3249 , -0.2898 , 0.4314 , -0.7609 , -40.8645 , -10.8400 , 42.2778
5 , -1.1642 , 5.5662 , 7.2209 , -1.9828 , 6.1646 , 7.3645 , 0.0305 , 0.1689 , 0.0981 , 0.0036 , -0.0857 , 0.0931 , -0.7359 , -39.9318 , -11.6650 , 41.6007
3 , -1.6784 , 7.1123 , 7.2652 , -1.8276 , 6.2986 , 7.2909 , 0.3366 , 0.1582 , 0.1349 , -0.0882 , -0.3766 , 0.3494 , -0.7348 , -40.8238 , -10.7403 , 42.2130
8 , -2.1620 , 5.2041 , 8.6138 , -2.1367 , 5.8387 , 7.5838 , -0.3291 , -0.2104 , -0.3261 , -0.0062 , 0.1933 , 0.2731 , -0.7682 , -37.5923 , -12.5849 , 39.6429
6 , -1.4982 , 4.9635 , 9.0687 , -1.9881 , 5.3972 , 7.9428 , -0.2457 , 0.0657 , 0.0480 , 0.0177 , 0.1728 , 0.0195 , -0.7546 , -34.1962 , -11.6964 , 36.1411
5 , -2.4116 , 5.3645 , 8.3624 , -2.4538 , 6.1118 , 7.2661 , 0.2452 , 0.2704 , 0.1115 , -0.0284 , -0.0891 , -0.1735 , -0.7366 , -40.0686 , -14.4904 , 42.6082
5 , -1.7838 , 5.3980 , 8.2828 , -2.5491 , 6.1517 , 7.1992 , 0.0427 , 0.0486 , -0.0273 , 0.1421 , -0.1157 , 0.2084 , -0.7360 , -40.5137 , -15.0664 , 43.2245
3 , -1.8089 , 7.4373 , 6.4321 , -1.9647 , 6.5289 , 7.0487 , 0.1752 , 0.0439 , 0.2422 , -0.0990 , -0.0635 , -0.1608 , -0.7209 , -42.8076 , -11.5570 , 44.3403
3 , -1.9603 , 7.0411 , 6.3148 , -2.1246 , 6.5698 , 6.9638 , 0.0512 , 0.0804 , -0.0409 , 0.0742 , -0.1519 , 0.3740 , -0.7208 , -43.3326 , -12.5120 , 45.1028
8 , -2.1997 , 4.8605 , 7.3814 , -2.2225 , 5.5945 , 7.7416 , -0.2068 , -0.0561 , -0.2047 , 0.2729 , 0.0325 , 0.1328 , -0.7672 , -35.8540 , -13.0988 , 38.1718
9 , -1.7353 , 4.6606 , 7.8608 , -1.9599 , 5.3731 , 7.9661 , -0.2841 , -0.1333 , -0.0171 , -0.0006 , 0.2283 , -0.1440 , -0.7643 , -33.9996 , -11.5284 , 35.9009
10 , -1.2295 , 4.7289 , 8.9903 , -1.7981 , 4.8736 , 8.3177 , -0.2060 , -0.2871 , -0.1982 , -0.0584 , 0.0336 , -0.1590 , -0.8003 , -30.3674 , -10.5652 , 32.1528
7 , -1.5000 , 6.5078 , 6.6643 , -1.6336 , 6.0939 , 7.5077 , 0.1159 , 0.2317 , 0.0377 , 0.2883 , -0.0355 , 0.0342 , -0.7516 , -39.0656 , -9.5892 , 40.2252
2 , -0.8422 , 7.0931 , 7.0582 , -1.6171 , 6.7288 , 6.9483 , 0.4950 , 0.3365 , 0.3271 , -0.0451 , -0.5866 , 0.4928 , -0.7170 , -44.0806 , -9.4911 , 45.0908
1 , -1.6221 , 6.5317 , 6.5997 , -2.1791 , 7.0314 , 6.4793 , 0.2642 , 0.5922 , 0.1992 , 0.5400 , -0.3909 , 0.4353 , -0.6729 , -47.3402 , -12.8387 , 49.0503
1 , -2.7301 , 6.3725 , 8.6700 , -2.5128 , 6.9789 , 6.4150 , 0.6684 , 1.3166 , 0.4136 , 1.3472 , -0.4681 , 0.0906 , -0.6654 , -47.4107 , -14.8466 , 49.6810
9 , -0.4837 , 5.1042 , 7.2934 , -0.7343 , 4.6275 , 8.6150 , -0.4813 , 0.0404 , 0.0402 , 0.1767 , 0.0341 , -0.0121 , -0.7832 , -28.2424 , -4.2942 , 28.5670
2 , -1.8867 , 7.7234 , 6.6009 , -1.6987 , 6.6077 , 7.0444 , 1.2731 , 0.8425 , 0.2561 , 0.6893 , -1.2239 , 1.0230 , -0.7268 , -43.1676 , -9.9749 , 44.3051
10 , -2.1866 , 4.7486 , 7.2736 , -2.4837 , 5.2895 , 7.8754 , 0.0198 , 0.4095 , -0.1053 , 0.4458 , -0.0800 , 0.2982 , -0.8194 , -33.8871 , -14.6711 , 36.9267
9 , -0.6728 , 3.7215 , 9.8354 , -1.7622 , 4.5818 , 8.4895 , -0.2118 , -0.1243 , 0.0011 , 0.1462 , 0.0315 , 0.0374 , -0.8239 , -28.3560 , -10.3517 , 30.1864
8 , -1.6586 , 6.0122 , 7.7273 , -1.8512 , 5.8252 , 7.6688 , -0.1587 , -0.2188 , -0.0992 , 0.0825 , 0.1436 , -0.1757 , -0.7988 , -37.2200 , -10.8812 , 38.7780
7 , -1.3983 , 5.9038 , 7.1503 , -2.5534 , 6.8769 , 6.5083 , 0.1272 , 0.6068 , -0.0582 , 0.2404 , -0.1165 , 0.2530 , -0.7469 , -46.5774 , -15.0924 , 48.9616
4 , -2.1022 , 7.3607 , 5.1787 , -2.5029 , 7.0614 , 6.3279 , 0.1057 , 0.1036 , 0.1319 , 0.0089 , -0.3568 , 0.3643 , -0.7354 , -48.1353 , -14.7871 , 50.3554
5 , -1.5413 , 6.7514 , 6.6451 , -1.5239 , 6.1087 , 7.5188 , 0.0038 , 0.0998 , -0.0551 , 0.2103 , -0.0831 , 0.2826 , -0.7715 , -39.0925 , -8.9398 , 40.1017
5 , -1.3271 , 5.4208 , 7.9751 , -1.6777 , 5.9077 , 7.6456 , -0.0619 , -0.0357 , -0.0496 , 0.0419 , -0.0645 , 0.2516 , -0.7709 , -37.6932 , -9.8505 , 38.9591
8 , -1.5443 , 5.3891 , 8.7215 , -1.4747 , 5.6634 , 7.8690 , -0.0862 , -0.2420 , -0.1142 , 0.0072 , -0.0647 , 0.1854 , -0.7842 , -35.7431 , -8.6488 , 36.7746
4 , -1.5677 , 5.4747 , 7.5286 , -2.3447 , 6.4812 , 6.9762 , -0.0336 , 0.7534 , 0.1097 , 0.4017 , 0.0614 , 0.0035 , -0.7255 , -42.8932 , -13.8328 , 45.0685
5 , -2.1471 , 5.5423 , 8.0907 , -1.8864 , 5.9432 , 7.5690 , -0.1904 , -0.1647 , -0.1311 , 0.0107 , 0.1194 , 0.0640 , -0.7654 , -38.1388 , -11.0906 , 39.7187
3 , -1.8580 , 6.7011 , 7.3089 , -1.6937 , 6.1660 , 7.4352 , 0.2338 , 0.2019 , 0.1657 , 0.1649 , -0.2698 , -0.1391 , -0.7555 , -39.6689 , -9.9455 , 40.8966
8 , -1.3265 , 5.5106 , 8.2391 , -1.4917 , 5.3843 , 8.0594 , -0.0480 , -0.2612 , -0.2985 , 0.2597 , -0.0315 , 0.0414 , -0.7940 , -33.7462 , -8.7494 , 34.8620
1 , -3.3460 , 7.6881 , 6.6254 , -2.2027 , 6.9117 , 6.5990 , 1.0361 , 0.7029 , 0.3822 , 0.7177 , -0.9705 , 0.7990 , -0.7314 , -46.3262 , -12.9802 , 48.1104
5 , -1.7628 , 5.3963 , 7.4233 , -1.9582 , 6.1109 , 7.4157 , -0.1225 , 0.0428 , -0.1662 , 0.2867 , 0.0611 , 0.0736 , -0.7551 , -39.4902 , -11.5184 , 41.1357
9 , -0.3299 , 3.9382 , 8.4935 , -1.4735 , 5.0621 , 8.2689 , -0.3904 , -0.2158 , 0.0247 , -0.2057 , 0.6921 , -0.6841 , -0.7895 , -31.4746 , -8.6419 , 32.6394
10 , -1.1744 , 4.4314 , 8.9208 , -1.6153 , 4.6521 , 8.4805 , -0.3077 , 0.0928 , -0.1720 , -0.3291 , 0.0818 , -0.1036 , -0.8180 , -28.7472 , -9.4807 , 30.2702
9 , -0.7961 , 4.2931 , 8.5803 , -1.2315 , 4.4923 , 8.6298 , -0.5593 , -0.0873 , 0.0537 , -0.2694 , 0.3688 , -0.3511 , -0.7932 , -27.4995 , -7.2141 , 28.4300
6 , -1.8316 , 5.8242 , 8.5210 , -1.5227 , 5.3770 , 8.0585 , -0.0066 , -0.0092 , 0.0328 , -0.0998 , 0.0815 , -0.2492 , -0.7816 , -33.7128 , -8.9327 , 34.8761
6 , -1.7161 , 5.0892 , 7.8255 , -1.1272 , 4.8185 , 8.4665 , -0.3586 , -0.1777 , 0.1082 , -0.1410 , 0.1027 , 0.0429 , -0.7849 , -29.6453 , -6.6006 , 30.3713
2 , -2.2937 , 6.4557 , 7.4334 , -2.1176 , 6.4423 , 7.0840 , 0.7812 , 0.5957 , 0.0738 , 0.4014 , -0.5292 , 0.7940 , -0.7433 , -42.2836 , -12.4705 , 44.0842
4 , -3.0389 , 7.0524 , 6.1202 , -2.3883 , 6.7036 , 6.7475 , -0.1133 , 0.1949 , -0.0084 , 0.0994 , 0.1439 , -0.3269 , -0.7203 , -44.8130 , -14.0956 , 46.9775
7 , -0.6058 , 5.9655 , 6.6092 , -2.0646 , 6.4002 , 7.1376 , -0.1556 , -0.4252 , -0.1978 , -0.1894 , 0.1045 , 0.0847 , -0.7474 , -41.8824 , -12.1535 , 43.6102
2 , -0.9069 , 6.2031 , 6.5847 , -1.8040 , 6.2926 , 7.3020 , 0.2908 , 0.3379 , 0.0859 , 0.2997 , -0.3107 , 0.6198 , -0.7416 , -40.7535 , -10.6005 , 42.1096
10 , -1.3271 , 4.5176 , 9.0322 , -1.3762 , 4.7797 , 8.4517 , -0.1407 , -0.0961 , -0.2952 , 0.3347 , 0.0447 , 0.0270 , -0.8010 , -29.4896 , -8.0672 , 30.5731
8 , -1.8412 , 4.5631 , 8.1553 , -1.6509 , 5.1119 , 8.2045 , 0.1904 , 0.2413 , 0.1095 , 0.2793 , -0.2715 , 0.3742 , -0.7879 , -31.9253 , -9.6918 , 33.3640
9 , -0.5322 , 4.1602 , 8.6958 , -0.9339 , 4.5032 , 8.6614 , -0.5845 , -0.2540 , -0.0771 , -0.0903 , 0.3241 , -0.1332 , -0.7839 , -27.4707 , -5.4645 , 28.0090
2 , -1.3690 , 6.6610 , 7.2659 , -1.5763 , 5.9678 , 7.6205 , 0.7579 , 0.4338 , 0.2059 , 0.4221 , -0.9474 , 0.9930 , -0.7510 , -38.0655 , -9.2495 , 39.1732
10 , -1.4749 , 4.6600 , 8.6658 , -1.6550 , 5.2361 , 8.1249 , -0.8280 , -0.7914 , -0.6306 , -0.1669 , 0.4767 , -0.6002 , -0.7841 , -32.8000 , -9.7162 , 34.2089
5 , -1.0332 , 5.2017 , 8.2289 , -1.7054 , 5.6608 , 7.8241 , -0.0501 , 0.0538 , 0.0431 , 0.0103 , 0.0316 , -0.1964 , -0.7471 , -35.8860 , -10.0148 , 37.2572
3 , -1.0080 , 6.3432 , 7.5017 , -1.5253 , 5.9878 , 7.6152 , 0.1810 , 0.0409 , 0.2185 , -0.2203 , -0.2731 , 0.4274 , -0.7312 , -38.1778 , -8.9481 , 39.2124
2 , -1.3558 , 7.7713 , 5.3397 , -1.7838 , 5.8815 , 7.6417 , -0.0392 , 0.0578 , -0.1549 , 0.2441 , 0.0490 , -0.0679 , -0.7393 , -37.5839 , -10.4804 , 39.0178
4 , -1.8909 , 6.0175 , 7.7806 , -1.8565 , 5.9846 , 7.5437 , 0.1978 , 0.0408 , -0.0419 , 0.0643 , -0.1638 , 0.2111 , -0.7446 , -38.4258 , -10.9124 , 39.9453
6 , -1.3917 , 5.1568 , 8.5821 , -1.2077 , 4.8128 , 8.4586 , -0.6453 , -0.6585 , -0.2572 , -0.3410 , 0.4573 , -0.1327 , -0.7741 , -29.6393 , -7.0739 , 30.4718
4 , -1.2702 , 5.6949 , 8.2726 , -1.9752 , 6.1424 , 7.3851 , -0.0987 , 0.1893 , 0.1953 , -0.1432 , 0.0932 , -0.2582 , -0.7228 , -39.7513 , -11.6196 , 41.4147
8 , -2.4039 , 5.2921 , 9.0531 , -1.8195 , 5.8590 , 7.6506 , -0.1242 , -0.3132 , -0.2718 , 0.1415 , 0.1906 , 0.1068 , -0.7496 , -37.4455 , -10.6922 , 38.9421
4 , -1.3989 , 6.6861 , 7.2569 , -1.8834 , 6.0292 , 7.5015 , 0.1085 , 0.0903 , 0.0611 , -0.0181 , -0.3271 , 0.2044 , -0.7423 , -38.7902 , -11.0728 , 40.3396
7 , -1.4408 , 5.4346 , 7.8848 , -1.8389 , 5.9786 , 7.5528 , 0.3423 , 0.0108 , -0.1631 , 0.1099 , -0.1676 , 0.1451 , -0.7535 , -38.3640 , -10.8078 , 39.8573
8 , -1.5288 , 4.1046 , 8.7341 , -1.6901 , 5.0938 , 8.2077 , -0.4817 , -0.2009 , -0.2369 , -0.1390 , 0.2391 , -0.0026 , -0.7695 , -31.8243 , -9.9239 , 33.3357
5 , -2.6499 , 7.3092 , 5.3726 , -1.6480 , 5.4295 , 7.9985 , 0.2516 , 0.1687 , 0.0767 , 0.3072 , -0.4026 , 0.5518 , -0.7613 , -34.1692 , -9.6741 , 35.5123
2 , -1.0822 , 5.6584 , 8.2499 , -1.9552 , 6.5768 , 7.0066 , 0.1821 , 0.1345 , 0.2128 , -0.1478 , -0.4373 , 0.7523 , -0.7084 , -43.1876 , -11.5003 , 44.6926
1 , -2.0285 , 6.1827 , 8.2924 , -2.0143 , 6.8187 , 6.7541 , 0.1138 , 0.2600 , 0.2073 , 0.4351 , -0.1401 , -0.1880 , -0.6847 , -45.2729 , -11.8531 , 46.7989
8 , -1.5952 , 4.6588 , 8.9609 , -1.6089 , 5.3264 , 8.0753 , -0.2496 , 0.0978 , -0.0824 , 0.5033 , 0.2405 , -0.1784 , -0.7624 , -33.4086 , -9.4427 , 34.7174
9 , -0.6806 , 4.4613 , 8.8909 , -1.2895 , 4.5052 , 8.6146 , -0.6171 , -0.3967 , -0.2049 , -0.1460 , 0.3816 , -0.2770 , -0.7755 , -27.6082 , -7.5558 , 28.6235
4 , -2.3613 , 5.6327 , 7.0198 , -2.5738 , 6.3608 , 7.0062 , 0.5273 , 0.7381 , 0.1824 , 0.4743 , -0.1920 , -0.2276 , -0.7199 , -42.2358 , -15.2156 , 44.8930
7 , -0.8009 , 5.7931 , 6.8259 , -2.1321 , 6.1421 , 7.3416 , -0.0856 , -0.5060 , -0.2048 , -0.3900 , 0.0675 , -0.1133 , -0.7488 , -39.9167 , -12.5570 , 41.8452
1 , -2.4464 , 5.8769 , 7.1725 , -1.5760 , 6.5377 , 7.1376 , 0.3954 , 0.4792 , 0.1180 , 0.6491 , -0.5022 , 0.6286 , -0.7405 , -42.4880 , -9.2477 , 43.4827
6 , -1.6090 , 6.0050 , 7.2084 , -1.1301 , 5.0405 , 8.3359 , -0.4153 , -0.3059 , -0.0405 , -0.1630 , 0.1786 , -0.0126 , -0.7814 , -31.1602 , -6.6175 , 31.8551
7 , -0.6776 , 5.2945 , 8.4528 , -1.5680 , 5.8298 , 7.7282 , -0.2774 , 0.1469 , 0.0819 , 0.0867 , -0.0298 , -0.0073 , -0.7641 , -37.0290 , -9.2007 , 38.1549
3 , -1.5557 , 6.4593 , 7.2186 , -1.1390 , 6.1464 , 7.5561 , 0.1808 , 0.0850 , 0.1527 , 0.1033 , -0.4145 , 0.5091 , -0.7604 , -39.1258 , -6.6696 , 39.6902
3 , -1.2355 , 6.9549 , 7.0043 , -1.3282 , 6.2154 , 7.4683 , 0.0443 , 0.1408 , 0.0047 , 0.3127 , -0.0820 , -0.1277 , -0.7547 , -39.7684 , -7.7838 , 40.5230
4 , -2.2482 , 6.5353 , 7.5256 , -1.6284 , 6.3528 , 7.2911 , 0.4343 , 0.3184 , 0.1105 , 0.2352 , -0.2654 , 0.2048 , -0.7376 , -41.0657 , -9.5582 , 42.1634
9 , -0.8051 , 4.8127 , 8.7796 , -1.1297 , 4.9956 , 8.3629 , -0.5021 , -0.3999 , -0.1751 , -0.1354 , 0.2629 , -0.1692 , -0.7931 , -30.8522 , -6.6152 , 31.5534
5 , -1.8334 , 5.5237 , 8.6694 , -1.9329 , 5.2148 , 8.0771 , 0.4098 , 0.6976 , 0.1828 , 0.2585 , -0.1877 , 0.0400 , -0.7657 , -32.8473 , -11.3676 , 34.7588
10 , -0.4250 , 4.8785 , 8.2618 , -1.1392 , 5.4408 , 8.0790 , 0.0833 , 0.1742 , 0.0372 , 0.2320 , -0.1697 , 0.2895 , -0.7902 , -33.9582 , -6.6708 , 34.6072
7 , -0.3119 , 5.5070 , 8.2439 , -1.3342 , 5.8933 , 7.7240 , 0.2658 , 0.2260 , 0.1316 , 0.2436 , -0.0104 , -0.0435 , -0.7731 , -37.3431 , -7.8193 , 38.1530
4 , -2.3458 , 6.6592 , 5.0261 , -1.6964 , 5.8631 , 7.6757 , -0.1149 , 0.0090 , -0.0143 , 0.4153 , -0.1674 , 0.6701 , -0.7682 , -37.3746 , -9.9612 , 38.6793
7 , -0.7082 , 5.2209 , 8.2271 , -2.0627 , 6.3791 , 7.1570 , 0.1022 , 0.2682 , 0.0983 , 0.2596 , -0.3056 , 0.6252 , -0.7398 , -41.7112 , -12.1423 , 43.4426
1 , -2.4308 , 7.3727 , 5.5600 , -2.0482 , 7.2229 , 6.3091 , 0.5623 , 0.2455 , 0.2596 , -0.0623 , -0.4229 , 0.2003 , -0.7070 , -48.8630 , -12.0553 , 50.3282
7 , -1.2295 , 6.0768 , 8.4881 , -1.8807 , 6.7054 , 6.9044 , -0.2514 , -0.4242 , -0.2720 , 0.0375 , 0.0383 , -0.1442 , -0.7383 , -44.1625 , -11.0566 , 45.5255
9 , -0.5016 , 4.2740 , 7.9542 , -0.9200 , 5.0798 , 8.3379 , -0.5317 , -0.2821 , -0.3184 , 0.1310 , 0.4502 , -0.4702 , -0.7850 , -31.3515 , -5.3831 , 31.8103
9 , -0.7453 , 4.1357 , 7.6022 , -0.7966 , 4.2150 , 8.8187 , -0.5065 , -0.0739 , -0.0065 , 0.1742 , 0.0443 , 0.0087 , -0.7936 , -25.5461 , -4.6594 , 25.9675
5 , -0.9368 , 4.8486 , 8.4779 , -1.3523 , 5.9535 , 7.6745 , 0.1022 , 0.1993 , 0.0874 , 0.0046 , 0.0423 , -0.1445 , -0.7514 , -37.8025 , -7.9263 , 38.6245
10 , -0.9188 , 5.2245 , 8.0769 , -1.0348 , 5.9133 , 7.7545 , 0.2756 , -0.1850 , -0.1895 , 0.2086 , -0.2018 , 0.2357 , -0.7805 , -37.3278 , -6.0570 , 37.8160
8 , -1.2169 , 6.1025 , 7.2233 , -1.2032 , 5.6455 , 7.9279 , -0.1608 , 0.0554 , -0.0661 , -0.0468 , -0.2304 , -0.2219 , -0.7855 , -35.4548 , -7.0477 , 36.1484
10 , 0.0215 , 4.8175 , 7.8883 , -0.8140 , 5.0970 , 8.3384 , 0.0029 , 0.1366 , 0.0395 , -0.0062 , -0.1245 , 0.2882 , -0.7983 , -31.4363 , -4.7611 , 31.7948
8 , -1.1625 , 4.9521 , 8.4935 , -1.0257 , 5.2956 , 8.1899 , 0.1143 , 0.1646 , 0.0495 , 0.1784 , -0.0944 , -0.1910 , -0.7902 , -32.8867 , -6.0035 , 33.4302
5 , -1.1918 , 5.3352 , 8.9831 , -1.2894 , 5.5974 , 7.9484 , 0.1892 , 0.2341 , 0.0949 , 0.1197 , -0.2517 , 0.6191 , -0.7768 , -35.1539 , -7.5551 , 35.9566
3 , -0.6998 , 7.5534 , 6.1154 , -1.1855 , 5.6767 , 7.9082 , 0.3773 , 0.1026 , 0.0506 , 0.4695 , -0.7697 , 0.7436 , -0.7784 , -35.6720 , -6.9435 , 36.3415
7 , -1.2032 , 5.9248 , 8.2409 , -1.8627 , 6.3398 , 7.2462 , 0.1564 , 0.6238 , 0.2469 , 0.4808 , -0.2108 , 0.6013 , -0.7260 , -41.1830 , -10.9491 , 42.6137
7 , -0.9153 , 5.6662 , 6.8175 , -1.8616 , 6.1391 , 7.4173 , -0.1314 , -0.0398 , -0.0492 , 0.0561 , 0.1010 , -0.2276 , -0.7314 , -39.6137 , -10.9429 , 41.0974
5 , -1.3905 , 5.4573 , 7.7465 , -1.7078 , 5.8899 , 7.6526 , 0.1618 , 0.1626 , 0.0760 , 0.1234 , -0.1599 , 0.2774 , -0.7427 , -37.5841 , -10.0288 , 38.8991
4 , -2.6918 , 6.7197 , 6.3812 , -2.4859 , 6.4853 , 6.9233 , 0.3684 , 0.6195 , 0.2332 , 0.4556 , -0.2677 , 0.4177 , -0.7048 , -43.1289 , -14.6840 , 45.5601
1 , -2.6947 , 7.1464 , 4.7220 , -2.0909 , 6.4303 , 7.1028 , -0.0346 , -0.2856 , 0.0011 , -0.0709 , -0.1247 , 0.1528 , -0.7146 , -42.1554 , -12.3107 , 43.9162
5 , -1.3199 , 5.9319 , 7.7040 , -1.5785 , 5.6939 , 7.8268 , -0.0103 , 0.0555 , -0.0619 , 0.1338 , -0.0777 , 0.1419 , -0.7587 , -36.0355 , -9.2626 , 37.2069
9 , -1.2409 , 4.7145 , 9.3111 , -0.9204 , 4.2116 , 8.8083 , -0.4595 , -0.2864 , -0.1386 , -0.1222 , 0.1758 , -0.2610 , -0.7989 , -25.5544 , -5.3855 , 26.1158
3 , 0.0736 , 6.8286 , 8.6826 , -1.4402 , 5.4843 , 8.0012 , 0.0630 , 0.1571 , 0.0785 , 0.0369 , -0.0277 , -0.0014 , -0.7645 , -34.4283 , -8.4452 , 35.4489
1 , -4.1857 , 7.9437 , 6.0095 , -2.4856 , 6.9198 , 6.4891 , 0.1799 , 0.7784 , 0.1748 , 0.5802 , -0.1833 , 0.3515 , -0.6881 , -46.8396 , -14.6823 , 49.0868
4 , -1.2295 , 5.8571 , 7.4323 , -2.3434 , 6.5445 , 6.9172 , -0.0444 , 0.1361 , -0.0502 , 0.2985 , 0.0490 , 0.1653 , -0.7209 , -43.4139 , -13.8254 , 45.5622
10 , 0.3136 , 5.4950 , 6.6978 , -0.8754 , 5.5248 , 8.0549 , -0.1196 , -0.2816 , -0.3580 , -0.0962 , 0.0836 , 0.0555 , -0.8032 , -34.4461 , -5.1216 , 34.8247
3 , -1.2708 , 7.0728 , 7.0857 , -1.4041 , 6.2947 , 7.3875 , -0.2178 , -0.0516 , 0.0334 , 0.0187 , 0.3337 , -0.6667 , -0.7552 , -40.4335 , -8.2318 , 41.2630
4 , -1.4288 , 6.3120 , 7.7866 , -1.4560 , 6.4227 , 7.2663 , 0.1150 , 0.0238 , -0.0997 , 0.1757 , -0.0796 , 0.1469 , -0.7379 , -41.4735 , -8.5383 , 42.3433
7 , -1.8604 , 6.0558 , 8.7706 , -1.7928 , 6.2565 , 7.3357 , 0.0343 , 0.5018 , 0.1111 , 0.4999 , -0.0461 , 0.3073 , -0.7383 , -40.4604 , -10.5340 , 41.8092
9 , -0.2754 , 4.0334 , 8.2708 , -0.7445 , 4.6807 , 8.5853 , -0.6904 , -0.1715 , -0.1876 , 0.3267 , 0.6577 , -0.7650 , -0.7842 , -28.5995 , -4.3538 , 28.9290
10 , -0.5549 , 4.4188 , 7.4945 , -1.5505 , 5.1907 , 8.1745 , 0.1406 , 0.1248 , -0.2530 , 0.2032 , -0.1144 , 0.0333 , -0.7907 , -32.4149 , -9.0970 , 33.6672
5 , -1.5581 , 6.4425 , 6.9947 , -1.7129 , 6.0160 , 7.5528 , 0.0783 , 0.2420 , 0.1203 , 0.1247 , -0.2529 , 0.2705 , -0.7471 , -38.5383 , -10.0590 , 39.8294
8 , -1.3654 , 5.3837 , 8.1421 , -1.6606 , 5.8252 , 7.7124 , -0.1159 , -0.0789 , -0.0649 , 0.1551 , 0.1289 , -0.0737 , -0.7549 , -37.0639 , -9.7488 , 38.3245
10 , 0.3130 , 5.0210 , 7.2233 , -1.7156 , 5.6350 , 7.8406 , -0.0877 , -0.0752 , -0.1471 , -0.0719 , -0.1097 , 0.0464 , -0.7666 , -35.7046 , -10.0754 , 37.0989
10 , -1.4180 , 4.3368 , 8.9514 , -1.5852 , 5.0350 , 8.2647 , -0.1491 , -0.0295 , -0.2847 , 0.2453 , 0.0847 , 0.1399 , -0.7912 , -31.3507 , -9.3026 , 32.7017
2 , -1.2684 , 7.8294 , 7.1354 , -1.9709 , 6.3721 , 7.1891 , 0.3463 , 0.2795 , 0.2001 , 0.0429 , -0.3472 , 0.4954 , -0.7465 , -41.5523 , -11.5943 , 43.1395
5 , -1.0128 , 5.7697 , 7.5424 , -1.6957 , 5.9630 , 7.5985 , 0.0299 , 0.1723 , 0.0577 , 0.0157 , -0.1649 , 0.2071 , -0.7346 , -38.1232 , -9.9571 , 39.4020
9 , 0.6380 , 3.9777 , 8.0218 , -1.1496 , 5.0471 , 8.3292 , -0.3592 , -0.3358 , -0.1320 , -0.2883 , 0.5037 , -0.2566 , -0.7679 , -31.2139 , -6.7319 , 31.9316
6 , -0.8129 , 6.1025 , 7.7644 , -1.0126 , 5.1870 , 8.2608 , 0.2423 , 0.1899 , 0.1302 , -0.0685 , -0.3779 , 0.3040 , -0.7729 , -32.1249 , -5.9269 , 32.6671
10 , -0.6411 , 4.5122 , 8.7209 , -0.9458 , 4.8177 , 8.4891 , -0.3295 , -0.1367 , -0.1400 , 0.1186 , 0.0843 , 0.2304 , -0.8021 , -29.5757 , -5.5344 , 30.0891
2 , -0.9129 , 6.2516 , 6.8307 , -2.0270 , 6.8956 , 6.6718 , 1.1311 , 1.0147 , 0.4566 , 0.5257 , -1.1763 , 1.1286 , -0.7218 , -45.9451 , -11.9286 , 47.4684
10 , -0.2688 , 5.2370 , 7.5143 , -1.3611 , 5.2825 , 8.1494 , -0.5442 , -0.3130 , -0.2609 , 0.2650 , 0.3379 , -0.0398 , -0.7821 , -32.9515 , -7.9782 , 33.9036
6 , -0.2329 , 3.5108 , 7.9452 , -0.9011 , 4.8462 , 8.4778 , -0.1373 , 0.0127 , 0.0273 , 0.0741 , 0.0731 , 0.0737 , -0.7749 , -29.7541 , -5.2724 , 30.2176
8 , -0.7099 , 4.5589 , 8.8083 , -1.4472 , 5.0359 , 8.2895 , -0.1671 , -0.0303 , -0.0725 , 0.0141 , 0.2115 , 0.0478 , -0.7736 , -31.2791 , -8.4865 , 32.4100
1 , -3.2622 , 6.1211 , 8.0110 , -2.3584 , 6.8204 , 6.6401 , 0.6655 , 0.6865 , 0.2962 , 0.7374 , -0.4556 , 0.2826 , -0.7137 , -45.7673 , -13.9154 , 47.8360
4 , -1.3618 , 5.7386 , 7.7010 , -1.8610 , 6.6884 , 6.9262 , 0.2261 , 0.5425 , 0.2422 , 0.3883 , -0.0169 , -0.0613 , -0.7298 , -43.9994 , -10.9391 , 45.3389
5 , 0.0005 , 6.4982 , 7.0336 , -1.6238 , 6.3355 , 7.3072 , -0.2001 , -0.3177 , -0.1610 , -0.0984 , -0.2197 , 0.2594 , -0.7520 , -40.9258 , -9.5312 , 42.0210
6 , -1.5802 , 6.1486 , 9.2135 , -1.3604 , 6.0554 , 7.5928 , -0.1833 , -0.2377 , -0.0777 , 0.1401 , 0.2651 , -0.2424 , -0.7644 , -38.5731 , -7.9741 , 39.3887
4 , -1.5467 , 5.7703 , 7.8770 , -1.6968 , 6.6041 , 7.0482 , 0.1635 , 0.7675 , 0.1469 , 0.6152 , -0.2045 , 0.0965 , -0.7213 , -43.1368 , -9.9640 , 44.2726
7 , -0.4250 , 5.7626 , 8.2169 , -1.9318 , 6.4074 , 7.1683 , 0.2552 , 0.3511 , -0.1205 , 0.3199 , -0.0117 , -0.1049 , -0.7505 , -41.7919 , -11.3607 , 43.3085
1 , -1.5892 , 6.6592 , 8.0158 , -2.0671 , 7.3812 , 6.1168 , 0.7958 , 1.1030 , 0.2305 , 0.8752 , -0.3904 , 0.0720 , -0.7052 , -50.3511 , -12.1686 , 51.8007
6 , -2.4607 , 7.2547 , 7.9285 , -1.0151 , 6.0504 , 7.6506 , -0.4766 , -0.8121 , -0.3784 , -0.2299 , 0.5026 , -0.9327 , -0.7864 , -38.3384 , -5.9416 , 38.7961
4 , -1.7490 , 5.8332 , 8.4911 , -1.6980 , 6.9355 , 6.7221 , 0.7580 , 0.6571 , 0.2716 , 0.2792 , -0.4817 , 0.3888 , -0.7404 , -45.8953 , -9.9710 , 46.9659
6 , -0.2425 , 4.5649 , 8.2253 , -0.7257 , 4.9035 , 8.4616 , -0.4753 , -0.1819 , -0.0651 , 0.0493 , 0.1050 , 0.2585 , -0.7982 , -30.0922 , -4.2438 , 30.3900
2 , -1.5162 , 6.0433 , 8.8610 , -1.1975 , 5.8676 , 7.7658 , 0.3777 , 0.2041 , 0.0494 , 0.3451 , -0.5265 , 0.5727 , -0.7747 , -37.0738 , -7.0142 , 37.7315
6 , -0.9835 , 5.5172 , 8.0996 , -1.0941 , 5.4327 , 8.0907 , -0.5449 , -0.7528 , -0.2926 , -0.3636 , 0.4021 , -0.3512 , -0.7794 , -33.8806 , -6.4055 , 34.4808
6 , -0.5489 , 4.6696 , 8.8873 , -0.6353 , 4.7808 , 8.5388 , 0.0042 , -0.0023 , -0.0106 , 0.0645 , -0.0820 , 0.0627 , -0.7819 , -29.2442 , -3.7141 , 29.4791
2 , -2.2883 , 6.0612 , 8.4540 , -2.0598 , 6.5016 , 7.0468 , 0.9944 , 1.1142 , 0.3092 , 0.8141 , -0.2311 , -0.3810 , -0.7210 , -42.6955 , -12.1248 , 44.3837
5 , -1.4132 , 5.7841 , 7.8877 , -2.0598 , 6.5016 , 7.0468 , 0.9944 , 1.1142 , 0.3092 , 0.8141 , -0.2311 , -0.3810 , -0.7210 , -42.6955 , -12.1248 , 44.3837
4 , -1.0164 , 5.5620 , 7.2688 , -1.6141 , 6.1508 , 7.4654 , 0.4653 , 0.4052 , 0.1153 , 0.4184 , -0.2260 , 0.0671 , -0.7473 , -39.4853 , -9.4734 , 40.6058
4 , -2.3667 , 5.8308 , 7.7321 , -1.7881 , 6.1593 , 7.4186 , 0.0257 , 0.1088 , 0.1006 , 0.0319 , 0.0359 , 0.0482 , -0.7349 , -39.7011 , -10.5056 , 41.0676
3 , -0.7321 , 5.3448 , 6.5649 , -1.2243 , 5.9813 , 7.6744 , 0.2544 , 0.0819 , -0.0074 , 0.3379 , -0.2531 , 0.0635 , -0.7585 , -37.9323 , -7.1717 , 38.6043
9 , 0.0879 , 4.1495 , 8.9448 , -0.2493 , 4.8157 , 8.5392 , -0.4347 , -0.4698 , -0.3078 , -0.0664 , 0.4649 , -0.3999 , -0.7986 , -29.4210 , -1.4567 , 29.4571
7 , -1.4899 , 6.5664 , 6.5069 , -1.2103 , 6.3314 , 7.3904 , 0.9637 , 0.6344 , 0.1187 , 0.5529 , -0.8530 , 0.7130 , -0.7571 , -40.5868 , -7.0891 , 41.2013
6 , -0.9841 , 4.9617 , 8.9011 , -0.9710 , 5.1258 , 8.3038 , -0.2369 , -0.1129 , 0.0249 , -0.1122 , 0.1532 , -0.1836 , -0.7669 , -31.6861 , -5.6825 , 32.1916
7 , -0.2988 , 5.6716 , 7.3107 , -1.4222 , 5.9268 , 7.6825 , 0.1305 , 0.3313 , 0.2939 , 0.0326 , -0.2696 , 0.1473 , -0.7372 , -37.6493 , -8.3389 , 38.5617
7 , -0.1623 , 5.5178 , 6.9696 , -1.2772 , 5.8222 , 7.7872 , -0.0476 , -0.1448 , -0.0706 , 0.0877 , -0.2116 , 0.2397 , -0.7473 , -36.7840 , -7.4831 , 37.5375
9 , -0.6633 , 3.8328 , 9.0771 , -1.1762 , 4.9007 , 8.4125 , -0.3793 , -0.2530 , -0.0305 , -0.1744 , 0.5498 , -0.5248 , -0.7716 , -30.2232 , -6.8885 , 30.9983
3 , -1.3767 , 6.9615 , 7.0061 , -1.4267 , 5.8465 , 7.7430 , 0.6256 , 0.4690 , 0.3276 , 0.3026 , -0.6332 , 0.4964 , -0.7396 , -37.0552 , -8.3651 , 37.9876
2 , -1.6946 , 7.3990 , 7.7603 , -1.4666 , 5.9547 , 7.6525 , 0.0626 , 0.0729 , 0.0545 , 0.1161 , 0.0005 , 0.1581 , -0.7330 , -37.8877 , -8.6011 , 38.8517
9 , -0.0905 , 3.8867 , 8.3869 , -0.4835 , 4.4856 , 8.7072 , -0.2377 , -0.2154 , -0.1034 , 0.3180 , 0.0261 , -0.0144 , -0.7760 , -27.2559 , -2.8262 , 27.4021
9 , -0.7213 , 3.8963 , 8.2463 , -0.4993 , 4.3593 , 8.7703 , -0.0683 , 0.0136 , 0.0079 , 0.0239 , -0.1421 , 0.1166 , -0.7768 , -26.4298 , -2.9187 , 26.5905
5 , -2.5553 , 6.9836 , 6.4087 , -1.7542 , 6.3292 , 7.2825 , 1.1643 , 0.7947 , 0.1581 , 0.8901 , -1.2535 , 1.3929 , -0.7249 , -40.9939 , -10.3045 , 42.2692
3 , -0.4035 , 5.7075 , 8.4725 , -1.4070 , 6.0088 , 7.6213 , 0.3124 , 0.2778 , 0.2327 , 0.0329 , -0.6134 , 0.6121 , -0.7349 , -38.2530 , -8.2488 , 39.1322
8 , -1.7215 , 5.9439 , 8.3372 , -1.4469 , 5.9076 , 7.6927 , 0.0710 , -0.1161 , -0.2145 , 0.1336 , -0.0166 , 0.1755 , -0.7485 , -37.5223 , -8.4843 , 38.4695
10 , 0.1089 , 4.7696 , 7.7184 , -1.1633 , 5.0070 , 8.3514 , -0.4003 , -0.3223 , -0.2475 , 0.2215 , 0.3801 , -0.1076 , -0.7824 , -30.9445 , -6.8129 , 31.6856
6 , -0.4502 , 5.3143 , 9.2159 , -1.2852 , 5.7050 , 7.8722 , 0.1166 , 0.0662 , 0.0529 , 0.1022 , -0.1426 , 0.0798 , -0.7624 , -35.9311 , -7.5305 , 36.7117
1 , -3.4106 , 7.5588 , 5.0847 , -2.2356 , 6.9182 , 6.5812 , 0.9088 , 1.0610 , 0.3055 , 1.2925 , -0.6021 , 0.3387 , -0.6940 , -46.4300 , -13.1775 , 48.2638
4 , -2.4595 , 5.9391 , 8.7658 , -1.7506 , 6.1367 , 7.4462 , 0.0534 , 0.1355 , 0.0292 , 0.1210 , -0.1416 , -0.0316 , -0.7449 , -39.4931 , -10.2831 , 40.8099
2 , -1.9364 , 6.2378 , 8.0284 , -2.2421 , 6.4938 , 6.9982 , 0.1483 , -0.1107 , 0.1192 , -0.1002 , -0.3812 , 0.1089 , -0.7195 , -42.8589 , -13.2165 , 44.8504
7 , -1.7867 , 5.5746 , 7.2174 , -2.5704 , 6.2725 , 7.0865 , 0.1620 , 0.0374 , -0.3596 , 0.3949 , -0.1072 , 0.1328 , -0.7501 , -41.5131 , -15.1952 , 44.2067
2 , -1.3785 , 7.4720 , 7.0360 , -1.6179 , 6.5904 , 7.0795 , 0.1991 , 0.2738 , 0.1600 , -0.1026 , -0.3887 , 0.6444 , -0.7180 , -42.9507 , -9.4962 , 43.9880
3 , 0.5027 , 6.1804 , 8.0643 , -1.3038 , 6.0738 , 7.5881 , -0.3664 , -0.2675 , -0.0600 , -0.0332 , 0.4911 , -0.7863 , -0.7334 , -38.6754 , -7.6401 , 39.4228
5 , -0.5615 , 5.5381 , 7.9608 , -1.4028 , 6.0316 , 7.6041 , -0.0178 , 0.0089 , -0.0823 , 0.2349 , 0.1500 , -0.0124 , -0.7379 , -38.4212 , -8.2241 , 39.2916
8 , -1.0942 , 4.4464 , 10.2143 , -0.8635 , 4.9995 , 8.3922 , -0.1528 , 0.1040 , -0.0222 , 0.1969 , 0.0903 , -0.0293 , -0.7915 , -30.7836 , -5.0516 , 31.1953
2 , -2.2985 , 6.0792 , 7.9997 , -1.0644 , 6.5292 , 7.2393 , 0.9565 , 0.5253 , 0.5207 , 0.3755 , -1.3284 , 0.9086 , -0.7338 , -42.0477 , -6.2311 , 42.5069
2 , -0.7614 , 6.9094 , 6.4464 , -1.3095 , 6.6498 , 7.0877 , 0.0704 , 0.3123 , 0.1527 , -0.2016 , -0.1184 , 0.3972 , -0.7130 , -43.1742 , -7.6737 , 43.8509
2 , -1.2415 , 6.5437 , 7.8811 , -1.2056 , 6.2032 , 7.4991 , 0.0333 , 0.0188 , 0.0128 , 0.0338 , -0.0462 , 0.0954 , -0.7230 , -39.5972 , -7.0616 , 40.2219
4 , -2.5409 , 6.7789 , 9.3907 , -1.0255 , 5.9437 , 7.7325 , 0.1952 , 0.1894 , -0.0696 , 0.1755 , -0.1817 , 0.2564 , -0.7594 , -37.5484 , -6.0024 , 38.0251
10 , -0.9530 , 4.9803 , 8.3989 , -1.1019 , 5.3669 , 8.1334 , 0.0595 , -0.2993 , -0.2163 , 0.0120 , -0.0061 , -0.0091 , -0.7897 , -33.4189 , -6.4517 , 34.0360
6 , -0.6285 , 5.4166 , 8.1086 , -1.0279 , 5.1842 , 8.2607 , -0.0855 , -0.0003 , 0.0278 , 0.1828 , 0.0365 , 0.3174 , -0.7823 , -32.1112 , -6.0166 , 32.6700
5 , -1.3731 , 5.4621 , 9.0292 , -1.0970 , 5.2466 , 8.2122 , 0.1757 , 0.1163 , 0.0202 , 0.1917 , -0.1623 , 0.2510 , -0.7661 , -32.5739 , -6.4227 , 33.2010
3 , -2.0645 , 7.6977 , 7.5789 , -0.8371 , 5.0918 , 8.3393 , -0.0576 , -0.2651 , -0.0236 , 0.0948 , -0.5008 , 0.8084 , -0.7732 , -31.4073 , -4.8967 , 31.7867
8 , -1.1505 , 4.4709 , 8.4151 , -1.1431 , 5.1745 , 8.2516 , 0.0422 , -0.1214 , -0.3059 , 0.1183 , 0.0123 , -0.2220 , -0.7939 , -32.0913 , -6.6935 , 32.7820
8 , -1.0709 , 4.6319 , 9.2656 , -1.2659 , 4.8637 , 8.4210 , -0.1038 , -0.0731 , -0.0707 , 0.0558 , 0.0874 , 0.1346 , -0.7939 , -30.0093 , -7.4166 , 30.9122
2 , -2.6385 , 7.5893 , 6.7200 , -1.8034 , 6.3013 , 7.2947 , 0.7211 , 0.3483 , 0.0961 , 0.2676 , -0.7058 , 0.7855 , -0.7579 , -40.8212 , -10.5969 , 42.1742
2 , -2.7145 , 6.1971 , 8.7772 , -2.0606 , 6.4583 , 7.0863 , 0.8123 , 0.7735 , 0.2082 , 0.4036 , -0.2603 , -0.0953 , -0.7367 , -42.3455 , -12.1293 , 44.0484
5 , -1.9944 , 5.0365 , 8.0673 , -1.6629 , 5.5899 , 7.8840 , -0.0350 , 0.0600 , -0.0041 , -0.1284 , 0.1532 , -0.1843 , -0.7706 , -35.3375 , -9.7630 , 36.6613
8 , -1.6610 , 4.7127 , 8.6257 , -1.5793 , 5.1373 , 8.2027 , -0.0226 , -0.1321 , -0.3383 , 0.2327 , 0.1206 , -0.2268 , -0.7984 , -32.0585 , -9.2672 , 33.3711
8 , -1.0433 , 4.7600 , 7.8620 , -1.3590 , 5.1450 , 8.2373 , 0.1878 , 0.0870 , -0.1245 , 0.1306 , -0.2211 , 0.1446 , -0.7945 , -31.9887 , -7.9658 , 32.9656
5 , -2.0292 , 4.8001 , 9.4577 , -1.8240 , 5.5479 , 7.8781 , 0.0821 , 0.1471 , 0.1160 , 0.0614 , 0.0659 , -0.2844 , -0.7748 , -35.1539 , -10.7189 , 36.7517
9 , -0.3772 , 4.4793 , 8.3714 , -1.3610 , 5.0473 , 8.2971 , -0.3023 , -0.4193 , -0.0607 , -0.3794 , 0.4896 , -0.4465 , -0.7843 , -31.3129 , -7.9776 , 32.3132
3 , -0.5513 , 5.2077 , 9.1327 , -1.3969 , 5.8417 , 7.7520 , -0.0203 , 0.0403 , 0.1177 , -0.2824 , -0.1058 , 0.1526 , -0.7524 , -37.0009 , -8.1893 , 37.8963
9 , -0.2036 , 3.9442 , 8.6311 , -0.7316 , 4.4974 , 8.6838 , -0.5444 , -0.6462 , -0.3043 , -0.3730 , 0.4705 , -0.4672 , -0.7850 , -27.3799 , -4.2783 , 27.7121
5 , -1.6664 , 4.4607 , 8.3947 , -1.4313 , 5.0872 , 8.2609 , 0.5021 , 0.4234 , -0.0058 , 0.6030 , -0.4648 , 0.4609 , -0.7710 , -31.6257 , -8.3927 , 32.7204
10 , -1.0362 , 4.3907 , 8.5509 , -0.5772 , 4.7970 , 8.5338 , -0.0644 , 0.1996 , -0.0108 , 0.2983 , 0.0352 , 0.1489 , -0.7965 , -29.3411 , -3.3741 , 29.5345
10 , -0.0503 , 4.5337 , 7.9452 , -0.4749 , 4.8180 , 8.5283 , 0.1477 , 0.1366 , 0.0853 , 0.0271 , -0.2090 , 0.0795 , -0.7929 , -29.4643 , -2.7760 , 29.5947
6 , -0.1383 , 4.0411 , 9.5379 , -0.1799 , 4.6646 , 8.6244 , -0.1083 , -0.0436 , 0.1001 , -0.0066 , 0.0702 , -0.0476 , -0.7763 , -28.4070 , -1.0509 , 28.4264
9 , -0.5902 , 3.6473 , 8.5898 , -0.4136 , 3.6588 , 9.0891 , -0.3610 , -0.0362 , 0.0116 , 0.0155 , 0.2165 , -0.1594 , -0.7813 , -21.9273 , -2.4172 , 22.0602
10 , 0.3663 , 3.8915 , 10.0180 , -0.0404 , 3.8738 , 9.0090 , -0.3224 , -0.0169 , 0.0120 , -0.1142 , 0.1776 , 0.0119 , -0.8094 , -23.2671 , -0.2362 , 23.2683
2 , -1.9753 , 6.2731 , 8.2648 , -1.7160 , 6.5910 , 7.0558 , 0.3798 , 0.6244 , 0.1794 , 0.1839 , -0.1207 , -0.1104 , -0.7185 , -43.0495 , -10.0777 , 44.2134
8 , -0.5603 , 5.3627 , 8.4863 , -0.7837 , 5.1173 , 8.3288 , -0.4263 , -0.3280 , -0.2677 , -0.0589 , 0.2286 , -0.1557 , -0.7844 , -31.5671 , -4.5838 , 31.8982
6 , -0.5058 , 5.7111 , 7.4711 , -0.7837 , 5.1173 , 8.3288 , -0.4263 , -0.3280 , -0.2677 , -0.0589 , 0.2286 , -0.1557 , -0.7844 , -31.5671 , -4.5838 , 31.8982
3 , -1.4516 , 5.3250 , 8.3845 , -1.4839 , 5.9319 , 7.6669 , 0.1300 , 0.0940 , 0.1465 , 0.1339 , -0.3587 , 0.0238 , -0.7316 , -37.7295 , -8.7029 , 38.7202
5 , -1.7808 , 6.2013 , 8.4630 , -1.3841 , 5.8839 , 7.7224 , -0.0274 , -0.0734 , -0.0139 , 0.0531 , 0.0331 , 0.1491 , -0.7341 , -37.3047 , -8.1136 , 38.1768
6 , -0.8458 , 4.5750 , 8.7862 , -0.5706 , 4.8741 , 8.4905 , -0.5352 , -0.4995 , 0.0085 , -0.4060 , 0.4307 , -0.3808 , -0.7628 , -29.8587 , -3.3359 , 30.0444
4 , -0.5795 , 5.5656 , 8.0835 , -1.5130 , 6.2635 , 7.3926 , 0.4236 , 0.3395 , -0.0418 , 0.1707 , -0.1893 , -0.1430 , -0.7331 , -40.2735 , -8.8751 , 41.2398
7 , -1.0816 , 5.9056 , 8.5276 , -1.5250 , 6.2859 , 7.3711 , -0.1546 , -0.2238 , -0.1470 , -0.1369 , -0.0133 , -0.1800 , -0.7325 , -40.4568 , -8.9462 , 41.4342
1 , -1.1325 , 6.8220 , 7.2652 , -1.7313 , 7.1496 , 6.4851 , 0.3803 , 0.2836 , 0.1098 , -0.0791 , -0.3990 , 0.5308 , -0.6971 , -47.7900 , -10.1688 , 48.8599
10 , -0.1946 , 5.0389 , 7.1922 , -0.6352 , 6.0504 , 7.6916 , -0.1200 , -0.6452 , -0.3526 , 0.1024 , -0.3150 , 0.2479 , -0.7697 , -38.1895 , -3.7138 , 38.3696
9 , -1.4372 , 5.9098 , 7.6166 , -0.3747 , 5.2122 , 8.2984 , -0.0052 , 0.0510 , -0.0175 , 0.3386 , -0.0226 , -0.0513 , -0.7790 , -32.1329 , -2.1895 , 32.2074
9 , 1.0612 , 5.4507 , 7.7004 , 0.3930 , 5.8518 , 7.8596 , -0.4863 , -0.2483 , -0.0121 , -0.2049 , 0.4322 , -0.2623 , -0.7631 , -36.6691 , 2.2965 , 36.7410
5 , -0.7518 , 6.2528 , 7.7854 , -0.8941 , 6.5520 , 7.2417 , 0.6107 , 0.7026 , -0.1028 , 0.5886 , -0.5057 , 0.5356 , -0.7363 , -42.1378 , -5.2310 , 42.4613
10 , -0.5938 , 6.2420 , 5.6641 , -0.8939 , 6.5492 , 7.2443 , -0.0001 , -0.4520 , -0.1811 , -0.0744 , -0.0468 , 0.1518 , -0.7481 , -42.1150 , -5.2301 , 42.4385
8 , -0.8416 , 6.4102 , 7.6226 , -0.9310 , 6.5057 , 7.2787 , 0.0863 , 0.1721 , -0.0666 , 0.4637 , -0.0682 , 0.0853 , -0.7444 , -41.7901 , -5.4473 , 42.1436
1 , -3.4992 , 7.3990 , 5.7192 , -1.8526 , 7.3703 , 6.1981 , 0.4281 , 0.6600 , 0.0812 , 0.7853 , -0.4151 , 0.2141 , -0.6987 , -49.9374 , -10.8893 , 51.1108
10 , -0.0114 , 5.2867 , 7.5502 , -0.9917 , 5.7758 , 7.8630 , -0.5788 , -0.6416 , -0.4272 , 0.4552 , 0.1562 , -0.2030 , -0.7691 , -36.2992 , -5.8039 , 36.7603
4 , -2.0393 , 6.0780 , 9.6062 , -1.7103 , 6.3599 , 7.2662 , 0.4473 , 0.9594 , 0.3615 , 0.6423 , -0.3810 , 0.3573 , -0.7154 , -41.1947 , -10.0441 , 42.4015
7 , -1.2798 , 5.5052 , 7.9267 , -1.6030 , 6.1381 , 7.4783 , -0.0536 , 0.1669 , -0.0006 , 0.2428 , 0.1673 , -0.0709 , -0.7367 , -39.3790 , -9.4080 , 40.4872
4 , -1.4869 , 5.7308 , 7.5968 , -1.6069 , 6.2280 , 7.4027 , 0.0496 , 0.0674 , 0.0761 , 0.0341 , -0.1018 , 0.1939 , -0.7302 , -40.0746 , -9.4308 , 41.1693
6 , -0.0312 , 4.3584 , 8.8005 , -0.3987 , 5.0029 , 8.4251 , -0.4975 , -0.1516 , 0.0420 , 0.0383 , 0.4136 , -0.2345 , -0.7594 , -30.7023 , -2.3303 , 30.7906
3 , -0.7052 , 7.0327 , 6.6469 , -0.6864 , 6.4410 , 7.3629 , 0.5461 , 0.1829 , 0.1023 , -0.0132 , -0.1744 , -0.2565 , -0.7291 , -41.1793 , -4.0138 , 41.3745
9 , 0.2459 , 4.6391 , 8.7359 , -0.5429 , 5.1449 , 8.3310 , -0.5686 , -0.0891 , -0.0562 , -0.1593 , 0.3393 , -0.1714 , -0.7563 , -31.6976 , -3.1736 , 31.8560
2 , 0.4848 , 7.2434 , 7.6351 , -1.3448 , 7.3362 , 6.3673 , 0.5439 , 0.3488 , 0.2496 , 0.1387 , -0.1819 , 0.1063 , -0.6910 , -49.0446 , -7.8816 , 49.6739
4 , -0.7542 , 5.7620 , 7.2910 , -1.9262 , 6.9570 , 6.6377 , -0.2840 , 0.4244 , -0.0342 , 0.1383 , 0.0219 , 0.0506 , -0.6851 , -46.3455 , -11.3277 , 47.7097
1 , -2.1740 , 5.8386 , 8.0685 , -1.5448 , 7.1222 , 6.5619 , 0.0872 , 0.1710 , 0.0556 , 0.2758 , -0.3316 , 0.3606 , -0.6869 , -47.3446 , -9.0633 , 48.2043
1 , -2.7079 , 8.0688 , 3.4441 , -2.3396 , 7.1738 , 6.2637 , 0.5694 , 1.0328 , 0.1014 , 0.7996 , -0.1756 , -0.1700 , -0.6566 , -48.8746 , -13.8026 , 50.7862
7 , -1.2433 , 5.6177 , 7.3532 , -1.6676 , 6.5501 , 7.1053 , -0.0425 , -0.2814 , -0.1134 , 0.1622 , -0.0418 , 0.0833 , -0.7125 , -42.6719 , -9.7908 , 43.7807
7 , -1.7550 , 5.4184 , 7.8536 , -2.0555 , 6.0068 , 7.4742 , -0.3115 , 0.1421 , -0.0680 , 0.2772 , 0.0359 , 0.5113 , -0.7182 , -38.7877 , -12.0990 , 40.6309
10 , 0.5063 , 5.0790 , 8.3810 , -0.1833 , 5.6569 , 8.0085 , -0.0061 , -0.1670 , -0.1416 , 0.1764 , 0.0408 , 0.1389 , -0.7824 , -35.2357 , -1.0711 , 35.2519
10 , 0.4016 , 5.1371 , 8.2930 , -0.3228 , 5.6360 , 8.0188 , -0.0081 , 0.0991 , 0.0168 , -0.0055 , -0.2209 , 0.0504 , -0.7784 , -35.1016 , -1.8864 , 35.1523
8 , -0.8674 , 5.6794 , 8.2708 , -0.5982 , 5.7682 , 7.9083 , 0.0811 , 0.1824 , 0.1014 , 0.3981 , -0.1355 , 0.3068 , -0.7587 , -36.1065 , -3.4970 , 36.2754
8 , -0.1389 , 6.6011 , 7.8877 , 0.2065 , 6.8132 , 7.0504 , 0.0435 , 0.0800 , 0.0252 , 0.3274 , -0.0479 , 0.0242 , -0.7246 , -44.0195 , 1.2067 , 44.0360
9 , 1.2401 , 6.0301 , 8.2397 , 0.5232 , 6.9030 , 6.9459 , -0.4495 , -0.2056 , 0.0021 , -0.1201 , 0.3619 , -0.4359 , -0.7217 , -44.8227 , 3.0584 , 44.9269
8 , 1.0480 , 6.0768 , 7.7986 , -0.1325 , 6.9589 , 6.9084 , 0.1993 , 0.3867 , -0.0883 , 0.3034 , -0.0705 , -0.1521 , -0.7198 , -45.2089 , -0.7739 , 45.2155
9 , 2.5988 , 5.2179 , 9.2458 , 0.5268 , 5.8518 , 7.8517 , -0.5028 , -0.1962 , -0.0369 , 0.1824 , 0.2374 , -0.2758 , -0.7668 , -36.6969 , 3.0792 , 36.8258
9 , 0.5063 , 5.5692 , 7.6651 , 0.4437 , 5.5102 , 8.1001 , -0.0585 , 0.0961 , 0.0412 , 0.2171 , -0.0655 , 0.0153 , -0.7601 , -34.2263 , 2.5930 , 34.3244
9 , 0.7852 , 5.2227 , 7.6076 , 0.2228 , 5.3652 , 8.2058 , -0.0278 , 0.1199 , -0.0134 , 0.3043 , -0.1154 , 0.0097 , -0.7597 , -33.1780 , 1.3017 , 33.2035
1 , -1.2630 , 7.5672 , 6.7529 , -1.5850 , 7.6403 , 5.9400 , 0.5650 , 0.9883 , 0.3978 , 0.3207 , -0.4564 , 0.4902 , -0.6521 , -52.1364 , -9.3010 , 52.9596
10 , -0.2826 , 5.2783 , 8.1242 , -0.6923 , 5.9642 , 7.7537 , -0.1619 , -0.1590 , -0.0735 , -0.0786 , -0.0631 , -0.1403 , -0.7355 , -37.5678 , -4.0482 , 37.7852
6 , 0.0903 , 6.1355 , 7.6753 , -0.3202 , 6.2522 , 7.5483 , -0.1238 , 0.0175 , 0.0070 , 0.0918 , 0.0076 , 0.0159 , -0.7378 , -39.6348 , -1.8710 , 39.6789
2 , 0.3166 , 6.9429 , 8.9478 , -0.6729 , 6.8738 , 6.9620 , 0.2023 , 0.1114 , 0.0725 , 0.1489 , -0.2841 , 0.1618 , -0.7096 , -44.6347 , -3.9347 , 44.8077
6 , 0.0622 , 6.3503 , 8.0248 , -0.2973 , 6.1703 , 7.6164 , -0.5706 , -0.7798 , -0.0990 , -0.5138 , 0.2122 , -0.4812 , -0.7284 , -39.0120 , -1.7372 , 39.0507
7 , -0.9266 , 6.3868 , 8.2523 , -0.8672 , 6.4917 , 7.2991 , 0.0867 , 0.1319 , -0.0157 , 0.3288 , -0.0939 , 0.0123 , -0.7237 , -41.6492 , -5.0733 , 41.9570
10 , -0.3622 , 6.4162 , 8.0733 , -0.9743 , 6.5269 , 7.2540 , 0.0365 , -0.5155 , -0.1509 , -0.4861 , -0.0728 , -0.0370 , -0.7258 , -41.9801 , -5.7017 , 42.3655
4 , -0.6465 , 6.8681 , 8.2894 , -1.7549 , 6.7129 , 6.9302 , 0.1060 , 0.9168 , 0.3194 , 0.6015 , -0.1168 , -0.3308 , -0.6737 , -44.0872 , -10.3088 , 45.2764
3 , 0.1532 , 6.3468 , 8.3001 , -0.8473 , 6.4319 , 7.3541 , -0.0537 , 0.0266 , 0.0453 , -0.0087 , -0.1152 , 0.1889 , -0.7111 , -41.1729 , -4.9567 , 41.4702
1 , -2.5571 , 7.0776 , 6.5039 , -1.3084 , 7.2015 , 6.5266 , 0.3434 , 0.4648 , 0.1730 , -0.0025 , -0.3290 , 0.3971 , -0.6728 , -47.8146 , -7.6670 , 48.4253
9 , 1.8118 , 4.3129 , 9.2991 , 0.1220 , 4.7333 , 8.5879 , -1.0765 , -1.0520 , -0.1973 , -0.5508 , 0.5561 , -0.6802 , -0.7472 , -28.8619 , 0.7127 , 28.8707
9 , 1.8165 , 4.8821 , 8.4121 , 0.5431 , 5.7870 , 7.8985 , -0.4101 , -0.5985 , 0.0526 , -0.6895 , 0.2250 , -0.2089 , -0.7496 , -36.2291 , 3.1749 , 36.3679
8 , -0.3251 , 6.4144 , 8.2840 , -0.1741 , 6.3659 , 7.4575 , 0.4526 , 0.3939 , -0.0372 , 0.5644 , -0.4595 , 0.4689 , -0.7296 , -40.4850 , -1.0172 , 40.4977
9 , 0.9708 , 5.0940 , 8.4869 , 0.1315 , 5.6894 , 7.9865 , -0.3391 , -0.4225 , 0.0227 , -0.2645 , 0.1674 , -0.1255 , -0.7479 , -35.4650 , 0.7685 , 35.4733
6 , -0.0270 , 7.0722 , 7.7543 , 0.0634 , 5.4732 , 8.1370 , 0.0303 , 0.0572 , 0.0022 , 0.0603 , -0.1047 , 0.1370 , -0.7459 , -33.9262 , 0.3704 , 33.9282
2 , -1.0248 , 6.3503 , 6.7038 , -1.1666 , 7.2771 , 6.4695 , 0.6821 , 0.5480 , 0.1270 , 0.6227 , -0.5606 , 0.4713 , -0.6713 , -48.3622 , -6.8321 , 48.8424
9 , 1.8046 , 3.9921 , 8.9861 , -0.1394 , 5.4229 , 8.1696 , -0.6938 , -0.4103 , -0.2064 , -0.2142 , 0.6210 , -0.4296 , -0.7410 , -33.5760 , -0.8145 , 33.5859
8 , 0.0281 , 6.3108 , 9.7061 , -0.5597 , 6.1178 , 7.6440 , -0.0344 , 0.2103 , 0.0865 , 0.2185 , 0.0324 , -0.2550 , -0.7263 , -38.6717 , -3.2717 , 38.8098
1 , -2.0764 , 7.8689 , 5.9472 , -1.2214 , 7.6630 , 5.9964 , 0.6333 , 0.7022 , 0.3630 , 0.0548 , -0.5065 , 0.5341 , -0.6557 , -51.9566 , -7.1545 , 52.4469
10 , -2.3332 , 6.4916 , 8.3708 , -0.8872 , 6.2970 , 7.4653 , -0.4388 , -0.1662 , -0.1254 , 0.4684 , 0.2220 , -0.2529 , -0.7219 , -40.1477 , -5.1907 , 40.4819
1 , -1.8795 , 7.7396 , 6.9193 , -1.6865 , 7.8222 , 5.6692 , 0.5412 , 0.8438 , 0.2542 , -0.0915 , -0.2839 , -0.2158 , -0.6245 , -54.0668 , -9.9028 , 54.9662
5 , -1.2582 , 6.7586 , 7.6459 , -1.2558 , 7.2375 , 6.4971 , -0.4543 , -0.5573 , -0.1613 , -0.1164 , 0.2048 , -0.3456 , -0.6638 , -48.0857 , -7.3571 , 48.6453
6 , -0.0354 , 6.2312 , 7.6513 , -0.7998 , 6.6550 , 7.1583 , -0.1887 , -0.5301 , -0.0550 , -0.3102 , 0.0133 , -0.1047 , -0.7032 , -42.9135 , -4.6783 , 43.1678
6 , -0.1946 , 5.4842 , 7.9027 , -0.3500 , 6.0382 , 7.7193 , -0.1322 , -0.0563 , -0.0201 , 0.0721 , -0.0068 , 0.1283 , -0.7281 , -38.0332 , -2.0452 , 38.0882
9 , 0.3585 , 4.9575 , 9.0543 , -0.1026 , 5.2666 , 8.2718 , -0.3130 , -0.2066 , 0.0028 , -0.2251 , 0.0966 , -0.0639 , -0.7433 , -32.4849 , -0.5995 , 32.4905
6 , 0.8882 , 4.9162 , 7.9284 , 0.0057 , 5.7170 , 7.9678 , 0.2870 , 0.0232 , 0.1319 , 0.0299 , -0.2173 , 0.2400 , -0.7293 , -35.6599 , 0.0333 , 35.6599
10 , 0.0113 , 6.3964 , 8.2349 , -0.1462 , 5.9985 , 7.7568 , -0.0291 , 0.0994 , 0.0641 , -0.0100 , 0.0874 , -0.2612 , -0.7376 , -37.7156 , -0.8543 , 37.7253
7 , -0.5034 , 6.4371 , 9.4787 , -0.3766 , 6.5281 , 7.3084 , 0.3553 , 0.2763 , 0.1495 , -0.0213 , -0.2492 , 0.1199 , -0.7146 , -41.7724 , -2.2011 , 41.8303
8 , 0.5722 , 5.8697 , 8.3486 , -0.9651 , 6.4712 , 7.3049 , -0.0431 , 0.4297 , 0.0187 , 0.1564 , 0.1177 , -0.0129 , -0.7006 , -41.5368 , -5.6479 , 41.9190
5 , 0.7811 , 6.4437 , 8.5988 , -0.3758 , 6.5000 , 7.3334 , 0.0939 , 0.2940 , 0.1073 , 0.2046 , -0.0720 , 0.2233 , -0.7142 , -41.5522 , -2.1959 , 41.6102
4 , -0.7740 , 6.4976 , 6.5099 , -0.7436 , 6.7790 , 7.0472 , 0.0613 , 0.0693 , -0.1169 , 0.0607 , 0.0054 , 0.1140 , -0.7052 , -43.8887 , -4.3488 , 44.1036
7 , -1.4988 , 6.3904 , 8.6030 , -0.7344 , 6.3761 , 7.4146 , -0.1062 , 0.3335 , -0.0528 , -0.0255 , -0.0414 , -0.1327 , -0.7288 , -40.6936 , -4.2948 , 40.9196
10 , -0.7064 , 5.2963 , 9.1417 , -0.7279 , 5.6885 , 7.9549 , -0.3233 , -0.5080 , -0.1807 , -0.1885 , 0.1922 , -0.4453 , -0.7529 , -35.5683 , -4.2568 , 35.8222
1 , -3.3178 , 7.4660 , 5.2206 , -2.2555 , 7.0726 , 6.4080 , 0.6494 , 1.2150 , 0.3769 , 1.0989 , -0.3250 , 0.0626 , -0.6682 , -47.8224 , -13.2968 , 49.6365
6 , -0.2521 , 5.6303 , 7.8434 , -0.3686 , 5.5245 , 8.0941 , -0.3923 , -0.2296 , -0.0900 , 0.2227 , 0.1392 , 0.0292 , -0.7593 , -34.3146 , -2.1541 , 34.3822
4 , -0.9123 , 5.8793 , 7.7986 , -1.5569 , 6.6803 , 7.0086 , 0.5511 , 0.8607 , 0.2121 , 0.8557 , -0.2640 , 0.1806 , -0.7027 , -43.6264 , -9.1347 , 44.5724
3 , -1.2043 , 7.5283 , 6.6050 , -1.0270 , 6.5822 , 7.1966 , 0.2128 , 0.2311 , 0.2426 , -0.0653 , -0.2391 , -0.0900 , -0.7062 , -42.4469 , -6.0115 , 42.8705
2 , -0.1036 , 7.0165 , 6.8421 , -1.1419 , 6.9806 , 6.7925 , -0.0003 , 0.3931 , 0.3332 , -0.0988 , -0.0163 , -0.0956 , -0.6628 , -45.7827 , -6.6866 , 46.2684
2 , -0.4861 , 7.6312 , 6.3704 , -1.2625 , 7.1141 , 6.6307 , 0.0931 , 0.1473 , 0.0462 , 0.2434 , -0.0313 , 0.0601 , -0.6526 , -47.0140 , -7.3965 , 47.5923
1 , -1.9011 , 8.0281 , 8.8777 , -1.9505 , 7.2808 , 6.2734 , 0.1198 , 0.5892 , 0.0189 , 0.8376 , -0.1222 , -0.1327 , -0.6271 , -49.2508 , -11.4727 , 50.5694
2 , -0.6411 , 6.9704 , 8.1583 , -1.2726 , 6.7865 , 6.9638 , 0.1314 , 0.4482 , 0.1385 , 0.4080 , -0.0608 , 0.1339 , -0.6948 , -44.2612 , -7.4565 , 44.8849
1 , -1.5599 , 6.5993 , 8.2738 , -1.9751 , 7.1981 , 6.3606 , 0.2946 , 0.6862 , 0.1221 , 0.7355 , -0.4181 , 0.5183 , -0.6601 , -48.5345 , -11.6193 , 49.9060
10 , -1.1056 , 5.4399 , 8.1200 , -1.2587 , 6.6616 , 7.0858 , -0.3532 , -0.8587 , -0.2867 , -0.7834 , 0.5463 , -0.7720 , -0.7097 , -43.2328 , -7.3743 , 43.8572
1 , -3.4567 , 6.8842 , 5.8844 , -1.4864 , 6.9764 , 6.7298 , 0.2501 , 1.0488 , 0.2456 , 0.9450 , -0.2314 , 0.3132 , -0.6676 , -46.0307 , -8.7177 , 46.8489
10 , -0.4885 , 5.9655 , 7.8447 , -0.3651 , 5.7332 , 7.9478 , -0.5144 , -0.5146 , -0.1180 , 0.0782 , 0.2208 , -0.1806 , -0.7169 , -35.8051 , -2.1338 , 35.8686
10 , -0.5052 , 5.3759 , 7.6573 , -0.7275 , 5.8383 , 7.8457 , -0.1937 , 0.1739 , -0.0716 , 0.3551 , -0.0196 , 0.0640 , -0.7605 , -36.6545 , -4.2544 , 36.9006
3 , -0.4304 , 5.7805 , 7.2569 , -0.5493 , 6.5181 , 7.3064 , 0.3764 , 0.2041 , 0.0723 , 0.4301 , -0.2638 , 0.3763 , -0.7436 , -41.7362 , -3.2108 , 41.8595
4 , -1.4115 , 6.3857 , 6.9570 , -1.6493 , 7.4927 , 6.1081 , 0.4514 , 1.1146 , 0.5231 , 0.7733 , -0.4449 , 0.7982 , -0.6525 , -50.8129 , -9.6823 , 51.7271
9 , 0.2992 , 5.1832 , 8.8550 , 0.2714 , 5.6617 , 8.0026 , -0.1517 , -0.0710 , -0.0661 , 0.3027 , 0.0782 , -0.2918 , -0.7704 , -35.2785 , 1.5858 , 35.3141
6 , 0.1508 , 6.2157 , 7.9285 , 0.2757 , 5.8269 , 7.8830 , 0.1297 , 0.0078 , 0.0072 , 0.1618 , -0.5594 , 0.7750 , -0.7681 , -36.4707 , 1.6112 , 36.5063
2 , 0.2759 , 7.6115 , 5.5450 , -0.3492 , 6.3721 , 7.4462 , 0.3692 , 0.5636 , 0.1787 , 0.2919 , -0.4490 , 0.2373 , -0.7380 , -40.5553 , -2.0406 , 40.6066
4 , -1.5455 , 6.4820 , 8.0912 , -1.4489 , 6.7641 , 6.9511 , 0.0774 , 0.4351 , 0.1149 , 0.3409 , -0.0855 , -0.1180 , -0.6804 , -44.2191 , -8.4965 , 45.0280
4 , -0.7884 , 6.0966 , 7.5651 , -1.3340 , 6.7764 , 6.9622 , 0.0171 , -0.0937 , -0.0058 , -0.1249 , -0.1712 , 0.1767 , -0.6837 , -44.2253 , -7.8181 , 44.9110
9 , -1.1014 , 6.7035 , 7.3413 , 0.0993 , 5.3901 , 8.1919 , -0.5144 , -0.6394 , -0.1050 , -0.2600 , 0.3095 , -0.1833 , -0.7672 , -33.3443 , 0.5802 , 33.3493
10 , 0.7368 , 5.7117 , 7.6693 , -0.6841 , 6.3676 , 7.4267 , 0.0283 , -0.1174 , -0.0684 , -0.1628 , 0.0250 , 0.1526 , -0.7477 , -40.6096 , -3.9999 , 40.8061
1 , -2.1393 , 7.7773 , 6.7457 , -1.4974 , 7.4665 , 6.1790 , 0.4391 , 0.7075 , 0.3650 , 0.5215 , -0.4898 , 0.4137 , -0.6679 , -50.3903 , -8.7827 , 51.1500
3 , 0.6679 , 6.6772 , 8.6808 , -0.6388 , 6.8615 , 6.9772 , -0.1910 , -0.7511 , 0.0020 , -0.1028 , -0.1480 , 0.4208 , -0.7115 , -44.5211 , -3.7348 , 44.6775
4 , -2.1818 , 6.5604 , 7.2174 , -1.5087 , 6.6041 , 7.0909 , 0.0015 , 0.0159 , 0.0898 , 0.1270 , -0.1822 , 0.2290 , -0.7039 , -42.9644 , -8.8497 , 43.8664
1 , -2.0693 , 6.9363 , 6.5224 , -2.2455 , 7.4605 , 5.9556 , 0.3531 , 0.5143 , 0.2554 , 0.3634 , -0.3782 , 0.2070 , -0.6312 , -51.4000 , -13.2371 , 53.0771
6 , -3.3508 , 8.1388 , 7.5567 , -1.9920 , 6.7914 , 6.7881 , 0.0758 , 0.1728 , -0.0862 , 0.0433 , -0.0903 , 0.0602 , -0.7509 , -45.0138 , -11.7200 , 46.5145
3 , -1.9280 , 8.5183 , 5.9867 , -2.1356 , 7.8669 , 5.4518 , -0.1150 , -0.0484 , 0.1108 , -0.1982 , -0.0211 , -0.2355 , -0.7105 , -55.2777 , -12.5782 , 56.6907
1 , -3.0012 , 8.3633 , 5.4606 , -2.7327 , 8.5835 , 3.8763 , 0.3281 , 1.1104 , 0.2379 , 0.3633 , -0.2176 , 0.0388 , -0.6318 , -65.6959 , -16.1803 , 67.6591
7 , -2.7702 , 7.7366 , 6.2633 , -2.3265 , 7.7819 , 5.4955 , -0.2580 , -0.1167 , -0.0382 , 0.0843 , -0.0990 , -0.2569 , -0.7177 , -54.7705 , -13.7235 , 56.4636
5 , -0.9901 , 8.2843 , 4.6502 , -1.8642 , 7.5987 , 5.9123 , 0.1246 , 0.0939 , 0.1689 , -0.3190 , -0.2040 , 0.1865 , -0.7272 , -52.1148 , -10.9586 , 53.2545
7 , -2.3566 , 7.4451 , 5.6935 , -2.7863 , 7.5952 , 5.5426 , 0.0718 , 0.1611 , -0.2453 , 0.1416 , -0.1838 , -0.0007 , -0.7318 , -53.8798 , -16.5064 , 56.3516
6 , 2.2475 , 5.4010 , 7.6549 , -0.0686 , 6.4754 , 7.3645 , -0.2681 , -0.0722 , -0.0383 , 0.3838 , 0.2917 , -0.2923 , -0.7487 , -41.3243 , -0.4008 , 41.3262
5 , -2.1632 , 8.7062 , 6.5997 , -0.1744 , 6.5522 , 7.2945 , 0.2843 , 0.1799 , 0.0143 , 0.3066 , -0.4382 , 0.5261 , -0.7363 , -41.9313 , -1.0191 , 41.9437
2 , -1.4557 , 6.5886 , 6.0747 , -1.4631 , 7.5941 , 6.0299 , 0.3402 , 0.4280 , 0.0197 , 0.7613 , -0.6222 , 1.6524 , -0.6939 , -51.5494 , -8.5800 , 52.2586
1 , -2.5385 , 6.7376 , 7.6423 , -1.5409 , 7.3298 , 6.3301 , 0.6110 , 0.4543 , 0.2030 , 0.0908 , -0.6241 , 1.0553 , -0.6817 , -49.1857 , -9.0401 , 50.0095
3 , -1.1918 , 6.8741 , 6.7583 , -1.5599 , 6.9972 , 6.6915 , -0.3559 , -0.8524 , -0.1354 , -0.2107 , 0.0612 , -0.0964 , -0.6883 , -46.2790 , -9.1528 , 47.1754
7 , -1.9454 , 6.5395 , 7.3993 , -1.4764 , 6.9821 , 6.7262 , 0.2065 , 0.1139 , -0.0259 , 0.2767 , -0.1890 , 0.3723 , -0.6907 , -46.0694 , -8.6589 , 46.8761
4 , -1.3654 , 6.0014 , 9.4314 , -1.8176 , 6.2323 , 7.3501 , 0.2320 , 0.1511 , 0.0773 , 0.0570 , -0.3119 , 0.5346 , -0.7034 , -40.2953 , -10.6812 , 41.6869
8 , -2.4308 , 5.7727 , 9.2165 , -1.5409 , 5.7748 , 7.7748 , -0.3096 , -0.7644 , -0.2532 , -0.3293 , 0.2610 , -0.3492 , -0.7263 , -36.6036 , -9.0405 , 37.7035
7 , -1.3863 , 6.2151 , 8.3301 , -2.0793 , 6.2401 , 7.2738 , 0.2097 , 0.5424 , 0.0025 , 0.0565 , -0.2740 , -0.0833 , -0.6964 , -40.6256 , -12.2413 , 42.4298
9 , 0.3728 , 4.6169 , 8.7904 , -0.1711 , 4.7560 , 8.5745 , -0.7267 , -0.6039 , -0.1636 , -0.1614 , 0.4458 , -0.1408 , -0.7554 , -29.0158 , -0.9999 , 29.0330
4 , -2.5170 , 5.2861 , 8.8269 , -1.9142 , 5.8403 , 7.6418 , 0.3433 , 0.8788 , 0.1526 , 0.8080 , -0.1153 , 0.0207 , -0.7093 , -37.3895 , -11.2559 , 39.0470
1 , -3.5327 , 6.2701 , 8.0978 , -2.9567 , 6.3407 , 6.8720 , 0.3090 , 0.9850 , -0.0083 , 0.8890 , -0.1682 , -0.1361 , -0.6737 , -42.6974 , -17.5478 , 46.1626
8 , -0.9536 , 4.6301 , 8.0128 , -1.3192 , 5.4059 , 8.0751 , -0.3281 , -0.7314 , -0.2210 , 0.3409 , -0.1418 , -0.1185 , -0.7412 , -33.8004 , -7.7311 , 34.6733
7 , -0.6710 , 6.3366 , 6.9881 , -1.4279 , 5.9554 , 7.6593 , 0.1652 , 0.0752 , 0.0387 , -0.0531 , -0.1892 , 0.2727 , -0.7198 , -37.8667 , -8.3726 , 38.7813
3 , 0.3046 , 5.4202 , 8.5575 , -1.2197 , 6.1432 , 7.5461 , 0.0688 , 0.0888 , 0.0590 , 0.1344 , -0.5217 , 0.8670 , -0.7012 , -39.1490 , -7.1449 , 39.7956
2 , -2.5295 , 6.7191 , 6.1884 , -1.3886 , 6.1963 , 7.4731 , 0.2444 , 0.1671 , 0.0734 , 0.2092 , -0.2955 , 0.4465 , -0.6893 , -39.6638 , -8.1403 , 40.4906
7 , -2.4505 , 5.3645 , 9.3991 , -2.1255 , 5.9264 , 7.5186 , -0.1200 , 0.0341 , -0.4358 , 0.6341 , 0.1009 , 0.2428 , -0.7104 , -38.2464 , -12.5178 , 40.2428
10 , -1.2702 , 4.7109 , 8.9657 , -1.7447 , 4.7848 , 8.3805 , -0.0504 , -0.1985 , -0.1521 , 0.3652 , -0.0656 , -0.2909 , -0.7384 , -29.7242 , -10.2478 , 31.4411
2 , -1.5862 , 5.6889 , 9.4505 , -2.6599 , 5.9820 , 7.3014 , 0.6962 , 0.7545 , 0.1806 , 0.5284 , -0.5852 , 0.7373 , -0.6937 , -39.3276 , -15.7380 , 42.3597
10 , -1.2534 , 4.7378 , 8.0721 , -1.7239 , 4.5799 , 8.4984 , -0.0349 , 0.0286 , -0.1014 , 0.2920 , -0.2965 , 0.2662 , -0.7495 , -28.3209 , -10.1244 , 30.0762
5 , -0.6746 , 3.8490 , 9.1333 , -1.8998 , 4.8315 , 8.3197 , 0.0439 , 0.1580 , 0.0229 , 0.1365 , -0.1100 , 0.0124 , -0.7127 , -30.1448 , -11.1703 , 32.1479
9 , 0.5183 , 5.0904 , 8.4264 , -0.1438 , 5.0296 , 8.4174 , 0.0287 , -0.2737 , -0.0628 , -0.1832 , -0.1183 , -0.4085 , -0.7448 , -30.8591 , -0.8404 , 30.8706
1 , -2.4900 , 6.9477 , 8.0410 , -1.7302 , 7.5170 , 6.0556 , 0.1539 , 1.3556 , 0.3090 , 0.9657 , 0.2081 , 0.0238 , -0.6412 , -51.1454 , -10.1621 , 52.1452
3 , -0.0336 , 6.3569 , 6.3704 , -0.6967 , 6.7103 , 7.1173 , 0.0647 , 0.1332 , 0.0300 , 0.0758 , -0.1829 , -0.0005 , -0.7213 , -43.3140 , -4.0738 , 43.5052
8 , -2.4703 , 6.8962 , 7.4089 , -1.3662 , 6.3532 , 7.3444 , -0.3565 , -0.0551 , -0.3229 , 0.1130 , 0.2623 , 0.1518 , -0.7470 , -40.8611 , -8.0081 , 41.6384
6 , 0.9307 , 6.6682 , 8.6389 , -0.2863 , 6.1993 , 7.5932 , -0.6246 , -0.0352 , -0.0048 , -0.2381 , 0.5313 , -0.3666 , -0.7746 , -39.2293 , -1.6729 , 39.2650
3 , 0.9331 , 6.6125 , 8.5785 , -0.3652 , 6.8035 , 7.0533 , 0.3518 , 0.3685 , 0.2454 , 0.1651 , -0.1097 , -0.1018 , -0.7377 , -43.9670 , -2.1344 , 44.0188
3 , -0.3353 , 7.5702 , 7.3287 , -0.3652 , 6.8035 , 7.0533 , 0.3518 , 0.3685 , 0.2454 , 0.1651 , -0.1097 , -0.1018 , -0.7377 , -43.9670 , -2.1344 , 44.0188
9 , 0.4908 , 4.3566 , 8.9268 , -0.2147 , 4.8308 , 8.5315 , -0.3678 , 0.0200 , 0.0960 , 0.0621 , 0.1013 , -0.2306 , -0.7680 , -29.5200 , -1.2545 , 29.5466
5 , -1.6604 , 6.0690 , 9.0346 , -1.3636 , 6.2760 , 7.4110 , -0.0215 , 0.3156 , -0.0479 , 0.3511 , -0.2145 , 0.0492 , -0.7387 , -40.2599 , -7.9929 , 41.0456
8 , -0.7884 , 5.2029 , 8.2205 , -0.9525 , 6.0737 , 7.6402 , 0.0524 , -0.0838 , -0.0761 , 0.3167 , 0.0978 , 0.1592 , -0.7524 , -38.4837 , -5.5736 , 38.8852
8 , -1.3193 , 5.4711 , 8.8370 , -1.0531 , 5.8879 , 7.7714 , -0.0214 , 0.1324 , -0.0579 , 0.1038 , -0.0636 , 0.0937 , -0.7553 , -37.1487 , -6.1644 , 37.6567
6 , -0.4023 , 5.9583 , 8.0045 , -0.6690 , 5.9144 , 7.7938 , -0.1037 , -0.0051 , 0.0748 , -0.0746 , 0.0348 , -0.1528 , -0.7403 , -37.1932 , -3.9119 , 37.3984
6 , -0.3107 , 5.2604 , 8.4432 , -0.7481 , 5.8035 , 7.8696 , -0.0727 , 0.0714 , 0.0184 , 0.2078 , -0.0489 , -0.0414 , -0.7379 , -36.4070 , -4.3751 , 36.6690
2 , -0.5268 , 6.4724 , 8.7203 , -1.2108 , 7.0146 , 6.7454 , 0.7582 , 0.4285 , 0.0664 , 0.3947 , -0.5402 , 0.5755 , -0.7152 , -46.1209 , -7.0922 , 46.6630
6 , -1.4671 , 6.7538 , 7.8039 , -1.1426 , 6.4100 , 7.3332 , -0.2354 , -0.1555 , 0.0390 , -0.1010 , 0.1062 , -0.1750 , -0.7258 , -41.1570 , -6.6911 , 41.6973
4 , -0.8147 , 7.1362 , 8.2092 , -1.5353 , 7.0232 , 6.6699 , 0.0055 , 1.0856 , 0.2629 , 0.6030 , -0.1266 , -0.0758 , -0.6746 , -46.4777 , -9.0074 , 47.3425
4 , -1.3043 , 6.6251 , 6.9785 , -1.7653 , 6.9477 , 6.6920 , -0.0549 , 0.1947 , 0.0115 , 0.1818 , -0.0166 , 0.2562 , -0.6678 , -46.0738 , -10.3704 , 47.2265
6 , -1.6473 , 7.8958 , 6.1944 , 0.0301 , 6.0075 , 7.7511 , -0.6598 , -1.3878 , -0.1267 , -1.1023 , 0.6057 , -0.6833 , -0.7249 , -37.7777 , 0.1761 , 37.7781
6 , -0.1210 , 5.2855 , 8.1876 , -0.7189 , 5.5818 , 8.0310 , -0.3403 , -0.0304 , -0.0041 , -0.0417 , 0.1775 , 0.0804 , -0.7237 , -34.8002 , -4.2040 , 35.0532
5 , -0.5968 , 6.2582 , 8.3019 , -1.2198 , 5.9857 , 7.6716 , 0.2594 , 0.3661 , 0.0453 , 0.4374 , -0.3585 , -0.0204 , -0.7083 , -37.9629 , -7.1453 , 38.6295
1 , -1.9681 , 7.2272 , 6.3010 , -1.5163 , 7.0551 , 6.6405 , 0.7107 , 0.5552 , 0.3593 , 0.4756 , -0.7825 , 0.9928 , -0.6583 , -46.7337 , -8.8944 , 47.5726
8 , -1.2151 , 4.8414 , 8.9544 , -1.2087 , 5.2328 , 8.2053 , 0.2103 , 0.1476 , -0.1536 , 0.5540 , -0.1816 , 0.0253 , -0.7488 , -32.5267 , -7.0800 , 33.2883
3 , -1.4204 , 6.5874 , 8.1361 , -1.3064 , 6.2890 , 7.4103 , 0.3068 , 0.1211 , 0.1834 , 0.0068 , -0.5368 , 0.4301 , -0.7090 , -40.3207 , -7.6554 , 41.0410
2 , -2.7618 , 7.7138 , 7.0126 , -1.7147 , 6.4037 , 7.2265 , 0.0784 , 0.1254 , -0.0326 , 0.3227 , -0.0746 , 0.2793 , -0.6967 , -41.5453 , -10.0701 , 42.7483
6 , -1.0846 , 6.4904 , 8.2810 , -1.6881 , 6.1055 , 7.4862 , -0.0856 , -0.0862 , -0.0783 , -0.0220 , 0.1090 , 0.0139 , -0.7118 , -39.1994 , -9.9120 , 40.4332
3 , -1.9394 , 6.2372 , 9.0884 , -1.7370 , 5.7351 , 7.7629 , 0.3225 , 0.3489 , 0.1647 , 0.3664 , -0.5004 , 0.3814 , -0.7357 , -36.4562 , -10.2021 , 37.8568
1 , -2.5337 , 6.5826 , 6.2537 , -2.6751 , 6.8550 , 6.4826 , 0.5356 , 0.4798 , 0.1230 , 0.0896 , -0.2286 , 0.2385 , -0.6987 , -46.5994 , -15.8301 , 49.2148
1 , -3.2981 , 6.4491 , 7.4993 , -3.0705 , 6.8041 , 6.3598 , -0.0220 , 0.0425 , 0.0429 , -0.0505 , -0.0180 , 0.2457 , -0.6663 , -46.9332 , -18.2462 , 50.3553
10 , -1.4456 , 5.3825 , 7.8931 , -2.0119 , 5.3050 , 7.9987 , -0.0720 , 0.0951 , -0.0370 , 0.3203 , -0.0236 , -0.0389 , -0.7884 , -33.5533 , -11.8386 , 35.5806
2 , -2.3949 , 5.7344 , 6.7744 , -3.0118 , 6.7275 , 6.4683 , 0.6058 , 0.8431 , 0.2502 , 0.3758 , -0.3284 , 0.1218 , -0.7145 , -46.1252 , -17.8859 , 49.4716
10 , -1.7903 , 5.0778 , 8.4827 , -1.7420 , 5.1707 , 8.1486 , -0.1234 , 0.1133 , -0.1912 , 0.4178 , -0.1658 , 0.1037 , -0.7746 , -32.3974 , -10.2322 , 33.9748
7 , -0.5555 , 5.2215 , 5.3409 , -2.1427 , 5.8611 , 7.5649 , 0.3662 , 0.5654 , 0.3101 , 0.5679 , -0.3043 , 0.5377 , -0.7394 , -37.7676 , -12.6204 , 39.8204
5 , -1.5838 , 5.7829 , 8.6246 , -1.5481 , 6.0718 , 7.5437 , 0.2298 , 0.3838 , 0.1071 , 0.6497 , -0.2467 , 0.3821 , -0.7529 , -38.8300 , -9.0829 , 39.8782