3 , 0.3711 , 5.0410 , 7.8973 , -0.7261 , 3.8484 , 8.9907 , -0.1427 , 0.2642 , 0.0224 , 1.0972 , 1.1926 , -1.0934 , 0.9394 , -23.1058 , -4.6176 , 23.5626
8 , 0.6776 , 4.9835 , 7.9799 , -0.6352 , 3.6375 , 9.0849 , -0.4453 , -0.3846 , -0.1651 , 1.3127 , 1.3460 , -1.1050 , 0.9374 , -21.7727 , -3.9992 , 22.1370
6 , 0.5028 , 4.5466 , 12.0919 , 0.0353 , 2.4716 , 9.4900 , 0.3569 , 0.2653 , -0.1087 , 0.4675 , 2.0750 , 2.6019 , 0.9452 , -14.5977 , 0.2129 , 14.5993
5 , 1.5945 , 5.3774 , 8.3534 , 0.3152 , 3.5351 , 9.1419 , 0.2237 , 0.3441 , 0.1981 , 1.2793 , 1.8422 , -0.7885 , 0.9103 , -21.1299 , 1.9749 , 21.2220
3 , 1.4880 , 5.7820 , 9.9874 , -0.1518 , 3.9394 , 8.9793 , 0.0874 , 0.3643 , 0.2929 , 1.6398 , 1.8426 , 1.0081 , 0.9159 , -23.6851 , -0.9683 , 23.7048
2 , -2.1057 , 4.0223 , 3.5027 , -0.7318 , 4.7447 , 8.5512 , 0.6999 , 0.1811 , -0.1523 , -1.3739 , -0.7224 , -5.0485 , 0.9231 , -28.9354 , -4.8911 , 29.3458
10 , -0.0646 , 3.9528 , 7.2496 , -1.6683 , 5.3128 , 8.0722 , -0.2152 , -0.0522 , 0.2365 , 1.6036 , -1.3600 , -0.8226 , 0.8282 , -32.8034 , -11.6767 , 34.8196
9 , 2.0566 , 6.3710 , 8.5545 , -1.2978 , 5.0188 , 8.3245 , -0.3292 , 0.0341 , 0.6232 , 3.3545 , 1.3522 , 0.2300 , 0.8454 , -30.7822 , -8.8614 , 32.0323
4 , -0.2550 , 4.9333 , 6.5386 , -1.4369 , 5.7517 , 7.8118 , -0.0128 , 1.4456 , 0.8330 , 1.1819 , -0.8184 , -1.2732 , 0.8570 , -35.9097 , -10.4224 , 37.3917
4 , -1.4329 , 3.9504 , 7.3167 , -1.5004 , 4.5264 , 8.5692 , -0.1193 , 0.0810 , 0.5071 , 0.0674 , -0.5760 , -1.2525 , 0.8878 , -27.4882 , -9.9312 , 29.2272
3 , 0.3974 , 5.1775 , 12.0440 , -1.2191 , 3.5014 , 9.0788 , -0.1406 , -0.2695 , 0.0405 , 1.6166 , 1.6761 , 2.9652 , 0.9423 , -20.9187 , -7.6482 , 22.2730
10 , 0.5997 , 4.5921 , 10.7476 , 0.4275 , 3.2259 , 9.2510 , -0.8405 , 0.2748 , -0.6914 , 0.1723 , 1.3662 , 1.4966 , 0.8707 , -19.2051 , 2.6456 , 19.3865
10 , 2.2817 , 4.8997 , 9.6965 , 0.3084 , 2.9900 , 9.3346 , -0.5220 , 0.0948 , 0.2653 , 1.9733 , 1.9097 , 0.3619 , 0.8781 , -17.7518 , 1.8921 , 17.8523
8 , 0.2634 , 4.7369 , 8.7029 , -0.0906 , 2.5683 , 9.4639 , -0.3068 , 0.0703 , -0.1236 , 0.3540 , 2.1686 , -0.7610 , 0.9096 , -15.1827 , -0.5488 , 15.1926
4 , -0.3388 , 5.3666 , 5.2122 , -0.2780 , 2.0258 , 9.5911 , 0.2525 , 1.1089 , 1.1111 , -0.0608 , 3.3408 , -4.3789 , 0.9081 , -11.9215 , -1.6603 , 12.0366
1 , 2.4098 , 8.7987 , 5.8035 , -0.1489 , 5.7904 , 7.9133 , -0.3654 , -0.8543 , 0.0714 , 1.8404 , 2.0626 , -5.2952 , 0.9144 , -36.1892 , -1.0779 , 36.2052
6 , 1.5227 , 6.9887 , 6.1675 , 2.7310 , 4.2527 , 8.4040 , 0.0011 , -0.2780 , -0.0202 , -2.1169 , 3.2555 , -2.5633 , 0.9098 , -25.6997 , 18.0023 , 31.3777
6 , 1.6879 , 6.7313 , 6.4799 , 3.1376 , 4.3230 , 8.2242 , -0.1577 , -0.0820 , 0.0256 , -2.2865 , 2.8667 , -1.5240 , 0.9022 , -26.1567 , 20.8823 , 33.4700
3 , 1.3515 , 7.0066 , 6.4428 , 3.3795 , 4.6708 , 7.9331 , -0.4613 , -0.2248 , -0.0948 , -1.9178 , 3.6036 , -1.2101 , 0.8844 , -28.4430 , 23.0742 , 36.6254
6 , 1.8304 , 6.8702 , 6.6643 , 3.6115 , 4.0725 , 8.1573 , 0.0298 , -0.0522 , -0.0948 , -3.2392 , 2.6732 , -1.2453 , 0.8808 , -24.5370 , 23.8805 , 34.2395
4 , 1.9058 , 8.0278 , 6.2752 , 3.5075 , 4.7824 , 7.8100 , 0.2887 , 0.3579 , 0.4655 , -2.6683 , 2.7246 , -2.8672 , 0.8690 , -29.1878 , 24.1848 , 37.9056
5 , 1.7238 , 4.9787 , 8.1032 , 4.0843 , 4.9426 , 7.4202 , 0.1619 , 0.1193 , 0.2727 , -4.1884 , -0.2104 , 0.3035 , 0.8569 , -30.2652 , 28.8294 , 41.7985
5 , 0.7530 , 4.9656 , 8.3965 , 4.1355 , 5.0054 , 7.3494 , -0.7904 , -0.5731 , 0.0660 , -3.1766 , 0.3541 , 4.3726 , 0.8673 , -30.6908 , 29.3664 , 42.4772
2 , 0.6081 , 5.3654 , 8.2863 , 4.9704 , 3.8418 , 7.5304 , 0.5806 , 1.1952 , 0.4378 , -3.8247 , 1.7630 , -0.9978 , 0.8606 , -23.0636 , 33.4265 , 40.6111
5 , 5.6204 , 5.3463 , 9.3541 , -0.1273 , 4.3235 , 8.8012 , 0.4655 , 2.1295 , -1.1814 , 5.7477 , 1.0228 , 0.5529 , 0.9389 , -26.1594 , -0.8289 , 26.1725
8 , 1.4186 , 4.5633 , 4.0701 , -4.1945 , 4.5231 , 7.6236 , 1.0152 , 0.4581 , -0.2546 , 5.6131 , 0.0403 , -3.5534 , 0.8974 , -27.4661 , -28.8197 , 39.8115
10 , 0.4764 , 4.1108 , 5.6216 , -4.9951 , 5.6838 , 6.2381 , -0.1427 , 0.1779 , 0.3569 , 5.5505 , -1.2701 , 2.1883 , 0.8499 , -35.4213 , -38.6853 , 52.4521
6 , 0.9242 , 4.9740 , 10.6841 , -1.1023 , 7.0545 , 6.7223 , -0.0778 , 0.7798 , 0.1001 , 2.2958 , -3.0178 , 1.3006 , -0.8892 , -46.0012 , -9.3125 , 46.9343
6 , 0.3831 , 3.2585 , 9.1231 , -1.9470 , 6.9383 , 6.6513 , 0.1587 , 0.6147 , -0.2173 , 2.6963 , -2.7113 , 1.1466 , -0.8762 , -45.0326 , -16.3157 , 47.8971
4 , 0.6979 , 4.8842 , 8.0673 , -0.2175 , 5.2561 , 8.2763 , 0.2898 , -0.2535 , 0.3569 , 0.6772 , 0.0291 , -1.0230 , -0.8691 , -32.4097 , -1.5055 , 32.4447
1 , -0.0156 , 5.0159 , 8.0565 , -0.3550 , 5.8836 , 7.8375 , -0.1087 , -0.1960 , -0.3782 , 0.1994 , -0.2920 , -1.1062 , -0.8326 , -36.8673 , -2.5937 , 36.9584
10 , 0.3496 , 3.0813 , 12.8988 , -0.6619 , 5.3401 , 8.1985 , 0.4432 , 0.0277 , -0.2653 , 1.3778 , -1.2137 , -0.1827 , -0.9152 , -32.9932 , -4.6160 , 33.3146
5 , 1.6867 , 5.7150 , 11.6167 , 0.4853 , 6.0680 , 7.6886 , 0.0586 , 0.4293 , 0.1087 , 1.1248 , -1.0785 , 1.9385 , -0.8475 , -38.2260 , 3.6116 , 38.3962
6 , 0.7889 , 4.9392 , 12.0668 , 0.8413 , 4.9726 , 8.4105 , -0.0884 , 0.2599 , -0.0437 , 0.3462 , -0.6127 , -0.1780 , -0.8675 , -30.4682 , 5.7124 , 30.9991
9 , 1.2318 , 4.3191 , 5.5641 , 0.2435 , 6.4385 , 7.3930 , -0.0373 , 0.0692 , 0.1321 , 0.8770 , -1.6801 , 0.2158 , -0.8537 , -41.0371 , 1.8867 , 41.0805
8 , 0.2239 , 4.1911 , 11.0301 , 0.7318 , 5.5551 , 8.0484 , -0.3217 , 0.3601 , 0.2450 , 0.0092 , -1.5532 , -0.2612 , -0.8437 , -34.5036 , 5.1957 , 34.8926
6 , 2.1967 , 5.4013 , 10.9439 , 0.4017 , 4.9829 , 8.4368 , -0.0639 , 0.1523 , 0.2003 , 0.8277 , 0.0091 , 0.2026 , -0.8369 , -30.5380 , 2.7263 , 30.6594
4 , -3.8930 , 2.6181 , 7.3119 , 0.3702 , 5.5326 , 8.0885 , -0.6551 , -0.5689 , 0.1236 , 2.2610 , 1.3783 , 1.5470 , -0.8028 , -34.3446 , 2.6206 , 34.4444
3 , -0.3711 , 5.2014 , 8.3222 , 1.5113 , 6.1065 , 7.5231 , -0.4336 , -0.6732 , -0.1225 , 0.9117 , -0.0983 , -0.8253 , -0.8236 , -38.5131 , 11.3587 , 40.1532
7 , 2.4098 , 6.4763 , 11.0325 , 2.3518 , 5.4702 , 7.7921 , 0.0320 , -0.2514 , -0.5092 , -2.5098 , -1.5461 , 2.0601 , -0.8476 , -33.9041 , 16.7947 , 37.8358
7 , -0.6057 , 5.3307 , 9.8857 , 2.1306 , 5.7436 , 7.6578 , 0.2461 , 0.3079 , 0.3174 , -2.2479 , -1.4879 , -1.0881 , -0.8678 , -35.8516 , 15.5477 , 39.0777
6 , -0.0790 , 4.4269 , 9.8869 , 2.6922 , 4.6252 , 8.2177 , -0.2525 , 0.1917 , 0.0639 , -1.4783 , 0.4110 , 0.6947 , -0.8841 , -28.1405 , 18.1393 , 33.4802
6 , 2.0901 , 6.3410 , 12.6988 , 2.3876 , 4.1898 , 8.5390 , -0.6115 , 0.2482 , 0.2514 , -1.4658 , 0.4262 , -0.6226 , -0.8893 , -25.2927 , 15.6215 , 29.7279
2 , 1.9980 , 6.9743 , 12.0692 , 0.2758 , 4.8551 , 8.5160 , -0.1044 , -0.0266 , -0.1417 , 1.7221 , 2.1192 , 3.5532 , -0.8676 , -29.6750 , 1.8551 , 29.7329
7 , -0.2023 , 5.1487 , 9.1626 , 0.1987 , 4.6841 , 8.6134 , -0.4900 , 0.5710 , 0.5348 , 0.2275 , -1.5441 , 1.3633 , -0.8762 , -28.5315 , 1.3212 , 28.5621
8 , 1.9884 , 4.1288 , 10.9930 , -0.3160 , 3.8471 , 9.0150 , -1.4221 , 0.3707 , -0.0383 , 0.8523 , 0.3009 , -1.7355 , -0.8557 , -23.0971 , -2.0078 , 23.1842
5 , 0.4561 , 5.6024 , 7.5369 , 0.0548 , 1.6847 , 9.6607 , 0.0202 , -0.0426 , 0.2653 , 0.2086 , 3.5467 , 0.5601 , -0.8722 , -9.8919 , 0.3247 , 9.8972
1 , -0.9481 , 6.1507 , 8.7364 , 0.2306 , 1.8081 , 9.6358 , -0.1843 , 1.6096 , 0.6445 , -0.6783 , 4.2924 , -0.9616 , -0.8587 , -10.6244 , 1.3711 , 10.7125
9 , 0.9768 , 5.3678 , 10.7500 , -0.1989 , 1.2559 , 9.7239 , -0.7585 , -0.2429 , 0.2013 , 0.9627 , 2.2408 , 1.3062 , -0.8505 , -7.3578 , -1.1719 , 7.4505
8 , -0.1041 , 4.3239 , 9.7456 , -0.5825 , 0.6917 , 9.7649 , -0.1353 , 0.0021 , -0.0298 , 1.0110 , 4.4762 , -1.5743 , -0.7981 , -4.0446 , -3.4136 , 5.2926
5 , -0.3436 , 5.3175 , 9.3434 , -0.5879 , 0.5231 , 9.7750 , 0.8927 , -0.0170 , 0.4123 , 0.9135 , 4.9094 , -2.6116 , -0.7997 , -3.0575 , -3.4416 , 4.6036
7 , -0.3891 , 5.2780 , 9.1806 , -0.4662 , 2.4202 , 9.4919 , -0.5177 , 0.8224 , 0.0096 , -0.5238 , 3.1846 , 0.9840 , -0.7651 , -14.2880 , -2.8116 , 14.5620
6 , 0.6333 , 5.1691 , 11.4227 , -1.2406 , 2.0779 , 9.5033 , -0.0096 , -0.0192 , 0.0053 , 1.3722 , 2.8290 , -1.3583 , -0.7692 , -12.2331 , -7.4373 , 14.3165
5 , 0.1592 , 5.8035 , 10.7356 , -1.8397 , 2.8247 , 9.2091 , -0.1417 , 0.1587 , -0.4037 , 1.9989 , 2.9789 , 1.5265 , -0.7549 , -16.7405 , -11.2970 , 20.1957
6 , 0.2167 , 4.8638 , 10.8577 , -2.2913 , 2.4578 , 9.2130 , 0.1140 , -0.3025 , -0.0288 , 2.5080 , 2.4060 , 1.6447 , -0.7771 , -14.5147 , -13.9663 , 20.1428
7 , -0.4513 , 5.2517 , 9.1315 , -2.3427 , 4.2364 , 8.5285 , -0.0511 , -0.0831 , 0.2131 , 3.8200 , 1.7886 , 0.4761 , -0.7507 , -25.5942 , -15.3601 , 29.8495
4 , -1.6185 , 6.6571 , 7.9057 , -2.0000 , 4.2465 , 8.6103 , -0.2866 , 0.1864 , 0.0011 , 1.8061 , 1.0543 , 1.4932 , -0.7399 , -25.6594 , -13.0767 , 28.7994
1 , -2.8695 , 5.5797 , 8.0170 , -1.4405 , 3.3044 , 9.1201 , -0.0309 , 0.4687 , 0.1161 , 0.9952 , 1.5642 , -0.5596 , -0.7340 , -19.6917 , -8.9757 , 21.6408
9 , -0.3603 , 3.7529 , 10.0868 , 1.6307 , 3.3179 , 9.0831 , 0.1332 , 0.9225 , 0.0330 , -1.5589 , 0.3344 , -0.7297 , -0.7717 , -19.7754 , 10.1783 , 22.2410
8 , 0.4812 , 4.1156 , 10.3501 , -0.0305 , 3.3542 , 9.2152 , 0.4069 , -0.1417 , -0.5401 , 0.5117 , 0.7615 , 1.1350 , -0.7382 , -20.0006 , -0.1894 , 20.0015
6 , 0.2059 , 4.1791 , 12.8066 , -0.1248 , 4.3062 , 8.8098 , -0.1843 , -0.5412 , -0.1374 , -0.0452 , 0.0932 , 2.8680 , -0.7523 , -26.0468 , -0.8118 , 26.0595
1 , -1.7729 , 6.3255 , 6.7912 , 0.7185 , 4.0003 , 8.9248 , 0.4708 , 1.0429 , 0.4890 , -0.7185 , 1.6141 , -0.4481 , -0.7706 , -24.0743 , 4.6027 , 24.5103
8 , 0.7326 , 5.1882 , 11.8800 , 0.9952 , 3.0750 , 9.2587 , -0.4272 , -0.4091 , -0.0959 , -0.9832 , 2.5489 , 1.0962 , -0.7965 , -18.2744 , 6.1348 , 19.2766
7 , -1.3144 , 4.9464 , 8.8789 , 0.9847 , 4.0981 , 8.8547 , 0.0810 , 0.0479 , 0.0266 , -0.8088 , 1.3152 , -0.7312 , -0.7750 , -24.7014 , 6.3459 , 25.5036
2 , -0.7925 , 6.1471 , 7.0785 , 2.0531 , 5.8137 , 7.6260 , -1.0354 , 0.0692 , 0.7478 , -1.8639 , 0.6435 , -4.5746 , -0.7405 , -36.3583 , 15.0679 , 39.3569
7 , 0.2119 , 5.4516 , 6.2704 , 2.6018 , 3.8335 , 8.6432 , -1.1196 , -0.0618 , -0.3963 , -3.1704 , -0.5870 , 2.2899 , -0.7234 , -23.0111 , 16.7527 , 28.4634
7 , -0.7697 , 4.1958 , 6.5924 , 2.2423 , 1.9880 , 9.3376 , -0.2653 , 0.6626 , -0.0948 , -2.7236 , 2.8794 , 1.5573 , -0.8478 , -11.6961 , 13.5035 , 17.8646
5 , -0.4250 , 4.2401 , 7.9631 , 0.9408 , 1.6051 , 9.6285 , -0.0394 , 0.4655 , -0.1438 , -1.1287 , 3.7028 , 1.9726 , -0.8572 , -9.4204 , 5.5804 , 10.9492
1 , -1.0774 , 5.2984 , 7.2796 , -0.0041 , 1.6310 , 9.6701 , -0.5475 , 1.0749 , 0.1225 , 0.9079 , 5.2943 , -0.5326 , -0.8635 , -9.5735 , -0.0242 , 9.5735
10 , -0.7709 , 3.1903 , 9.8414 , 0.3238 , 2.6641 , 9.4323 , -0.0085 , -0.1129 , -0.0820 , -0.2675 , 2.0093 , -1.4309 , -0.8947 , -15.7635 , 1.9660 , 15.8856
3 , -0.6369 , 5.3044 , 7.1419 , 1.0882 , 4.3554 , 8.7188 , 0.3665 , -0.2684 , -0.3995 , -1.7250 , 0.9490 , -1.5769 , -0.8366 , -26.3675 , 7.1141 , 27.3103
3 , -0.3136 , 5.0470 , 7.2173 , 0.9017 , 5.6251 , 7.9822 , 0.7329 , -0.0959 , 0.0660 , -0.8874 , -0.8750 , 3.5232 , -0.8324 , -35.0019 , 6.4454 , 35.5904
4 , -0.6369 , 4.9249 , 10.1311 , 1.0896 , 6.6428 , 7.1314 , -0.0554 , 0.6370 , 0.2834 , -1.1410 , -1.3001 , 1.5380 , -0.8091 , -42.6387 , 8.6867 , 43.5146
9 , 0.2658 , 3.0538 , 10.0796 , 1.0454 , 7.1974 , 6.5784 , 1.2389 , 0.2109 , -0.4048 , -0.7796 , -4.1436 , 3.5012 , -0.8296 , -47.2169 , 9.0293 , 48.0725
8 , 0.5255 , 4.5382 , 9.6917 , 0.9389 , 8.5307 , 4.7450 , 0.0181 , -0.2205 , -0.0341 , -0.8982 , -3.1785 , 2.9835 , -0.7713 , -60.4462 , 6.2810 , 60.7717
8 , -0.0060 , 4.2114 , 10.1191 , 1.0790 , 8.4971 , 4.7755 , -0.3324 , -0.0117 , -0.0256 , -0.6085 , -3.5172 , 5.0766 , -0.7782 , -60.0501 , 7.2367 , 60.4846
6 , 0.1401 , 4.3886 , 8.1295 , 1.0319 , 8.1056 , 5.4226 , -0.6008 , -0.2684 , 0.0149 , 0.0072 , -3.0311 , 5.9893 , -0.7975 , -55.7448 , 7.2551 , 56.2150
8 , 0.2777 , 4.3000 , 12.3481 , 0.8064 , 5.2631 , 8.2353 , -0.1161 , 0.7127 , -0.0543 , -0.5286 , -0.9631 , 4.1128 , -0.8764 , -32.4582 , 5.5924 , 32.9364
7 , 1.5143 , 6.9647 , 12.3493 , -0.3430 , 5.1959 , 8.3099 , 0.5103 , 0.5433 , 0.2653 , 0.7667 , 0.2664 , -0.3959 , -0.8717 , -31.9945 , -2.3633 , 32.0816
4 , -0.5052 , 5.4648 , 12.2116 , -0.9456 , 6.8123 , 6.9906 , -0.1566 , 1.2996 , 0.2887 , 0.4404 , -1.3475 , 5.2210 , -0.8253 , -44.0004 , -7.7034 , 44.6696
5 , 0.5495 , 5.9472 , 9.9036 , -1.5475 , 6.8611 , 6.8338 , 0.0075 , 0.0607 , 0.1459 , 1.9234 , -1.2228 , -0.8782 , -0.8045 , -44.3982 , -12.7598 , 46.1954
8 , 0.3723 , 4.8351 , 10.5417 , -1.3923 , 6.8844 , 6.8437 , -0.4410 , -0.4953 , -0.5774 , 1.7035 , -2.1990 , 0.9602 , -0.7967 , -44.5892 , -11.4991 , 46.0480
2 , -0.7781 , 4.8758 , 7.5046 , -1.6790 , 6.6600 , 6.9997 , -0.2482 , 0.5635 , 0.8107 , 1.0517 , -0.8098 , -5.8612 , -0.8276 , -42.7760 , -13.4888 , 44.8523
1 , 0.4621 , 7.4412 , 7.6734 , -1.6622 , 5.3853 , 8.0253 , 0.1704 , 0.1566 , 0.4474 , 0.7212 , 1.6632 , -7.2688 , -0.7836 , -33.3085 , -11.7013 , 35.3041
8 , 0.6117 , 5.2936 , 12.9790 , -0.0116 , 3.7186 , 9.0742 , 0.0629 , -0.2716 , 0.2077 , 0.8567 , 2.4021 , 0.2943 , -0.8800 , -22.2839 , -0.0732 , 22.2840
4 , 0.4178 , 5.5653 , 7.4496 , -0.0631 , 5.2651 , 8.2731 , 0.1800 , 0.4804 , 0.3824 , 0.1313 , 0.8030 , -4.2377 , -0.8107 , -32.4725 , -0.4367 , 32.4754
4 , -0.0275 , 4.5466 , 9.0956 , -0.4150 , 5.5865 , 8.0491 , 0.0554 , 0.5135 , 0.1374 , 0.7239 , -0.9789 , 0.1666 , -0.7776 , -34.7271 , -2.9517 , 34.8523
2 , -0.0239 , 5.4923 , 7.2832 , -1.0462 , 5.6977 , 7.9128 , -0.3270 , 0.3867 , 0.3111 , 2.6563 , 0.2507 , -0.2525 , -0.7576 , -35.5211 , -7.5318 , 36.3108
1 , -1.5359 , 5.3870 , 6.5158 , -1.5888 , 4.8536 , 8.3719 , 0.1683 , 0.3004 , 0.2024 , 2.2292 , 0.5944 , 0.3418 , -0.7302 , -29.6649 , -10.7455 , 31.5511
7 , 1.3384 , 6.4847 , 9.1399 , -1.4166 , 4.1004 , 8.7949 , -0.0522 , 0.5720 , 0.4538 , 1.9493 , 0.3229 , -0.1937 , -0.7336 , -24.7163 , -9.1499 , 26.3556
10 , -0.6596 , 2.8419 , 8.8621 , -1.9146 , 2.5151 , 9.2833 , 0.7201 , -0.3345 , -0.0447 , 2.7633 , 0.9828 , 1.8019 , -0.7305 , -14.8608 , -11.6533 , 18.8850
9 , 1.6819 , 4.5502 , 11.9100 , -0.8076 , 2.5526 , 9.4341 , -0.1087 , -0.6168 , -0.0511 , 0.9249 , 2.6153 , -1.5225 , -0.7131 , -15.0874 , -4.8926 , 15.8608
2 , 1.1624 , 6.3925 , 10.7176 , 0.3438 , 2.3534 , 9.5139 , 0.0011 , 1.1121 , 0.9129 , -0.9196 , 2.5212 , -2.1433 , -0.7233 , -13.8853 , 2.0693 , 14.0386
9 , 1.9381 , 3.8535 , 11.8286 , -0.3403 , 1.4051 , 9.6995 , -0.2397 , 0.0266 , -0.0117 , 1.5805 , 3.1271 , -1.0911 , -0.7056 , -8.2376 , -2.0093 , 8.4791
10 , 0.5602 , 4.4592 , 8.8274 , 0.0543 , 3.3630 , 9.2118 , -0.0682 , -0.2898 , -0.0991 , 0.7598 , 2.0515 , -1.4127 , -0.7240 , -20.0553 , 0.3375 , 20.0581
10 , 0.0036 , 4.3371 , 7.0593 , 0.5241 , 3.2630 , 9.2330 , 0.0266 , -0.1364 , 0.1246 , 0.1978 , 1.5733 , -0.8521 , -0.7344 , -19.4349 , 3.2488 , 19.7046
8 , 0.5423 , 4.4903 , 13.1944 , 0.8430 , 3.3300 , 9.1853 , -0.5049 , 0.2759 , 0.3047 , -0.5437 , 0.8574 , -2.3032 , -0.7269 , -19.8506 , 5.2438 , 20.5315
4 , 0.1353 , 6.1459 , 9.5541 , -0.4507 , 2.4751 , 9.4785 , -0.1246 , 0.5465 , -0.1577 , 0.5860 , 3.6708 , 0.0756 , -0.6306 , -14.6191 , -2.7226 , 14.8704
2 , -0.8284 , 5.4528 , 12.1697 , -1.5433 , 2.2758 , 9.4132 , -0.1619 , -0.3015 , -0.2088 , 0.7149 , 3.1770 , 2.7565 , -0.6357 , -13.4190 , -9.3107 , 16.3327
8 , 0.8619 , 5.0147 , 10.8326 , 0.6046 , 3.1985 , 9.2507 , -0.1523 , 0.0479 , -0.0160 , 0.0155 , 1.2978 , -0.3323 , -0.7024 , -19.0354 , 3.7396 , 19.3993
9 , 0.9421 , 3.4261 , 8.2756 , 0.7583 , 2.8809 , 9.3432 , -0.0192 , -0.0724 , 0.0778 , 0.2928 , 0.5931 , 1.2284 , -0.7112 , -17.0836 , 4.6399 , 17.7025
9 , 1.6269 , 3.8319 , 10.7045 , 0.7583 , 2.8809 , 9.3432 , -0.0192 , -0.0724 , 0.0778 , 0.2928 , 0.5931 , 1.2284 , -0.7112 , -17.0836 , 4.6399 , 17.7025
5 , 0.2610 , 5.2110 , 9.9048 , 0.2860 , 5.0750 , 8.3864 , 0.0383 , 0.0447 , -0.0405 , 0.4526 , 0.1036 , 0.2614 , -0.6518 , -31.1654 , 1.9532 , 31.2265
5 , 0.5435 , 4.3251 , 7.5286 , 0.1688 , 5.1443 , 8.3473 , 0.2386 , -0.1012 , -0.0266 , -0.1988 , -0.2865 , -0.9002 , -0.6530 , -31.6396 , 1.1587 , 31.6609
4 , -0.9625 , 5.5964 , 9.2045 , 0.2251 , 5.7986 , 7.9054 , -0.6956 , -0.2557 , -0.0575 , 0.8582 , 0.4610 , 2.5848 , -0.6355 , -36.2490 , 1.6314 , 36.2857
5 , 1.4054 , 6.5853 , 10.6817 , 0.1148 , 4.9717 , 8.4522 , -0.4538 , -0.4176 , -0.4463 , 1.2906 , 1.6135 , 2.2296 , -0.6838 , -30.4624 , 0.7782 , 30.4724
10 , 0.1460 , 4.7202 , 7.7716 , 0.4314 , 4.2130 , 8.8451 , -0.6029 , 0.1289 , 0.1374 , 0.1240 , 1.1357 , 1.4823 , -0.7283 , -25.4423 , 2.7924 , 25.5951
5 , 1.3671 , 5.8610 , 11.3760 , -0.0017 , 3.7153 , 9.0756 , 0.0224 , -0.0565 , -0.0735 , 1.3688 , 2.1457 , 2.3004 , -0.7118 , -22.2631 , -0.0107 , 22.2631
8 , 0.3077 , 4.0103 , 8.5497 , -0.0376 , 4.3444 , 8.7918 , 0.2567 , -0.2759 , -0.1108 , 0.6386 , 0.1136 , -1.3997 , -0.6963 , -26.2958 , -0.2453 , 26.2970
8 , 0.6428 , 3.9181 , 9.5660 , 0.3456 , 4.7850 , 8.5531 , 0.1246 , -0.1555 , -0.0927 , 0.1201 , -0.5329 , 0.2911 , -0.7036 , -29.2047 , 2.3136 , 29.2962
4 , 0.2933 , 5.8634 , 9.4152 , 0.5246 , 4.9836 , 8.4297 , -0.0863 , 1.1207 , 0.6924 , -0.9232 , -0.2646 , -0.5551 , -0.7098 , -30.5429 , 3.5610 , 30.7498
2 , -0.5279 , 5.3415 , 11.3497 , 0.4303 , 6.3517 , 7.4593 , -0.0980 , 0.5806 , 0.4133 , -0.3261 , -1.3238 , 0.9323 , -0.6943 , -40.3676 , 3.3012 , 40.5023
1 , -0.9780 , 5.7904 , 8.5688 , 0.0873 , 6.1673 , 7.6241 , 0.0394 , 0.9673 , 0.3750 , 1.2714 , 0.0325 , -2.8717 , -0.6568 , -38.9680 , 0.6558 , 38.9735
3 , 0.1053 , 4.2772 , 9.7085 , -0.4819 , 2.8369 , 9.3750 , -0.2258 , -0.2162 , 0.0969 , 0.4531 , 1.8582 , -0.2674 , -0.7035 , -16.8149 , -2.9424 , 17.0704
8 , 1.1360 , 4.9333 , 11.6993 , -0.0190 , 2.4492 , 9.4959 , -0.2951 , -0.4176 , -0.4666 , 1.2711 , 2.1105 , -0.0148 , -0.7008 , -14.4628 , -0.1143 , 14.4633
5 , 0.0503 , 5.4624 , 13.6458 , 0.7720 , 3.6171 , 9.0825 , 0.2503 , 0.4985 , 0.6285 , -0.8594 , 0.4471 , -3.2633 , -0.7507 , -21.6442 , 4.8583 , 22.1827
2 , -0.2227 , 5.1655 , 9.5277 , 1.5136 , 2.9404 , 9.2322 , -0.1630 , 0.0415 , 0.0767 , -1.5207 , 2.0024 , 0.4140 , -0.6860 , -17.4480 , 9.3105 , 19.7767
2 , -1.1456 , 4.1132 , 7.2760 , 1.4551 , 2.6503 , 9.3289 , -0.3973 , 0.4527 , 0.1023 , -0.9870 , 2.4242 , 1.2893 , -0.6830 , -15.6794 , 8.8653 , 18.0121
3 , 0.8320 , 5.4959 , 7.9069 , 1.9654 , 0.1680 , 9.6062 , 0.2056 , 0.1044 , 0.3366 , -0.9910 , 4.6192 , -0.8542 , -0.7089 , -0.9816 , 11.5632 , 11.6048
7 , -1.1337 , 4.1827 , 8.0266 , 1.0949 , 1.3248 , 9.6549 , 0.0266 , 0.0788 , -0.0692 , -1.2265 , 3.7353 , -1.9084 , -0.6747 , -7.7640 , 6.4697 , 10.1062
4 , -0.5555 , 4.9895 , 6.7289 , 0.8187 , 2.3197 , 9.4931 , 0.6061 , -0.8075 , -0.4836 , -1.3741 , 2.6699 , -2.7642 , -0.6658 , -13.6823 , 4.9288 , 14.5430
7 , 0.4058 , 6.1148 , 9.0728 , 0.8187 , 2.3197 , 9.4931 , 0.6061 , -0.8075 , -0.4836 , -1.3741 , 2.6699 , -2.7642 , -0.6658 , -13.6823 , 4.9288 , 14.5430
4 , 0.4178 , 6.5410 , 9.8857 , 0.3427 , 4.6631 , 8.6202 , -0.2280 , -0.0724 , -0.0288 , -0.2314 , 0.6987 , 0.2611 , -0.6900 , -28.3922 , 2.2768 , 28.4834
5 , 0.2693 , 4.8123 , 8.8729 , 0.4324 , 4.2714 , 8.8170 , -0.7649 , 0.1364 , -0.0021 , -0.4707 , 1.1048 , 1.5799 , -0.6973 , -25.8207 , 2.8074 , 25.9729
3 , -0.2861 , 5.5725 , 11.0588 , 0.1832 , 2.9142 , 9.3618 , -0.2866 , -0.0682 , 0.1097 , 0.1304 , 2.2405 , -0.8900 , -0.7066 , -17.2877 , 1.1210 , 17.3240
8 , 0.5674 , 5.1356 , 11.1498 , 1.1055 , 4.1867 , 8.7988 , -0.3973 , 0.1108 , -0.0565 , -0.5380 , 0.9488 , 2.3509 , -0.7195 , -25.2726 , 7.1610 , 26.2676
9 , 1.8100 , 4.0893 , 11.6406 , 0.7905 , 2.9863 , 9.3074 , -0.3835 , -0.5720 , 0.1395 , 0.6232 , 1.6309 , 2.8899 , -0.7320 , -17.7291 , 4.8548 , 18.3818
5 , 0.8200 , 4.2689 , 11.5736 , 1.6878 , 3.3252 , 9.0700 , 0.1395 , 0.3686 , 0.0256 , -0.8870 , 0.8670 , -1.8119 , -0.6433 , -19.8208 , 10.5417 , 22.4497
2 , 0.2598 , 5.3714 , 9.6965 , 1.0356 , 3.5716 , 9.0742 , -0.3835 , 0.4144 , 0.0937 , 0.3279 , 1.3760 , -0.0457 , -0.6357 , -21.3587 , 6.5108 , 22.3290
8 , -0.5064 , 1.9501 , 12.5815 , 0.9831 , 2.7796 , 9.3529 , -0.4272 , -0.2397 , -0.5912 , 0.2416 , 1.9705 , 1.5574 , -0.6710 , -16.4658 , 6.0001 , 17.5249
1 , -0.8487 , 5.5557 , 8.4479 , 0.1218 , 4.3069 , 8.8094 , -0.3643 , 0.3356 , -0.2567 , -0.9705 , 1.2489 , -0.3615 , -0.6848 , -26.0516 , 0.7920 , 26.0636
3 , 0.5483 , 4.6890 , 11.9279 , -0.6855 , 3.6406 , 9.0800 , 0.3931 , 0.3931 , -0.1374 , 0.3431 , -0.2372 , -0.9242 , -0.7022 , -21.7920 , -4.3172 , 22.2155
10 , 0.4609 , 3.5566 , 11.7280 , -1.2517 , 3.8677 , 8.9244 , 0.0511 , -0.8309 , -0.6306 , 1.8694 , 0.4729 , 1.1433 , -0.7092 , -23.2285 , -7.9840 , 24.5623
7 , -0.6560 , 3.5590 , 8.6694 , 0.3102 , 4.6509 , 8.6280 , 0.0192 , 0.4932 , 0.2397 , -0.3066 , -0.6622 , -0.0760 , -0.7285 , -28.3112 , 2.0590 , 28.3860
7 , 0.4202 , 4.5981 , 7.5573 , -0.2994 , 4.6834 , 8.6108 , -0.0884 , 0.4314 , 0.1641 , -0.6080 , -1.5733 , -0.1617 , -0.7042 , -28.5271 , -1.9915 , 28.5965
7 , -0.6321 , 3.9480 , 8.7125 , -0.8634 , 4.5621 , 8.6378 , -0.2695 , -0.0714 , 0.2780 , 1.7540 , 0.7422 , -0.0067 , -0.6859 , -27.7236 , -5.7080 , 28.3051
9 , 1.7107 , 4.2892 , 8.0948 , 1.6092 , 3.9754 , 8.8192 , 0.8298 , -0.7180 , 0.3100 , -1.2105 , -0.5050 , -0.3964 , -0.7400 , -23.9145 , 10.3406 , 26.0544
5 , 1.9656 , 4.7058 , 8.4144 , 3.0558 , 5.1881 , 7.7405 , 0.2322 , 0.6626 , 0.4719 , -2.1185 , -0.2166 , 0.8200 , -0.7038 , -31.9407 , 21.5433 , 38.5269
1 , -3.3423 , 3.9061 , 5.4253 , 1.4177 , 7.6857 , 5.9237 , 0.9907 , -1.5585 , 0.0085 , -4.7600 , -3.7796 , -0.4984 , -0.6459 , -51.6030 , 13.4589 , 53.3293
3 , 0.8033 , 5.1092 , 10.2041 , 2.0818 , 7.4366 , 6.0443 , 0.1427 , 0.0629 , 0.0905 , -1.1349 , -2.9403 , 2.4061 , -0.7224 , -49.3167 , 19.0047 , 52.8518
8 , 1.4844 , 5.4923 , 11.0385 , 1.9212 , 7.8086 , 5.6129 , -0.1385 , 0.0735 , -0.1726 , -0.9671 , -3.7385 , 2.4208 , -0.7177 , -52.7740 , 13.8222 , 54.5541
10 , 0.3244 , 3.9385 , 9.6115 , 1.4133 , 7.0030 , 6.7179 , -0.4208 , 0.2951 , 0.1672 , -0.7094 , -2.9329 , 1.9000 , -0.7822 , -45.5702 , 11.8801 , 47.0933
10 , -0.0551 , 3.3543 , 10.4351 , 1.2246 , 6.3381 , 7.3824 , -0.2152 , 0.5454 , 0.1044 , -0.3423 , -1.3965 , 2.9426 , -0.7851 , -40.2637 , 9.4185 , 41.3506
9 , 1.5383 , 2.7617 , 11.3270 , 0.5499 , 5.9644 , 7.7649 , -0.9619 , -0.1044 , 0.2439 , 1.3044 , -1.2359 , 3.0258 , -0.7785 , -37.4597 , 4.0506 , 37.6781
1 , -0.5890 , 4.7872 , 7.9440 , 0.6173 , 5.1876 , 8.2993 , -0.0138 , 0.7169 , 0.0522 , -1.7653 , -0.7810 , -0.6821 , -0.7056 , -31.9369 , 4.2540 , 32.2190
1 , -3.7433 , 4.1743 , 6.8726 , -0.5163 , 5.1538 , 8.3272 , -0.3121 , -0.2684 , -0.4890 , -1.2722 , -0.8346 , -1.9706 , -0.6891 , -31.7044 , -3.5478 , 31.9022
8 , 0.6764 , 4.2282 , 11.0588 , 1.8737 , 3.9101 , 8.7961 , -0.2940 , 0.3984 , 0.0724 , -1.8618 , -0.5785 , 0.7065 , -0.7917 , -23.4979 , 12.0254 , 26.3962
2 , 0.3759 , 4.3359 , 8.3294 , 0.7535 , 3.3436 , 9.1882 , 0.1502 , 0.2908 , 0.1087 , -0.1729 , 1.0007 , 0.7370 , -0.7634 , -19.9348 , 4.6880 , 20.4786
4 , 0.5782 , 5.5522 , 9.7276 , -0.4438 , 3.5625 , 9.1259 , -0.2770 , -0.5156 , -0.1353 , 2.0156 , 2.0555 , -0.8073 , -0.7456 , -21.3013 , -2.7840 , 21.4825
8 , 0.9720 , 3.9492 , 11.2180 , 1.3260 , 2.3281 , 9.4336 , 0.2823 , -0.3846 , -0.0895 , -0.4988 , 2.7727 , -2.4365 , -0.7931 , -13.7333 , 8.0012 , 15.8941
4 , 0.7709 , 5.1583 , 10.4830 , 1.4876 , 2.3454 , 9.4051 , -0.4794 , 0.1758 , -0.1694 , -0.1217 , 3.5527 , 1.6118 , -0.7723 , -13.8374 , 8.9877 , 16.5001
5 , 0.3675 , 3.8918 , 9.2045 , 1.0465 , 1.5193 , 9.6316 , 0.1736 , -0.0927 , -0.0905 , -0.0362 , 2.7053 , 1.1615 , -0.7883 , -8.9123 , 6.2011 , 10.8574
6 , 2.0111 , 5.0027 , 11.9028 , 1.1905 , 1.9305 , 9.5408 , -0.0554 , -0.1055 , 0.0639 , -0.4842 , 2.5801 , -2.6718 , -0.7920 , -11.3534 , 7.1124 , 13.3973
9 , 0.6393 , 3.8152 , 12.0979 , 1.5347 , 3.1528 , 9.1583 , -0.0874 , 0.1577 , 0.0767 , -0.5782 , 0.8312 , -0.1035 , -0.8079 , -18.7534 , 9.5131 , 21.0283
7 , 1.1193 , 5.8215 , 10.0688 , 0.9514 , 3.7738 , 9.0013 , -0.5902 , 0.0735 , -0.0991 , -0.6342 , 1.1511 , -0.0290 , -0.7926 , -22.6325 , 6.0336 , 23.4229
6 , 0.8176 , 4.7800 , 10.6171 , 1.8117 , 5.2748 , 8.0663 , -0.0181 , 0.3526 , 0.0629 , -0.9941 , -0.4948 , 2.5508 , -0.8171 , -32.5396 , 12.6585 , 34.9151
7 , -1.7933 , 3.4321 , 8.0026 , 1.2890 , 5.2206 , 8.2009 , -0.1257 , 1.0237 , 0.4581 , -2.0564 , -0.9541 , -0.9512 , -0.8121 , -32.1646 , 8.9329 , 33.3820
9 , 0.8739 , 4.3323 , 9.9012 , 0.0669 , 4.9765 , 8.4499 , -0.2205 , -0.5507 , -0.3388 , 0.7651 , -0.4790 , -0.5287 , -0.7776 , -30.4948 , 0.4537 , 30.4982
4 , -1.1720 , 6.0358 , 6.7026 , 0.0829 , 7.3525 , 6.4888 , -0.0064 , 0.1449 , 0.0202 , -0.2289 , -1.7022 , 2.1591 , -0.7035 , -48.5684 , 0.7317 , 48.5739
6 , 0.8679 , 5.1451 , 10.8793 , 1.0832 , 7.4000 , 6.3433 , -0.3366 , -0.7499 , -0.1438 , 0.0480 , -1.5725 , 1.9191 , -0.7706 , -48.9894 , 9.6909 , 49.9387
6 , 0.6644 , 4.9596 , 8.7508 , 1.8131 , 6.9653 , 6.6609 , 0.1300 , -0.7585 , -0.3878 , -0.7812 , -1.1833 , 3.3205 , -0.8018 , -45.2563 , 15.2273 , 47.7494
9 , 1.8352 , 4.5346 , 11.3210 , 1.7017 , 6.1986 , 7.4062 , -0.4858 , -0.0948 , 0.0884 , -0.4112 , -1.3647 , 3.5449 , -0.8441 , -39.2042 , 12.9401 , 41.2845
5 , -0.0527 , 4.7513 , 8.4671 , 1.8788 , 6.0584 , 7.4790 , 0.1694 , 0.0895 , -0.1939 , -1.0576 , -0.4632 , 1.6752 , -0.8283 , -38.1549 , 14.1016 , 40.6774
4 , 0.0359 , 6.9683 , 9.1387 , 1.4799 , 6.3515 , 7.3239 , 0.2567 , 1.0003 , 0.4304 , -1.5314 , -0.2810 , 0.9864 , -0.8310 , -40.3662 , 11.4239 , 41.9516
5 , 0.7326 , 6.4308 , 9.1411 , 0.3682 , 7.1912 , 6.6574 , 0.0490 , 0.0980 , 0.0703 , 0.0256 , -2.2113 , 1.5726 , -0.8293 , -47.1636 , 3.1656 , 47.2697
8 , 0.1496 , 3.7098 , 9.6642 , 0.3730 , 7.4170 , 6.4046 , -0.1427 , 0.3036 , -0.1236 , 0.0472 , -2.8477 , 4.4184 , -0.8524 , -49.1411 , 3.3328 , 49.2540
8 , 0.0539 , 5.0147 , 10.5919 , -0.2105 , 7.1983 , 6.6567 , 0.0245 , 0.4346 , -0.0075 , 0.2644 , -2.1836 , 3.9353 , -0.8586 , -47.2243 , -1.8115 , 47.2591
8 , 1.1097 , 5.4576 , 9.3422 , -0.4598 , 6.9870 , 6.8659 , 0.1555 , 0.0692 , -0.0075 , 0.6788 , -2.3578 , 0.8027 , -0.8499 , -45.4368 , -3.8310 , 45.5980
10 , 0.3460 , 4.5179 , 10.1682 , -1.4229 , 6.0328 , 7.5994 , -0.4559 , 0.3143 , -0.1619 , 1.7689 , -1.5149 , 2.5688 , -0.8831 , -37.9646 , -10.6054 , 39.4180
8 , 0.5423 , 4.5705 , 10.3561 , 0.4459 , 5.1941 , 8.3062 , -0.1662 , 0.0597 , 0.0160 , 0.5058 , -0.8366 , 1.3532 , -0.8836 , -31.9816 , 3.0726 , 32.1288
9 , 0.8440 , 3.5446 , 10.8816 , 0.8432 , 5.3833 , 8.1535 , -0.7148 , -0.0085 , 0.1044 , -0.3345 , -0.9936 , 3.8750 , -0.8734 , -33.2949 , 5.9046 , 33.8144
1 , 0.1724 , 8.8837 , 8.6981 , 1.2679 , 4.3220 , 8.7111 , 0.1449 , 1.2975 , 1.2101 , -2.5440 , 0.3000 , 1.2224 , -0.8504 , -26.1496 , 8.2810 , 27.4295
2 , 0.5614 , 6.5589 , 10.4914 , 1.0012 , 5.9039 , 7.7661 , 0.0788 , 0.3835 , 0.0224 , -1.1209 , -0.2237 , -3.2434 , -0.7974 , -37.0156 , 7.3460 , 37.7375
10 , 0.0072 , 4.4784 , 9.9036 , 0.4362 , 6.0232 , 7.7266 , -0.7766 , -0.9129 , -0.5795 , 0.3168 , -1.0576 , 2.0237 , -0.7884 , -37.8936 , 3.2311 , 38.0311
2 , 0.1748 , 6.0908 , 11.2264 , 0.8582 , 4.1697 , 8.8345 , 0.2695 , 1.2240 , 0.5720 , -0.6750 , 1.2748 , -0.7900 , -0.8539 , -25.1625 , 5.5483 , 25.7669
7 , -0.0563 , 5.6826 , 10.0425 , -0.3068 , 4.1226 , 8.8927 , -0.1427 , 0.0170 , 0.0522 , 0.6276 , 1.5816 , -0.7656 , -0.8198 , -24.8588 , -1.9760 , 24.9372
5 , 0.0706 , 5.0410 , 11.6789 , 0.8685 , 4.5346 , 8.6518 , -0.0554 , 0.2365 , -0.0703 , -0.7979 , 0.5064 , 3.0271 , -0.8174 , -27.5420 , 5.7323 , 28.1322
2 , 1.7849 , 6.9947 , 13.7331 , 0.3882 , 4.4613 , 8.7245 , -1.0248 , -0.3025 , 0.5049 , 0.5635 , 2.4208 , -0.2310 , -0.8198 , -27.0601 , 2.5476 , 27.1798
6 , 0.7721 , 4.5921 , 10.0042 , 1.8737 , 2.6479 , 9.2546 , 0.0309 , 0.5678 , 0.1257 , -1.1016 , 1.9442 , 0.7495 , -0.8458 , -15.6650 , 11.4456 , 19.4009
4 , -0.6261 , 7.3035 , 7.2532 , 0.8680 , 2.7149 , 9.3833 , -0.6605 , 0.9406 , 0.7297 , -2.8564 , 3.0360 , -9.5593 , -0.8381 , -16.0716 , 5.2851 , 16.9183
9 , 1.8998 , 4.5945 , 10.3705 , 1.7530 , 0.6305 , 9.6281 , 0.1662 , 0.6669 , -0.0245 , 0.1468 , 3.9640 , 0.7424 , -0.8265 , -3.6862 , 10.3191 , 10.9577
5 , -1.3276 , 4.2162 , 9.1590 , 0.0902 , 0.6425 , 9.7852 , -0.1992 , 0.1949 , -0.1481 , 0.1420 , 3.9652 , -0.3293 , -0.8118 , -3.7565 , 0.5283 , 3.7934
6 , 1.4988 , 6.0346 , 9.8533 , 0.7176 , 2.4386 , 9.4715 , -0.0490 , 0.1097 , 0.0458 , 0.0689 , 2.3151 , -0.1951 , -0.8340 , -14.3987 , 4.3329 , 15.0365
6 , 0.5997 , 4.3108 , 11.1067 , 1.0189 , 3.9983 , 8.8964 , -0.1108 , 0.5422 , 0.0309 , 0.0297 , 0.3316 , 0.0496 , -0.8114 , -24.0614 , 6.5337 , 24.9327
1 , -1.2270 , 6.1495 , 8.1032 , -0.4547 , 4.6478 , 8.6233 , -0.1886 , 0.9470 , 0.4890 , 0.4559 , 0.9486 , 2.2045 , -0.7279 , -28.2908 , -3.0186 , 28.4513
5 , 0.0251 , 3.8403 , 7.8518 , 0.5420 , 4.5509 , 8.6698 , -0.3675 , 0.1023 , 0.0522 , -0.4774 , -0.3108 , 0.5670 , -0.7353 , -27.6498 , 3.5773 , 27.8803
9 , -0.2191 , 4.2928 , 11.3653 , 0.7591 , 3.5034 , 9.1280 , 0.0948 , -0.0937 , 0.1204 , -0.0026 , 1.2240 , -0.3712 , -0.8353 , -20.9309 , 4.7542 , 21.4641
1 , 1.8244 , 4.9775 , 5.4803 , 1.6889 , 4.9090 , 8.3198 , 0.2407 , 0.0107 , 0.1566 , -0.5110 , -0.5061 , 0.9625 , -0.7691 , -30.0385 , 11.4751 , 32.1557
9 , 1.0116 , 4.7872 , 8.8107 , 1.9950 , 5.2268 , 8.0542 , -0.4027 , -0.4186 , 0.0905 , -0.9835 , -0.4396 , 0.7564 , -0.7572 , -32.2073 , 13.9122 , 35.0836
5 , -0.4693 , 3.9373 , 8.7640 , 0.7404 , 5.2281 , 8.2638 , 0.0501 , 0.0256 , 0.0767 , 0.0820 , -0.5486 , 0.5960 , -0.7484 , -32.2160 , 5.1196 , 32.6203
3 , -0.4106 , 5.3989 , 10.5297 , 0.7795 , 5.2854 , 8.2236 , 0.2983 , 0.3696 , 0.4804 , 0.1171 , -0.7412 , -1.4145 , -0.7424 , -32.6126 , 5.4150 , 33.0591
1 , -0.5148 , 6.4081 , 9.6127 , 0.9200 , 6.9901 , 6.8164 , 0.0629 , -0.1704 , 0.5859 , -2.3458 , 0.5301 , -7.9536 , -0.6757 , -45.4622 , 7.6869 , 46.1075
7 , 0.3711 , 4.6040 , 9.3386 , 1.3310 , 6.6684 , 7.0662 , -0.4708 , 0.3494 , 0.1672 , -1.5250 , -2.0811 , 0.7544 , -0.7698 , -42.8424 , 10.6675 , 44.1505
7 , 0.4525 , 4.4819 , 9.2727 , 1.0033 , 5.9100 , 7.7611 , -0.3952 , -0.1395 , -0.2546 , -0.8704 , -1.8339 , 2.1233 , -0.7715 , -37.0603 , 7.3656 , 37.7852
7 , 0.3184 , 3.9241 , 9.3111 , 0.9375 , 5.3366 , 8.1739 , 0.2791 , -0.4623 , -0.2642 , -0.6190 , -0.6391 , -0.5627 , -0.7979 , -32.9686 , 6.5427 , 33.6115
2 , 0.2406 , 5.6587 , 9.7300 , 1.3210 , 5.9640 , 7.6717 , 0.1598 , 0.3579 , 0.2642 , -0.8661 , -1.1721 , 1.3831 , -0.8247 , -37.4568 , 9.7697 , 38.7100
9 , 0.8308 , 4.2844 , 11.9542 , 1.6775 , 5.1743 , 8.1598 , -0.6424 , -0.2716 , -0.0682 , -1.8152 , -1.4382 , 0.6568 , -0.8244 , -31.8458 , 11.6171 , 33.8986
7 , -1.2163 , 5.8347 , 8.1786 , 1.8820 , 5.4034 , 7.9644 , 0.0458 , 0.1257 , 0.1225 , -1.4295 , -0.7491 , 0.4632 , -0.8289 , -33.4355 , 13.2953 , 35.9819
10 , 0.2274 , 5.5354 , 6.6164 , 3.4076 , 5.3950 , 7.4466 , -0.2173 , -0.1257 , -0.2525 , -1.8538 , -1.0268 , 1.5077 , -0.8376 , -33.3764 , 24.5889 , 41.4560
2 , -1.4533 , 5.1164 , 12.2930 , 3.0787 , 6.6235 , 6.5437 , 0.2525 , -0.6732 , -0.1108 , -3.8772 , -0.7685 , 9.5130 , -0.7884 , -42.4861 , 25.1962 , 49.3956
1 , -1.0415 , 5.7604 , 8.8957 , 1.6680 , 5.5456 , 7.9142 , 0.1332 , 1.0077 , 0.7148 , -2.0151 , -0.5525 , 0.2488 , -0.8985 , -34.4364 , 11.9012 , 36.4350
2 , 0.3687 , 6.0897 , 10.0904 , 0.9555 , 5.0964 , 8.3237 , 0.1832 , 0.1449 , -0.3462 , -0.8549 , 0.9645 , 4.1165 , -0.8886 , -31.3112 , 6.5483 , 31.9886
8 , 0.6237 , 5.6934 , 10.6183 , 0.3501 , 5.4529 , 8.1433 , -0.4613 , -1.0834 , -0.9119 , 0.0569 , -1.4618 , 4.6130 , -0.8946 , -33.7826 , 2.4618 , 33.8722
6 , 0.4262 , 3.6009 , 10.1275 , 1.1910 , 4.3126 , 8.7266 , -0.2493 , -0.2716 , 0.0234 , -1.2891 , -0.2461 , 3.0685 , -0.9416 , -26.0890 , 7.7716 , 27.2219
2 , -0.5650 , 6.1711 , 8.4300 , 1.2238 , 4.1513 , 8.8000 , -0.5017 , -0.9832 , 0.1651 , -0.7079 , 0.7700 , -1.6844 , -0.9320 , -25.0439 , 7.9173 , 26.2655
9 , 1.6652 , 3.9923 , 13.0532 , 3.5610 , 2.8032 , 8.6967 , -0.4943 , -0.5518 , 0.0213 , -4.0051 , 1.1353 , 0.9197 , -0.9532 , -16.6094 , 22.2674 , 27.7796
4 , 1.0056 , 6.7696 , 8.6095 , 3.1496 , 2.6847 , 8.8906 , -0.0639 , 0.1523 , 0.1161 , -3.0861 , 2.2018 , -0.0009 , -0.9435 , -15.8884 , 19.5071 , 25.1589
10 , 0.2885 , 3.2669 , 12.3912 , 4.3226 , 3.5322 , 8.0628 , 0.0575 , 0.4016 , 0.3015 , -3.2105 , 1.7673 , -0.7916 , -0.9473 , -21.1116 , 28.1964 , 35.2241
9 , 0.6333 , 4.7621 , 12.4091 , 3.5627 , 1.8028 , 8.9570 , -0.6509 , 0.0671 , -0.1087 , -3.0862 , 2.6468 , -0.7748 , -0.9596 , -10.5934 , 21.6904 , 24.1390
9 , 0.4860 , 3.4596 , 10.9666 , 3.6200 , 0.1338 , 9.1131 , 0.0138 , -0.4304 , 0.0320 , -3.9133 , 3.8740 , -0.5502 , -0.9704 , -0.7820 , 21.6644 , 21.6785
1 , -3.3052 , 7.1180 , 7.4687 , 2.5472 , -0.1196 , 9.4693 , 0.2770 , -0.3803 , 0.0309 , -3.2978 , 7.0161 , -9.2215 , -0.9665 , 0.6989 , 15.0561 , 15.0723
7 , -0.7111 , 4.4640 , 10.3274 , 2.0101 , 3.4400 , 8.9608 , 0.0256 , -0.3089 , 0.3771 , -2.0029 , 2.2175 , -2.1493 , -0.9777 , -20.5350 , 12.6433 , 24.1151
2 , -1.4688 , 3.2118 , 8.0625 , 2.4953 , 3.3976 , 8.8544 , -0.5390 , 0.2461 , 0.1023 , -2.8077 , 1.7978 , -0.4148 , -0.9735 , -20.2707 , 15.7384 , 25.6632
5 , 0.3962 , 4.5430 , 9.3134 , 1.8750 , 2.6283 , 9.2600 , 0.2908 , -0.3931 , 0.0490 , -1.8954 , 0.8589 , -1.6488 , -0.9838 , -15.5458 , 11.4469 , 19.3055
10 , 0.3926 , 4.2186 , 7.9164 , 1.7460 , 5.4442 , 7.9676 , -0.1374 , 0.1310 , 0.0682 , -1.2624 , -1.1921 , 0.7090 , 0.9520 , -33.7213 , 12.3606 , 35.9153
4 , -1.5634 , 3.8618 , 9.7157 , 2.0006 , 6.0229 , 7.4761 , -0.7372 , -0.3963 , -0.1353 , -1.2548 , -0.3151 , 1.6326 , -0.9378 , -37.8911 , 14.9815 , 40.7453
10 , -1.0295 , 2.0722 , 10.9439 , 2.6138 , 5.3885 , 7.7655 , 0.3025 , -0.5028 , -0.0778 , -1.4705 , -0.2374 , -0.6463 , 0.9442 , -33.3308 , 18.6026 , 38.1707
9 , 1.1492 , 3.5865 , 12.8150 , 2.8293 , 4.3282 , 8.3326 , 0.0096 , 0.0021 , 0.0032 , -2.3277 , -0.6806 , 0.5128 , 0.9586 , -26.1904 , 18.7544 , 32.2128
8 , 0.4082 , 4.2282 , 10.3202 , 1.8257 , 5.2656 , 8.0691 , 0.2653 , 0.3366 , 0.3249 , -1.4689 , -1.6612 , 1.2839 , 0.9539 , -32.4759 , 12.7489 , 34.8887
2 , 0.2861 , 6.0789 , 11.6813 , 1.6169 , 5.5449 , 7.9253 , 0.0181 , 0.5028 , 0.4474 , -1.3188 , -1.1156 , -0.3309 , -0.9508 , -34.4315 , 11.5312 , 36.3112
9 , 1.5862 , 4.4161 , 12.0799 , 0.7923 , 5.5633 , 8.0369 , -0.1917 , -0.0362 , -0.0234 , -0.0334 , -1.8331 , 0.7773 , 0.9500 , -34.5619 , 5.6304 , 35.0175
9 , 1.0965 , 2.7773 , 11.0516 , 0.8212 , 5.2240 , 8.2587 , 0.3121 , 0.3760 , -0.1140 , -0.6800 , -2.5736 , 0.1929 , 0.9555 , -32.1881 , 5.6788 , 32.6852
8 , 0.9469 , 5.7209 , 11.4060 , -0.2503 , 7.0939 , 6.7664 , 0.2631 , -0.3750 , 0.3622 , 1.2140 , -1.7908 , 0.2989 , 0.9174 , -46.3344 , -2.1184 , 46.3828
2 , -0.2346 , 5.3259 , 9.3733 , -0.2523 , 7.3741 , 6.4598 , -0.3345 , 0.1321 , 0.1768 , 0.2283 , -2.7796 , 2.7411 , -0.9106 , -48.7594 , -2.2363 , 48.8107
7 , -0.7841 , 3.9875 , 8.7376 , -0.1316 , 7.2276 , 6.6268 , -0.0213 , 0.1332 , -0.4218 , 0.2393 , -2.2919 , 1.3219 , 0.9129 , -47.4773 , -1.1376 , 47.4909
7 , 0.0180 , 5.1930 , 8.3438 , 0.1394 , 5.1097 , 8.3691 , 0.2301 , 0.2258 , 0.0927 , 0.3754 , -0.6181 , 0.1734 , 0.9565 , -31.4021 , 0.9541 , 31.4166
2 , -1.5526 , 3.8930 , 8.8011 , 1.0322 , 6.5616 , 7.2145 , -0.0778 , 0.3728 , -0.5167 , 0.2811 , -1.4381 , 4.8558 , 0.9288 , -41.9978 , 8.1419 , 42.7797
10 , 0.1867 , 4.6603 , 8.0266 , -0.1862 , 6.3211 , 7.4953 , 0.1715 , -0.4559 , -0.5380 , 0.7201 , -3.2446 , 4.0651 , 0.9331 , -40.1338 , -1.4228 , 40.1590
5 , 0.5064 , 4.1671 , 10.6291 , -0.3720 , 5.6045 , 8.0387 , -0.2429 , -0.3302 , -0.0011 , 0.7622 , -1.2614 , 0.7456 , 0.9411 , -34.8550 , -2.6492 , 34.9555
5 , -0.3017 , 4.0235 , 10.5584 , 0.1715 , 5.1753 , 8.3281 , 0.0831 , -0.4517 , 0.0437 , 0.6509 , -1.1399 , 1.3732 , 0.9471 , -31.8525 , 1.1799 , 31.8744
2 , -0.5088 , 4.2306 , 9.9323 , 0.0034 , 4.4302 , 8.7489 , 0.0469 , 0.0415 , -0.0447 , 0.1187 , -0.3840 , 0.2988 , 0.9441 , -26.8563 , 0.0221 , 26.8563
1 , -0.7865 , 5.2948 , 8.5952 , -0.1519 , 5.1432 , 8.3483 , 0.3356 , 0.4687 , 0.1087 , -0.0121 , -0.8995 , 0.6431 , 0.9336 , -31.6322 , -1.0422 , 31.6494
10 , -0.8775 , 3.1939 , 8.9866 , 0.5763 , 6.0010 , 7.7347 , 0.0128 , 0.0650 , -0.1097 , -1.4430 , -0.9553 , 2.1318 , 0.8991 , -37.7296 , 4.2608 , 37.9694
4 , -2.8204 , 3.6679 , 6.2273 , 0.3223 , 5.3788 , 8.1936 , 0.1704 , 0.3696 , 0.4314 , -0.6431 , -0.5772 , 0.3238 , 0.9323 , -33.2630 , 2.2525 , 33.3392
5 , -0.7147 , 5.1870 , 9.4583 , -0.3791 , 5.0721 , 8.3846 , -0.0458 , 0.4325 , -0.0128 , -0.4768 , -0.4764 , -2.0567 , 0.9462 , -31.1450 , -2.5887 , 31.2524
1 , -2.3092 , 5.6886 , 7.3358 , -4.5155 , 4.0099 , 7.7267 , -0.3931 , -0.4581 , -0.1768 , 3.1700 , 1.5039 , 2.8497 , 0.9407 , -24.1355 , -30.3022 , 38.7395
8 , -0.2550 , 4.1240 , 9.9910 , -2.8394 , 2.1183 , 9.1445 , -0.4357 , -0.1683 , -0.2929 , 1.8278 , 2.3864 , 0.3653 , 0.9547 , -12.4744 , -17.2495 , 21.2875
9 , 0.6381 , 4.2294 , 11.4371 , -2.5899 , 1.2058 , 9.3813 , -0.0660 , 0.4485 , -0.0107 , 2.9562 , 1.8408 , 1.6093 , 0.9547 , -7.0627 , -15.4334 , 16.9727
6 , 0.2813 , 5.3654 , 9.8821 , -3.1443 , 1.9013 , 9.0923 , -0.1704 , 0.0352 , 0.0170 , 2.9515 , 2.6609 , -0.2768 , 0.9607 , -11.1790 , -19.0763 , 22.1106
9 , -1.0750 , 5.0961 , 9.1028 , -3.1589 , 1.6758 , 9.1315 , 0.1332 , -0.0874 , -0.1832 , 3.0523 , 2.8935 , -1.2294 , 0.9629 , -9.8391 , -19.0820 , 21.4694
9 , 0.5782 , 3.4824 , 11.2551 , -1.1431 , 3.7406 , 8.9929 , -0.1140 , -0.0192 , -0.0778 , 1.4747 , 0.2385 , -0.1846 , 0.9647 , -22.4227 , -7.2443 , 23.5639
5 , -1.4281 , 4.8866 , 9.1770 , -1.1093 , 6.5230 , 7.2381 , -0.0032 , -0.4048 , 0.1491 , 0.7670 , -0.8727 , 0.8376 , 0.9265 , -41.6948 , -8.7136 , 42.5956
4 , -3.0239 , 3.7242 , 8.4084 , -0.3232 , 6.5023 , 7.3339 , -0.3025 , 0.6701 , 0.4527 , -0.1425 , -1.3524 , 0.1408 , 0.9290 , -41.5327 , -2.5231 , 41.6093
5 , -1.2474 , 4.3993 , 9.8354 , -0.7454 , 4.0173 , 8.9149 , 0.1523 , 0.2141 , 0.0405 , 0.8017 , 0.3856 , -0.1126 , 0.9718 , -24.1831 , -4.7797 , 24.6510
1 , -1.6544 , 4.9560 , 7.7249 , -1.2214 , 5.6085 , 7.9513 , -0.2525 , 0.0415 , 0.0639 , -0.1205 , 0.3004 , -2.4410 , 0.9510 , -34.8835 , -8.7331 , 35.9600
3 , -0.0371 , 4.9560 , 10.5931 , -0.4190 , 4.1068 , 8.8955 , -0.0245 , -0.4985 , 0.1598 , -0.5758 , 0.6840 , 1.2703 , 0.9692 , -24.7571 , -2.6970 , 24.9036
3 , 0.9002 , 4.8028 , 9.8881 , 0.2352 , 4.9430 , 8.4665 , 0.4133 , 0.2961 , -0.0714 , 0.6650 , -0.1402 , 1.4216 , 0.9574 , -30.2681 , 1.5914 , 30.3099
7 , -1.0618 , 3.9971 , 8.1738 , -0.3235 , 5.6260 , 8.0258 , 0.2589 , 0.1864 , -0.0405 , -0.1590 , -0.8652 , -0.7833 , 0.9460 , -35.0084 , -2.3080 , 35.0844
1 , -2.1620 , 4.3371 , 7.1383 , -0.6120 , 6.7611 , 7.0769 , -0.6349 , -0.6115 , 0.9161 , 1.9144 , 0.2263 , -1.2482 , 0.9226 , -43.5861 , -4.9423 , 43.8654
6 , 0.8236 , 3.1735 , 9.4475 , 2.8243 , 4.5325 , 8.2250 , 0.1609 , 0.5007 , 0.1641 , -2.1898 , -1.1519 , 4.0118 , 0.9283 , -27.5285 , 18.9513 , 33.4211
8 , -0.2203 , 3.2142 , 8.6562 , 2.0973 , 4.7284 , 8.3315 , 0.0469 , 0.1758 , 0.0959 , -2.1428 , -0.2273 , -0.8640 , 0.9380 , -28.8265 , 14.1298 , 32.1032
3 , -0.1879 , 4.5753 , 10.1215 , 2.2956 , 5.7084 , 7.6364 , -0.5891 , -0.5326 , -0.0011 , -2.2094 , -0.1526 , 2.0110 , 0.9278 , -35.5978 , 16.7311 , 39.3336
4 , -0.8595 , 4.7250 , 10.0126 , 1.9180 , 4.2221 , 8.6409 , 0.2184 , 0.6051 , 0.5454 , -2.2328 , 0.0515 , 0.5516 , 0.9477 , -25.5018 , 12.5147 , 28.4070
2 , -0.9900 , 4.9919 , 14.0707 , 1.3167 , 4.4546 , 8.6368 , 0.7191 , -1.1558 , 0.5390 , -2.1798 , -0.7256 , -0.7251 , 0.9597 , -27.0159 , 8.6682 , 28.3725
2 , -1.4760 , 5.7054 , 8.6263 , -0.0896 , 5.7784 , 7.9229 , -0.0447 , 0.3739 , 0.4549 , -0.9088 , -1.0044 , -0.6230 , 0.8827 , -36.1025 , -0.6481 , 36.1083
3 , -1.4796 , 4.6208 , 9.5241 , -0.1323 , 5.6687 , 8.0011 , 0.1087 , -0.0341 , -0.0181 , -0.0473 , -0.7463 , -0.9849 , 0.9037 , -35.3136 , -0.9471 , 35.3263
4 , 0.7207 , 6.4368 , 12.2499 , -0.2316 , 5.7769 , 7.9211 , 0.7499 , -0.0085 , 0.3366 , -0.5549 , -1.2100 , 0.2934 , 0.9001 , -36.0918 , -1.6750 , 36.1306
6 , 0.1508 , 4.0115 , 10.3178 , -0.5484 , 5.6055 , 8.0280 , -0.4549 , -0.3185 , -0.2397 , 0.2360 , -1.1355 , 0.1159 , 0.9085 , -34.8618 , -3.9080 , 35.0802
10 , 0.3304 , 5.2756 , 9.9323 , -0.4603 , 4.1431 , 8.8766 , -0.1193 , -0.2439 , -0.0565 , 0.4423 , 1.6174 , -1.5192 , 0.9130 , -24.9909 , -2.9681 , 25.1666
4 , -2.0722 , 3.9564 , 7.5405 , -0.0767 , 3.8090 , 9.0364 , -0.3558 , 0.0107 , 0.3590 , 0.3472 , 1.8557 , 0.8457 , 0.9216 , -22.8554 , -0.4860 , 22.8605
2 , -1.1911 , 3.4177 , 7.4017 , 0.6008 , 3.7632 , 9.0359 , 0.2322 , 0.0149 , -0.6850 , -1.2377 , 1.9291 , -1.7360 , 0.9183 , -22.5652 , 3.8040 , 22.8836
10 , 0.6009 , 3.3782 , 14.7076 , 0.0400 , 4.2541 , 8.8358 , 0.5028 , -1.1856 , -0.6658 , 0.9046 , -0.2127 , -0.5387 , 0.8884 , -25.7090 , 0.2591 , 25.7103
1 , -0.3747 , 6.4224 , 6.1064 , 1.9947 , 6.9477 , 6.6273 , -0.2141 , 1.4701 , 0.2695 , -4.4260 , -2.0958 , 0.7444 , 0.8448 , -45.1102 , 16.7510 , 48.1199
5 , -1.7609 , 3.9600 , 8.7317 , 2.2838 , 6.4460 , 7.0287 , 0.0330 , 0.1161 , 0.1204 , -2.5209 , -2.1879 , 1.8154 , 0.8406 , -41.0951 , 18.0005 , 44.8646
1 , -1.4210 , 6.1950 , 7.9021 , 1.3111 , 6.8727 , 6.8715 , 0.0884 , 0.1832 , -0.0213 , -2.1227 , -1.8257 , 1.8051 , 0.8840 , -44.4930 , 10.8024 , 45.7856
10 , 1.7047 , 4.3610 , 12.9275 , 2.2904 , 7.0286 , 6.4439 , 0.1225 , -0.1917 , -0.0309 , -1.0442 , -3.2649 , 3.9206 , 0.8405 , -45.7838 , 19.5669 , 49.7898
1 , -2.7306 , 4.6855 , 6.7624 , 0.6153 , 5.9828 , 7.7459 , 0.1268 , -0.3047 , -0.4133 , -1.0738 , -0.2606 , -1.1103 , 0.9201 , -37.5947 , 4.5419 , 37.8680
6 , -0.1341 , 2.8204 , 9.1470 , 0.5635 , 6.1940 , 7.5820 , -0.3899 , 0.3803 , -0.1470 , -2.3496 , -3.7256 , 1.0084 , 0.9033 , -39.1691 , 4.2504 , 39.3990
3 , -0.6213 , 3.5973 , 9.8234 , -2.0662 , 5.6468 , 7.7469 , -0.6530 , -0.1204 , 0.1672 , 2.3799 , 0.8918 , 1.0446 , 0.9429 , -35.1564 , -14.9340 , 38.1968
1 , -1.1001 , 6.9228 , 8.0038 , -2.8660 , 4.0534 , 8.4573 , 0.2780 , -0.0107 , 0.1747 , 1.7659 , 2.8694 , -0.4535 , 0.9650 , -24.4145 , -18.7205 , 30.7657
9 , 2.0339 , 3.5087 , 12.7719 , -1.7778 , 3.6599 , 8.9227 , -0.1779 , -0.7713 , 0.1545 , 1.4474 , 0.5443 , 1.0012 , 0.9742 , -21.9133 , -11.2685 , 24.6409
7 , -1.6628 , 3.4321 , 8.7352 , -1.3760 , 3.4838 , 9.0631 , 0.1140 , -0.4783 , 0.1523 , 0.3537 , 1.6242 , -1.9140 , -0.9808 , -20.8090 , -8.6330 , 22.5287
8 , -0.0443 , 2.6468 , 9.4607 , -0.3823 , 1.4362 , 9.6934 , 0.5795 , 0.2077 , -0.1417 , 0.3380 , 1.2106 , -0.2327 , 0.9971 , -8.4215 , -2.2586 , 8.7191
6 , 0.7075 , 3.3028 , 6.3291 , -0.8081 , 2.5915 , 9.4235 , 0.2727 , 0.2834 , 0.0799 , 0.8200 , 2.3310 , -4.8649 , 0.9901 , -15.3228 , -4.9011 , 16.0876
2 , 0.0311 , 5.6108 , 8.8801 , -1.8394 , 3.1696 , 9.0962 , -0.0053 , 0.0138 , -0.0021 , 2.1973 , 2.5095 , 2.4379 , -0.9799 , -18.8571 , -11.4320 , 22.0517
4 , -0.3723 , 4.8734 , 7.3227 , -1.8225 , 3.1994 , 9.0891 , -0.0618 , -0.5145 , 0.0511 , 1.6645 , 2.2271 , -2.5362 , -0.9797 , -19.0412 , -11.3383 , 22.1614
4 , -0.2658 , 5.7162 , 6.9875 , -0.8234 , 3.1391 , 9.2541 , -0.1800 , 0.7979 , 0.3430 , 0.5541 , 1.1777 , 1.0027 , -0.9841 , -18.6688 , -5.0848 , 19.3489
5 , -0.3711 , 4.5969 , 10.4974 , -1.6519 , 3.2955 , 9.0874 , 0.0362 , 0.2663 , 0.0756 , 2.2648 , 1.3073 , -0.4168 , -0.9798 , -19.6363 , -10.3028 , 22.1751
1 , 0.2957 , 6.1591 , 5.6192 , -2.0211 , 3.4221 , 8.9652 , 0.0011 , 0.6722 , 0.3366 , 1.7361 , 1.1879 , -2.1345 , -0.9758 , -20.4235 , -12.7040 , 24.0523
10 , 0.6428 , 4.4388 , 11.1163 , -0.8197 , 0.7626 , 9.7425 , 0.5369 , -0.1875 , 0.0937 , 1.4374 , 4.1527 , -2.0943 , 0.9980 , -4.4597 , -4.8094 , 6.5589
1 , -0.2263 , 5.7892 , 8.6299 , -0.7842 , 2.1885 , 9.5271 , 0.0671 , 1.0472 , 0.6253 , 0.9170 , 2.8369 , -0.1454 , -0.9893 , -12.8952 , -4.7053 , 13.7268
1 , -1.0558 , 5.8012 , 9.2488 , -2.3972 , 2.5818 , 9.1519 , -0.0138 , -0.2557 , -0.3334 , 1.2983 , 1.0035 , 2.2133 , -0.9707 , -15.2642 , -14.6780 , 21.1764
10 , -0.2753 , 2.7054 , 7.7883 , -0.1392 , 4.7196 , 8.5951 , -0.2898 , -0.0842 , 0.0458 , 0.6826 , -0.2161 , 1.8699 , 0.9682 , -28.7680 , -0.9276 , 28.7829
6 , 0.2514 , 3.6787 , 11.9914 , 0.0396 , 4.2206 , 8.8518 , 0.2162 , 0.5017 , 0.3835 , 0.4500 , -0.6652 , 1.2517 , 0.9750 , -25.4919 , 0.2565 , 25.4932
7 , -0.0359 , 4.3048 , 10.7428 , -0.9428 , 4.1844 , 8.8189 , -0.5571 , 0.2141 , -0.2482 , 1.2983 , 0.5801 , 2.0412 , -0.9723 , -25.2577 , -6.1020 , 25.9843
3 , 0.3053 , 4.5179 , 9.8509 , -1.3116 , 3.8903 , 8.9059 , 0.1449 , -0.2173 , -0.1651 , 2.5411 , 0.7808 , 2.7107 , -0.9755 , -23.3722 , -8.3782 , 24.8285
8 , 0.2873 , 4.4592 , 10.5357 , -1.0164 , 4.1110 , 8.8452 , -0.1374 , -0.0149 , -0.1513 , 1.1924 , -0.6118 , 1.3960 , -0.9748 , -24.7843 , -6.5552 , 25.6365
6 , 1.6149 , 4.3778 , 10.4675 , -0.8097 , 4.9203 , 8.4442 , 0.4591 , -0.2184 , 0.0096 , 2.4245 , -0.5425 , 2.0232 , 0.9646 , -30.1148 , -5.4769 , 30.6088
10 , 0.5183 , 2.8419 , 10.5213 , -0.5762 , 4.1729 , 8.8558 , 0.5784 , -0.3782 , 0.1683 , 1.4932 , -0.4164 , -0.8747 , 0.9721 , -25.1835 , -3.7227 , 25.4572
8 , 1.6029 , 3.9492 , 11.2432 , 0.3018 , 3.3282 , 9.2197 , 0.1449 , -0.3196 , -0.1577 , 0.7708 , 0.7311 , -1.3032 , -0.9845 , -19.8394 , 1.8751 , 19.9278
9 , 2.1272 , 4.2138 , 13.6410 , 0.7709 , 3.6084 , 9.0860 , -0.5284 , 0.0692 , -0.1374 , 1.0379 , 0.6090 , 2.3870 , -0.9814 , -21.5893 , 4.8494 , 22.1273
5 , 1.2701 , 4.5586 , 8.1918 , 0.6006 , 3.9141 , 8.9716 , -0.0458 , -0.8288 , 0.2993 , -0.3145 , 1.8308 , 1.9747 , -0.9784 , -23.5238 , 3.8302 , 23.8336
3 , 1.0738 , 4.6064 , 9.0585 , 2.1453 , 3.4938 , 8.9085 , -0.0362 , 0.2077 , 0.1300 , -1.4354 , 0.7547 , -1.1010 , -0.9762 , -20.8713 , 13.5398 , 24.8785
5 , 0.7015 , 4.1312 , 9.9635 , 1.9227 , 3.0730 , 9.1121 , 0.1662 , 0.3345 , 0.0160 , -1.6079 , 0.8140 , -0.3625 , -0.9815 , -18.2615 , 11.9149 , 21.8047
4 , 0.7805 , 5.4492 , 9.3661 , 1.6342 , 4.0097 , 8.7990 , -0.0650 , 0.6115 , 0.2802 , -1.0021 , 0.1946 , -1.3459 , -0.9724 , -24.1339 , 10.5213 , 26.3276
4 , -0.1065 , 5.2613 , 9.8186 , 1.0644 , 4.9865 , 8.3769 , -0.1001 , 0.1385 , -0.0586 , -0.2719 , -0.6398 , 1.1556 , -0.9624 , -30.5628 , 7.2416 , 31.4090
3 , 1.1636 , 5.3295 , 12.6869 , 2.9376 , 5.8417 , 7.3086 , -0.6669 , -0.4804 , 0.0586 , -2.2972 , -1.4232 , 0.9873 , -0.9337 , -36.5616 , 21.8972 , 42.6174
10 , -0.3711 , 3.3076 , 10.2185 , 1.3787 , 3.1671 , 9.1782 , 0.0362 , -0.0447 , -0.0511 , -0.7311 , 0.7402 , -0.4130 , 0.9775 , -18.8418 , 8.5428 , 20.6880
3 , 0.4597 , 3.5805 , 10.0521 , 1.2584 , 4.1870 , 8.7782 , -0.0479 , 0.6179 , 0.2621 , -1.4212 , 0.1585 , -3.5373 , 0.9689 , -25.2743 , 8.1581 , 26.5583
3 , 0.9110 , 5.5617 , 14.8369 , 0.3822 , 4.0544 , 8.9211 , -0.3089 , -0.6732 , 0.0650 , -0.2146 , 0.7016 , 0.8101 , 0.9756 , -24.4210 , 2.4530 , 24.5438
1 , 0.1891 , 5.5318 , 9.8797 , 0.8316 , 4.6066 , 8.6173 , 0.1108 , 0.4336 , 0.2088 , -0.4736 , 0.3398 , 0.2401 , 0.9692 , -28.0177 , 5.5121 , 28.5548
3 , 0.8236 , 5.9592 , 11.8238 , 2.5982 , 5.3446 , 7.8009 , -0.3590 , -0.7681 , -0.1928 , -2.0823 , 0.0783 , 3.2938 , 0.9472 , -33.0246 , 18.4210 , 37.8148
7 , 2.0458 , 6.4871 , 13.2339 , 3.5305 , 4.9064 , 7.7222 , -0.5039 , 0.5923 , -0.5220 , -2.4771 , -0.1910 , 4.7958 , 0.9429 , -30.0208 , 24.5694 , 38.7931
3 , -0.2753 , 4.8411 , 11.4575 , 0.0099 , 6.5423 , 7.3053 , 0.3047 , 0.1321 , -0.0341 , 0.1685 , -2.0233 , 0.5261 , 0.9163 , -41.8462 , 0.0774 , 41.8463
1 , -1.0822 , 6.0118 , 9.4619 , -0.6571 , 7.2677 , 6.5513 , -0.6157 , 0.0863 , -0.1800 , 1.8782 , -0.5532 , 6.2637 , 0.9048 , -47.8252 , -5.7278 , 48.1669
2 , -0.3400 , 5.4420 , 13.7020 , -1.0652 , 6.3478 , 7.3987 , -0.4858 , -0.2344 , -0.0234 , 1.7356 , -0.9920 , 5.4702 , 0.9263 , -40.3384 , -8.1926 , 41.1619
5 , 1.4952 , 4.9428 , 11.3545 , -0.2177 , 4.5488 , 8.6851 , -0.0597 , 0.1630 , -0.0714 , 0.7648 , -0.2955 , 0.9779 , 0.9473 , -27.6356 , -1.4357 , 27.6729
9 , 1.2175 , 4.0905 , 10.6805 , 0.6305 , 4.4727 , 8.7044 , -0.4101 , -0.0064 , -0.0490 , 0.0458 , -0.4110 , 0.3013 , 0.9377 , -27.1352 , 4.1430 , 27.4497
7 , -1.2354 , 2.4505 , 10.9738 , 0.0569 , 4.0556 , 8.9286 , 0.0746 , 0.2173 , 0.1736 , 0.0928 , -0.3650 , -1.9064 , 0.9448 , -24.4286 , 0.3648 , 24.4313
6 , 1.0199 , 4.4137 , 10.6781 , 0.1782 , 2.8774 , 9.3733 , 0.1087 , -0.3696 , 0.0021 , 0.0540 , 1.2646 , 0.2645 , 0.9639 , -17.0623 , 1.0893 , 17.0970
7 , -0.5435 , 4.0390 , 10.2364 , 0.8875 , 3.1457 , 9.2459 , 0.0064 , 0.0373 , -0.1172 , -0.7666 , 1.7325 , -0.5035 , 0.9595 , -18.7095 , 5.4831 , 19.4964
6 , 1.0319 , 4.3670 , 9.5589 , 1.0314 , 3.0925 , 9.2489 , 0.1758 , 0.3036 , -0.0874 , 0.5272 , 0.9489 , 1.9008 , 0.9612 , -18.3817 , 6.3631 , 19.4519
8 , 0.9864 , 5.1284 , 11.1031 , 0.8120 , 2.7978 , 9.3639 , -0.0959 , -0.1928 , 0.1513 , 0.1649 , 1.5656 , -1.6726 , 0.9593 , -16.5765 , 4.9559 , 17.3015
3 , 0.0204 , 3.3531 , 8.7065 , 1.2484 , 3.6224 , 9.0272 , 0.1875 , 0.3409 , -0.5017 , -0.7816 , 1.1516 , 1.6127 , 0.9576 , -21.6777 , 7.8740 , 23.0635
3 , 0.2873 , 3.6883 , 7.2137 , 0.0413 , 4.3928 , 8.7677 , -0.1033 , -0.0288 , -0.0138 , 0.5967 , 0.0042 , -0.3856 , 0.9453 , -26.6116 , 0.2700 , 26.6130
9 , 0.7147 , 4.2796 , 10.8840 , 0.2268 , 3.5205 , 9.1501 , -0.0703 , -0.0565 , -0.0117 , 0.0880 , 0.4491 , -0.5813 , 0.9479 , -21.0385 , 1.4200 , 21.0863
4 , 2.1584 , 6.3375 , 10.8326 , -0.4463 , 3.7081 , 9.0676 , 1.0237 , 0.3718 , 0.5092 , 0.2823 , 0.3741 , -2.2465 , 0.9497 , -22.2171 , -2.8177 , 22.3951
8 , 0.6285 , 3.0825 , 9.5912 , 0.0512 , 4.7566 , 8.5757 , -0.3143 , 0.2546 , 0.2503 , 0.8311 , -0.4495 , 3.0973 , 0.9272 , -29.0152 , 0.3419 , 29.0172
3 , 2.0506 , 6.6008 , 13.8612 , -0.1588 , 4.2205 , 8.8506 , 0.6360 , 0.7212 , 0.2013 , 1.1165 , -0.1492 , 1.5858 , 0.9425 , -25.4911 , -1.0279 , 25.5119
1 , 0.1628 , 6.2872 , 10.2328 , -1.5772 , 5.6696 , 7.8447 , -0.1236 , 0.6882 , -0.3206 , 1.7400 , 0.6176 , 2.3882 , 0.9384 , -35.3196 , -11.3681 , 37.1040
3 , 0.6919 , 4.4819 , 8.7113 , -0.8286 , 3.8908 , 8.9636 , 0.1055 , 0.0831 , 0.0788 , 1.3374 , 0.2644 , -0.0811 , 0.9418 , -23.3751 , -5.2815 , 23.9643
6 , 0.1018 , 3.7433 , 8.3606 , -0.7893 , 3.8770 , 8.9731 , -0.0927 , 0.0948 , 0.0202 , 1.6010 , 0.2075 , 0.2135 , 0.9437 , -23.2875 , -5.0272 , 23.8240
8 , 1.0307 , 4.5442 , 12.2463 , -1.0167 , 4.1005 , 8.8500 , 0.1257 , -0.0021 , -0.0607 , 1.7314 , 0.5191 , -0.2249 , 0.9441 , -24.7169 , -6.5534 , 25.5709
4 , 2.4828 , 6.1136 , 11.3342 , 0.2083 , 4.8883 , 8.4989 , -0.0511 , 0.3494 , 0.3196 , 0.6273 , -0.1658 , 0.6374 , 0.9328 , -29.8989 , 1.4037 , 29.9319
10 , 1.3108 , 4.5011 , 12.2906 , -1.4499 , 4.1408 , 8.7705 , 0.7702 , -0.2290 , -0.0703 , 2.4184 , -1.3264 , 0.2975 , 0.9289 , -24.9764 , -9.3871 , 26.6822
1 , -1.6173 , 4.9572 , 7.5381 , -0.3387 , 6.5655 , 7.2767 , 0.1502 , 0.8458 , 0.2802 , -0.0839 , -0.9283 , 0.5595 , 0.9144 , -42.0277 , -2.6651 , 42.1121
4 , -1.6149 , 3.7733 , 9.0537 , -0.2810 , 6.4559 , 7.3765 , -0.2727 , -0.0756 , -0.2290 , 0.1937 , -1.4987 , 3.3136 , 0.9091 , -41.1718 , -2.1819 , 41.2295
7 , -1.4090 , 3.5279 , 9.2847 , -0.4635 , 5.9995 , 7.7435 , -0.2088 , 0.0991 , 0.4005 , -0.4272 , -2.8140 , -1.0960 , 0.9128 , -37.7180 , -3.4253 , 37.8733
7 , 0.0958 , 5.7245 , 10.7308 , -0.7565 , 6.0318 , 7.6951 , -0.5316 , 0.2120 , -0.5284 , 0.8523 , -0.3073 , 3.0357 , 0.9268 , -37.9575 , -5.6149 , 38.3706
10 , -0.3208 , 2.4648 , 11.9746 , -1.6444 , 5.0455 , 8.2468 , -0.1225 , 0.0277 , 0.2876 , 1.5366 , -1.9606 , 1.0343 , 0.9326 , -30.9638 , -11.2767 , 32.9533
1 , -2.0123 , 5.7700 , 7.7931 , -0.6648 , 5.9047 , 7.8014 , -0.2951 , 0.5827 , -0.2887 , -1.3475 , -0.1347 , -0.0083 , 0.9474 , -37.0216 , -4.8711 , 37.3407
1 , -2.5271 , 4.8387 , 5.5043 , -1.8842 , 5.3447 , 8.0034 , -0.1236 , 0.0415 , -0.1981 , -0.6429 , -0.5060 , -2.4991 , 0.9527 , -33.0254 , -13.2475 , 35.5833
4 , -1.4269 , 5.3558 , 12.0823 , -2.1104 , 5.0672 , 8.1265 , -0.4804 , 0.0415 , -0.3696 , 2.1834 , -0.9252 , 1.3162 , 0.9556 , -31.1119 , -14.5577 , 34.3493
9 , -0.4142 , 4.1108 , 9.3913 , 0.1799 , 2.8439 , 9.3835 , -0.3899 , -0.4133 , 0.1577 , -0.5941 , 1.2670 , 0.0077 , 0.9811 , -16.8577 , 1.0985 , 16.8935
10 , 0.8128 , 3.7565 , 13.1777 , 0.9501 , 2.2554 , 9.4963 , 0.0383 , -0.0724 , 0.2162 , -1.4146 , 0.5147 , -1.2507 , 0.9850 , -13.2965 , 5.7137 , 14.4721
7 , -1.1217 , 4.2413 , 10.4423 , 1.1759 , 2.6578 , 9.3661 , 0.4101 , 0.7563 , 0.6530 , -0.5582 , 1.5787 , -2.4409 , 0.9838 , -15.7250 , 7.1559 , 17.2767
7 , 0.1161 , 5.4049 , 10.1598 , 2.7143 , 5.3784 , 7.7379 , -0.2418 , 0.2120 , 0.1928 , -3.0638 , -1.5980 , 0.2001 , 0.9360 , -33.2606 , 19.3297 , 38.4695
8 , -0.3124 , 3.0622 , 9.4930 , 2.8782 , 4.1898 , 8.3864 , -0.2162 , -0.0394 , -0.0831 , -2.3910 , 0.0324 , 1.0599 , 0.9453 , -25.2924 , 18.9420 , 31.5991
3 , -0.2011 , 4.1108 , 7.4795 , 2.9427 , 4.1932 , 8.3623 , 0.2908 , 0.4698 , 0.2919 , -2.5273 , -0.0141 , -0.2735 , 0.9475 , -25.3143 , 19.3869 , 31.8852
5 , -0.8930 , 4.6735 , 9.4918 , 3.1104 , 5.3994 , 7.5724 , -0.0660 , 0.1939 , 0.0554 , -2.7812 , -1.4801 , 1.8033 , 0.9267 , -33.4075 , 22.3307 , 40.1836
10 , -0.7374 , 3.7302 , 5.3750 , 2.8254 , 5.2467 , 7.7884 , -0.1289 , -0.6232 , -0.8085 , -3.6071 , -2.0504 , 0.5350 , 0.9340 , -32.3447 , 19.9394 , 37.9968
3 , -0.3424 , 3.9373 , 8.6143 , 3.0138 , 4.7391 , 8.0392 , -0.3782 , 1.0599 , 0.5699 , -3.7572 , -0.1219 , -2.3062 , 0.9218 , -28.8981 , 20.5508 , 35.4604
6 , 0.4322 , 4.0438 , 10.8110 , 1.8193 , 2.8784 , 9.1965 , -0.0107 , 0.0650 , 0.0660 , -1.3764 , 1.1187 , 0.0164 , 0.9608 , -17.0684 , 11.1901 , 20.4095
10 , -0.4262 , 2.3355 , 9.1016 , 1.1201 , 2.8636 , 9.3121 , 0.5859 , 0.0980 , 0.0426 , -0.7742 , 0.9910 , -1.4567 , 0.9624 , -16.9782 , 6.8590 , 18.3113
2 , -0.4633 , 5.3678 , 13.0556 , 0.9802 , 5.0050 , 8.3761 , 0.0053 , -0.4218 , -0.2887 , -1.4435 , 0.3628 , 4.6795 , 0.9535 , -30.6886 , 6.6747 , 31.4061
1 , -2.4936 , 5.3032 , 6.7433 , 0.5244 , 6.8372 , 7.0106 , 0.1619 , 1.3838 , 0.6573 , -1.3409 , -2.0129 , 1.8061 , 0.9215 , -44.2026 , 4.2781 , 44.4091
8 , -0.1568 , 3.5374 , 10.0664 , -1.3933 , 6.3404 , 7.3504 , -0.1609 , -0.1097 , 0.2429 , 1.1144 , -1.2479 , -0.3485 , 0.9276 , -40.2814 , -10.7334 , 41.6869
5 , -0.1856 , 3.7373 , 9.6845 , -0.9104 , 6.1043 , 7.6210 , -0.1768 , 0.5284 , 0.4218 , 0.5225 , -2.8135 , 2.6418 , 0.9373 , -38.4963 , -6.8121 , 39.0944
2 , -1.1863 , 4.8985 , 9.3948 , -0.9073 , 5.3878 , 8.1436 , -0.3228 , 0.0043 , -0.4559 , 0.9312 , 0.0542 , 1.4356 , -0.9567 , -33.3260 , -6.3570 , 33.9269
10 , 0.1796 , 2.5462 , 11.8597 , -1.3298 , 4.7428 , 8.4799 , -0.4463 , -0.1715 , 0.0937 , 1.3274 , -1.4951 , -0.0714 , 0.9648 , -28.9228 , -8.9123 , 30.2647
9 , 1.3132 , 3.3926 , 12.5157 , -0.9273 , 4.0228 , 8.8954 , -0.3750 , -0.5284 , 0.0341 , 1.3487 , -0.4626 , -2.2898 , 0.9760 , -24.2179 , -5.9511 , 24.9384
2 , 0.0311 , 4.4496 , 8.9040 , 0.1440 , 4.4515 , 8.7369 , 0.3771 , 0.8277 , 0.2972 , 0.0882 , -0.3310 , 0.7932 , -0.9723 , -26.9957 , 0.9443 , 27.0122
7 , -0.9230 , 5.4360 , 9.6307 , -0.9513 , 5.1049 , 8.3190 , -0.0085 , -0.1427 , -0.3686 , 0.6268 , 0.1528 , 0.0212 , -0.9593 , -31.3695 , -6.5233 , 32.0406
9 , 1.0211 , 3.3770 , 12.5277 , 0.1491 , 5.1281 , 8.3577 , -0.0405 , -0.0234 , -0.0597 , 0.3142 , -1.1297 , 0.6960 , 0.9585 , -31.5280 , 1.0220 , 31.5446
7 , 1.5071 , 6.3087 , 8.8945 , 0.0938 , 7.0490 , 6.8172 , 0.5965 , 0.4602 , 0.0948 , -0.2099 , -2.9429 , 0.7413 , 0.9182 , -45.9550 , 0.7881 , 45.9618
9 , 0.8104 , 2.8084 , 9.7181 , -0.9327 , 7.0089 , 6.7952 , -0.1747 , -0.7553 , -0.1651 , 0.8872 , -1.6328 , 2.8319 , 0.9133 , -45.6197 , -7.8155 , 46.2843
1 , -1.2438 , 5.7281 , 8.8202 , 0.1871 , 6.8552 , 7.0101 , -0.1406 , 1.4711 , 0.5198 , -1.0466 , -1.7986 , 1.1254 , 0.9234 , -44.3497 , 1.5286 , 44.3760
6 , 0.0000 , 3.3184 , 8.9842 , 0.5965 , 6.9268 , 6.9162 , -0.6402 , 0.2482 , 0.1065 , 0.3181 , -2.6233 , 0.8710 , 0.9221 , -44.9380 , 4.9290 , 45.2076
7 , -1.5395 , 2.6324 , 8.8729 , 0.6134 , 6.3888 , 7.4146 , 0.2077 , -0.1342 , -0.6008 , -2.1529 , -3.7564 , 1.4583 , 0.9370 , -40.6532 , 4.7291 , 40.9273
4 , -1.1815 , 4.0247 , 8.4898 , -0.0057 , 7.1061 , 6.7582 , -0.1044 , 0.2812 , 0.1214 , -0.0961 , -2.1418 , 1.8107 , 0.9176 , -46.4376 , -0.0481 , 46.4376
1 , -2.8730 , 4.1958 , 7.5669 , 1.2200 , 7.6069 , 6.0677 , -0.3164 , 0.2162 , -0.1172 , -0.9674 , -1.9111 , 3.5594 , -0.8982 , -50.8674 , 11.3684 , 52.1223
8 , 0.2646 , 3.3435 , 9.6007 , 2.1533 , 7.4312 , 6.0258 , -0.5454 , -0.4847 , -0.3803 , -2.1269 , -4.7138 , 4.3530 , -0.8985 , -49.2684 , 19.6639 , 53.0476
3 , 1.4437 , 5.9903 , 10.6841 , 2.6352 , 6.8793 , 6.4731 , 0.1268 , 0.9268 , 0.3270 , -3.3930 , -2.6691 , 0.4270 , 0.9101 , -44.5473 , 22.1517 , 49.7509
10 , 0.8787 , 4.2042 , 11.3988 , 1.8466 , 6.8694 , 6.7507 , -0.2088 , -0.3856 , -0.4432 , -1.8059 , -3.2362 , 5.3939 , -0.9185 , -44.4656 , 15.2989 , 47.0239
8 , 0.7099 , 4.8327 , 10.4447 , 1.7374 , 6.9065 , 6.7418 , -0.1300 , -0.3260 , 0.0565 , -0.3499 , -1.5806 , 2.5441 , 0.9185 , -44.7706 , 14.4508 , 47.0450
2 , 0.3879 , 4.9261 , 8.3306 , 2.0507 , 6.4394 , 7.1063 , 0.0756 , 0.1044 , 0.1140 , -1.7083 , -2.0161 , 0.9813 , -0.9285 , -41.0438 , 16.0970 , 44.0875
8 , 0.7362 , 5.1451 , 9.4152 , 2.2454 , 5.5820 , 7.7440 , -0.6732 , 0.2631 , 0.0724 , -2.4800 , -2.5163 , 1.5335 , 0.9447 , -34.6952 , 16.1696 , 38.2781
5 , -2.1727 , 1.9501 , 7.5729 , 0.2458 , 2.3671 , 9.5135 , -0.2514 , 0.1491 , -0.0778 , -0.2015 , 1.8299 , -0.0253 , -0.9922 , -13.9679 , 1.4799 , 14.0461
6 , 0.3735 , 3.3519 , 10.0521 , 1.2282 , 2.0605 , 9.5087 , -0.0511 , 0.4772 , -0.1161 , -2.6492 , 1.4997 , -2.1119 , -0.9923 , -12.1290 , 7.3601 , 14.1875
10 , 0.8763 , 4.4664 , 9.2751 , 0.2694 , 1.9974 , 9.5973 , -0.1310 , -0.6541 , -0.7191 , -0.0982 , 0.7224 , 4.0449 , -0.9946 , -11.7522 , 1.6079 , 11.8617
1 , -0.0239 , 6.1375 , 8.0517 , -1.5589 , 3.4202 , 9.0577 , 0.3270 , 0.4655 , 0.4336 , 0.8323 , 1.4568 , 0.5131 , -0.9804 , -20.4118 , -9.7654 , 22.6275
7 , -1.7071 , 3.2130 , 9.2907 , -0.6469 , 2.9796 , 9.3206 , -0.2599 , 0.4495 , 0.4538 , 0.2866 , 1.1049 , -0.9242 , -0.9875 , -17.6880 , -3.9702 , 18.1281
8 , -0.4968 , 3.2441 , 11.8920 , -0.3925 , 2.4102 , 9.4977 , -0.3377 , 0.1971 , -0.1395 , -0.1043 , 0.8339 , 2.3943 , -0.9916 , -14.2275 , -2.3665 , 14.4229
4 , 0.6213 , 5.5833 , 10.4064 , -0.7366 , 2.8091 , 9.3668 , 0.3036 , 0.3196 , 0.7436 , -0.5634 , 2.4701 , -7.4359 , -0.9834 , -16.6454 , -4.4967 , 17.2420
6 , -0.0204 , 4.6890 , 11.2348 , -0.8375 , 3.5063 , 9.1200 , -1.4019 , -0.8938 , -0.3505 , 0.0427 , 1.4461 , 1.6635 , -0.9661 , -20.9494 , -5.2471 , 21.5965
3 , -0.7614 , 2.8766 , 7.3107 , 0.9839 , 0.8774 , 9.7176 , -0.3079 , -0.6914 , -0.1246 , -1.4125 , 4.2774 , 4.4740 , -0.9887 , -5.1329 , 5.7817 , 7.7314
6 , 1.2821 , 3.2681 , 11.0026 , 1.4737 , 1.9996 , 9.4868 , 0.0415 , -0.1534 , 0.0969 , -0.5124 , 1.3918 , 0.2121 , -0.9902 , -11.7654 , 8.8296 , 14.7101
7 , -0.8021 , 3.0550 , 10.8673 , 0.7005 , 2.4077 , 9.4807 , -0.0660 , 0.1715 , 0.1779 , -0.7520 , 0.8820 , -1.3859 , -0.9856 , -14.2121 , 4.2256 , 14.8270
5 , -0.4106 , 4.0199 , 11.9554 , 0.4989 , 2.4872 , 9.4729 , -0.5422 , 0.7734 , -0.0660 , 0.9089 , 2.3815 , -2.0437 , -0.9831 , -14.6918 , 3.0146 , 14.9979
2 , -0.5219 , 2.7593 , 8.7185 , 0.6599 , 1.5864 , 9.6550 , -0.2003 , 0.2823 , 0.1108 , -0.3570 , 2.8321 , -3.2457 , -0.9914 , -9.3097 , 3.9097 , 10.0973
4 , -1.7585 , 2.4337 , 8.7017 , 0.1261 , 1.2148 , 9.7303 , -0.2993 , 0.0959 , 0.1736 , -0.1847 , 2.0665 , -0.5689 , -0.9920 , -7.1156 , 0.7423 , 7.1542
3 , 0.6105 , 4.5705 , 9.1087 , 1.8512 , 2.3649 , 9.3355 , -0.0320 , 0.1236 , -0.0245 , -1.6501 , 1.6897 , 0.0307 , -0.9814 , -13.9543 , 11.2161 , 17.9031
7 , -0.9469 , 3.0777 , 10.4483 , 0.8293 , 3.6513 , 9.0637 , -0.8884 , 0.0916 , -0.3952 , 0.4408 , 2.9663 , 0.6268 , -0.9751 , -21.8590 , 5.2278 , 22.4755
9 , 2.4134 , 4.3946 , 14.4682 , 0.2023 , 2.1618 , 9.5633 , -0.2919 , 0.6903 , -0.3185 , 1.5107 , 1.0441 , 1.0933 , -0.9916 , -12.7348 , 1.2121 , 12.7924
6 , 0.4908 , 3.8571 , 10.6710 , -1.3580 , 0.8961 , 9.6707 , -0.1193 , -0.1651 , 0.0533 , 1.3292 , 3.1297 , -0.9307 , -0.9938 , -5.2430 , -7.9932 , 9.5593
1 , -1.1337 , 4.6388 , 10.8362 , -0.9973 , 0.7374 , 9.7279 , 0.3707 , 1.1665 , 0.4740 , -0.0011 , 2.6636 , -1.1746 , -0.9949 , -4.3121 , -5.8537 , 7.2705
9 , 1.6364 , 2.8671 , 12.8724 , -0.1324 , 1.4160 , 9.7030 , -0.0192 , 0.0085 , 0.0458 , 0.4329 , 1.8162 , -0.9258 , -0.9927 , -8.3021 , -0.7818 , 8.3388
9 , 0.5890 , 3.2322 , 10.4064 , -0.5697 , 4.1147 , 8.8834 , -0.0128 , 0.0021 , -0.0383 , 0.4272 , -0.2708 , 0.1882 , -0.9685 , -24.8081 , -3.6692 , 25.0780
5 , 0.6428 , 4.5035 , 11.4766 , -0.5838 , 4.0691 , 8.9035 , 0.1055 , 0.1641 , 0.2152 , 1.0950 , -0.2551 , -0.0437 , -0.9695 , -24.5149 , -3.7518 , 24.8003
6 , 1.0702 , 3.2968 , 10.1227 , -0.8616 , 4.3202 , 8.7615 , 0.1310 , -0.2642 , -0.0714 , 1.8229 , -0.3147 , 3.6333 , -0.9661 , -26.1380 , -5.6166 , 26.7346
10 , -0.6823 , 1.9501 , 9.5158 , -0.0410 , 3.9530 , 8.9746 , -0.0479 , 0.6743 , 0.2674 , -0.6413 , -2.0029 , 0.5412 , -0.9751 , -23.7715 , -0.2619 , 23.7729
2 , -1.1253 , 3.3327 , 8.7412 , -1.1675 , 4.2840 , 8.7438 , -0.2727 , -0.2109 , 0.2035 , 1.1220 , -0.0738 , 1.3801 , -0.9588 , -25.9032 , -7.6053 , 26.9966
7 , -1.3527 , 3.3124 , 11.1821 , -0.6415 , 3.8272 , 9.0062 , -0.1449 , 0.1172 , -0.1150 , 0.4177 , 0.4764 , 1.3104 , -0.9626 , -22.9708 , -4.0744 , 23.3294
10 , 0.0012 , 2.1799 , 9.5325 , 0.0253 , 4.3898 , 8.7692 , 0.1992 , 0.0937 , -0.1449 , 0.0752 , -0.7710 , 0.5753 , -0.9628 , -26.5921 , 0.1656 , 26.5926
1 , -0.5602 , 4.8195 , 11.0241 , -0.6456 , 4.9799 , 8.4234 , 0.3366 , 1.1143 , 0.9577 , -0.9932 , -1.5622 , -0.8027 , -0.9389 , -30.5181 , -4.3830 , 30.8313
2 , -0.0335 , 5.3283 , 7.3310 , 1.4398 , 4.4878 , 8.5998 , -0.3047 , 0.0607 , 0.0138 , -1.5368 , 1.0297 , 1.1553 , -0.9104 , -27.2341 , 9.5044 , 28.8449
7 , 0.5722 , 5.7856 , 9.7420 , 1.3450 , 3.9652 , 8.8678 , 0.3547 , -0.3292 , -0.3910 , -1.0960 , 0.6340 , -1.3536 , -0.9169 , -23.8499 , 8.6244 , 25.3613
9 , 1.4916 , 3.4488 , 11.4994 , 2.0642 , 5.0928 , 8.1223 , -0.4985 , -0.5348 , -0.2162 , -0.9114 , 0.1205 , 1.0917 , -0.9209 , -31.2870 , 14.2590 , 34.3830
9 , 2.7138 , 4.4879 , 10.7069 , 2.5950 , 4.2429 , 8.4519 , 0.6115 , 0.8309 , -0.3025 , -1.9593 , 0.1050 , -1.0538 , -0.9418 , -25.6361 , 17.0681 , 30.7982
6 , 0.9828 , 4.1264 , 10.9188 , 0.9478 , 5.3363 , 8.1729 , -0.2439 , 0.3228 , 0.1704 , 0.2493 , -0.4880 , 1.0651 , -0.9350 , -32.9666 , 6.6149 , 33.6237
1 , -0.5100 , 6.6954 , 6.5362 , -0.5801 , 5.5551 , 8.0607 , -0.4836 , 0.4325 , 0.5902 , -0.5619 , -0.9942 , 3.6769 , -0.9100 , -34.5040 , -4.1162 , 34.7487
9 , 1.6640 , 3.6966 , 10.4770 , 0.4020 , 4.5877 , 8.6580 , 0.2578 , 0.3419 , -0.1811 , 0.6131 , -0.2554 , -0.4268 , -0.9410 , -27.8928 , 2.6586 , 28.0192
5 , 0.5854 , 5.5079 , 10.7296 , -0.3233 , 5.0033 , 8.4281 , 0.3302 , 1.0013 , 0.4645 , 0.2323 , 0.0245 , -0.5224 , -0.9371 , -30.6768 , -2.1966 , 30.7553
10 , 1.3192 , 3.8738 , 10.9032 , -1.0157 , 5.8892 , 7.7753 , -0.1715 , 0.7244 , 0.1065 , 2.3349 , -2.0154 , 3.1279 , -0.9284 , -36.9079 , -7.4428 , 37.6509
2 , 0.9876 , 6.3686 , 9.4092 , -1.4666 , 6.5566 , 7.1435 , 0.1694 , 0.3760 , 0.3558 , 2.1825 , -1.0715 , 1.3906 , -0.8774 , -41.9585 , -11.6019 , 43.5330
8 , 0.7230 , 4.9237 , 9.7971 , -1.5569 , 6.4968 , 7.1790 , -0.0501 , -0.0138 , 0.2120 , 2.0070 , -2.1286 , 1.9178 , -0.8915 , -41.4899 , -12.2360 , 43.2566
3 , 0.5674 , 5.0290 , 8.4288 , -0.8732 , 6.7947 , 7.0171 , -0.4432 , -0.3036 , 0.3718 , 1.9757 , -1.7825 , -1.1381 , -0.8764 , -43.8576 , -7.0930 , 44.4274
2 , -0.0491 , 4.8806 , 8.1403 , 1.8189 , 4.2365 , 8.6553 , 0.0565 , 0.3537 , 0.1683 , -2.1193 , 0.5412 , -0.2983 , -0.9673 , -25.5946 , 11.8677 , 28.2122
7 , -1.1301 , 3.5674 , 9.4763 , 1.6516 , 4.7968 , 8.3925 , -0.3366 , 0.4815 , 0.3206 , -2.3339 , -1.1193 , -1.3858 , -0.9564 , -29.2840 , 11.1331 , 31.3289
1 , -2.2948 , 4.7285 , 7.7847 , -0.3774 , 4.6762 , 8.6117 , -0.5859 , 0.0874 , -0.5880 , -0.0715 , 1.5571 , -0.5492 , -0.9672 , -28.4795 , -2.5096 , 28.5898
8 , -0.1820 , 4.2677 , 10.5381 , -0.1632 , 3.7233 , 9.0709 , 0.0458 , -0.1140 , 0.0362 , 0.7270 , 1.4817 , 1.0901 , 0.9811 , -22.3135 , -1.0306 , 22.3373
6 , 0.3196 , 4.6531 , 9.9323 , 0.0519 , 3.8027 , 9.0392 , 0.1023 , 0.1310 , 0.1491 , -0.5068 , 0.5846 , -2.1570 , 0.9802 , -22.8160 , 0.3292 , 22.8183
6 , 1.3767 , 3.9301 , 9.2919 , -0.2528 , 3.8418 , 9.0193 , 0.2503 , -0.4996 , -0.1513 , 1.2057 , 0.5061 , -0.1045 , -0.9777 , -23.0634 , -1.6055 , 23.1193
6 , 1.4401 , 4.0067 , 10.1969 , 0.5231 , 4.2769 , 8.8094 , 0.3984 , -0.3441 , -0.0820 , 0.4501 , 0.4720 , 1.0488 , -0.9735 , -25.8567 , 3.3985 , 26.0791
7 , 0.2957 , 5.0302 , 11.4970 , 1.0383 , 4.9578 , 8.3972 , 0.4325 , 0.8480 , 0.6125 , -0.3272 , -1.3174 , -1.0003 , -0.9631 , -30.3682 , 7.0488 , 31.1755
7 , 0.8260 , 4.9883 , 11.3282 , 1.4633 , 5.3249 , 8.1040 , -0.0490 , 0.1172 , 0.1332 , -0.8061 , -0.6191 , 0.4828 , -0.9498 , -32.8872 , 10.2356 , 34.4432
4 , -0.1197 , 5.5761 , 8.1020 , 1.4019 , 5.2094 , 8.1895 , 0.3036 , 0.5475 , 0.1246 , -1.0044 , -0.9680 , -0.1701 , -0.9502 , -32.0870 , 9.7138 , 33.5251
10 , -0.5327 , 3.8487 , 10.8816 , 1.2269 , 4.9543 , 8.3737 , 0.5039 , -0.6722 , -0.0213 , -1.3430 , -0.3204 , -0.7602 , -0.9627 , -30.3448 , 8.3355 , 31.4688
7 , -0.8356 , 3.3591 , 7.8266 , 1.4832 , 7.2116 , 6.4779 , 0.0863 , 0.4559 , -0.1076 , -2.3188 , -3.8525 , 1.3488 , -0.9087 , -47.3393 , 12.8962 , 49.0645
2 , -1.2821 , 5.1092 , 10.7069 , 0.7283 , 7.3048 , 6.5023 , -0.5220 , -0.1811 , -0.0522 , -0.5523 , -2.6792 , 5.9619 , -0.9087 , -48.1488 , 6.3908 , 48.5711
2 , -0.1113 , 2.8802 , 4.3491 , 0.9220 , 6.5684 , 7.2234 , 0.3803 , -0.7244 , -0.1076 , -0.6538 , -2.1522 , -0.2874 , -0.9296 , -42.0505 , 7.2738 , 42.6750
10 , -0.1329 , 2.8695 , 8.4695 , 0.7375 , 4.8644 , 8.4832 , 0.4186 , -0.4101 , 0.1768 , -0.3867 , -0.6135 , -1.4227 , 0.9651 , -29.7377 , 4.9685 , 30.1499
8 , -0.4202 , 2.7294 , 8.6371 , 1.5656 , 5.4715 , 7.9864 , -0.0778 , -0.2067 , 0.0437 , -1.5333 , -2.2201 , 1.6084 , 0.9521 , -33.9130 , 11.0913 , 35.6806
6 , 1.3001 , 3.4524 , 9.4882 , 1.2330 , 2.9657 , 9.2658 , 0.1129 , 0.4240 , -0.0320 , -0.0467 , 0.4700 , -2.1335 , -0.9843 , -17.6027 , 7.5799 , 19.1653
6 , 1.0355 , 3.6320 , 10.3406 , 0.4382 , 3.1847 , 9.2648 , 0.2770 , -0.2780 , 0.1438 , 1.0786 , 0.8315 , 1.8252 , -0.9840 , -18.9505 , 2.7077 , 19.1430
3 , -0.6213 , 4.2964 , 8.0912 , 1.0473 , 3.6714 , 9.0330 , -0.2780 , 0.0352 , 0.2333 , -1.6386 , 1.1781 , -1.7821 , -0.9772 , -21.9858 , 6.6133 , 22.9589
2 , 0.8236 , 5.2996 , 7.9452 , -0.0349 , 4.7824 , 8.5614 , -0.6242 , 0.1619 , -0.9023 , 0.8585 , 0.5171 , -0.6162 , -0.9665 , -29.1876 , -0.2333 , 29.1886
10 , 0.9290 , 3.2082 , 8.8262 , -1.0739 , 3.5952 , 9.0605 , 0.0192 , 0.5209 , 0.1385 , 2.1177 , -0.3391 , -2.3723 , 0.9802 , -21.5065 , -6.7593 , 22.5437
10 , 1.9836 , 5.2349 , 10.5034 , -1.8356 , 3.6754 , 8.9046 , 0.0043 , -0.3941 , 0.0724 , 3.8743 , 1.3968 , -1.7963 , 0.9767 , -22.0108 , -11.6480 , 24.9029
3 , 1.3264 , 5.4061 , 9.8186 , -1.0813 , 5.6945 , 7.9104 , 0.0671 , 0.0799 , 0.0213 , 2.0163 , -1.5370 , 0.9817 , -0.9496 , -35.4981 , -7.7840 , 36.3415
10 , 2.0937 , 4.7393 , 11.2216 , -2.0743 , 5.4476 , 7.8861 , 0.4517 , -0.7052 , 0.1843 , 2.6274 , -1.0710 , -0.5922 , -0.9498 , -33.7452 , -14.7370 , 36.8227
5 , 1.1277 , 4.6795 , 11.4132 , -0.7410 , 6.1461 , 7.6057 , 0.0415 , 0.2418 , 0.0884 , 0.9541 , -2.5716 , 2.1519 , 0.9422 , -38.8094 , -5.5649 , 39.2064
2 , 0.0036 , 4.5502 , 9.1016 , -0.3068 , 5.3196 , 8.2327 , -0.3398 , -0.0895 , -0.3750 , 1.0370 , 0.1966 , 0.6402 , -0.9584 , -32.8504 , -2.1339 , 32.9197
9 , 1.5419 , 3.3722 , 11.4922 , -0.5276 , 4.7106 , 8.5850 , 0.3611 , -0.2993 , 0.2312 , 1.0759 , -0.6548 , -1.9818 , 0.9684 , -28.7078 , -3.5167 , 28.9224
2 , 0.3412 , 6.0298 , 8.4420 , 0.2254 , 5.2812 , 8.2601 , 0.3036 , 1.3124 , 0.7254 , -0.3104 , -2.2082 , 1.0199 , -0.9597 , -32.5836 , 1.5633 , 32.6211
6 , 1.6867 , 4.5753 , 11.2527 , -0.4345 , 4.0280 , 8.9307 , -0.2131 , -0.5859 , -0.0394 , 2.1212 , 0.5473 , 2.3221 , -0.9769 , -24.2514 , -2.7854 , 24.4108
9 , 1.2294 , 3.0789 , 7.8566 , 0.5997 , 3.6333 , 9.0890 , 0.1832 , -0.7201 , 0.2141 , 1.3611 , 0.1759 , 0.8936 , -0.9814 , -21.7460 , 3.7751 , 22.0713
2 , 1.0798 , 4.2665 , 9.7947 , 1.2737 , 4.0676 , 8.8319 , 0.1012 , 0.2546 , 0.0937 , -0.5745 , 0.0624 , 0.0135 , -0.9743 , -24.5057 , 8.2061 , 25.8431
4 , -0.1257 , 4.7884 , 10.3130 , -0.0875 , 4.5010 , 8.7123 , 0.2940 , 0.2993 , 0.2067 , 0.3437 , -0.0573 , -0.8342 , -0.9703 , -27.3207 , -0.5757 , 27.3267
3 , 2.0566 , 3.7122 , 8.6036 , 0.3692 , 5.0936 , 8.3719 , -0.0852 , 0.5646 , 0.0788 , -0.2519 , -0.6380 , -4.2120 , -0.9587 , -31.2923 , 2.5251 , 31.3940
3 , 0.9864 , 4.3263 , 9.7205 , 0.8278 , 4.2203 , 8.8133 , -0.3665 , -0.1417 , -0.0288 , 1.0301 , 0.2305 , 0.6797 , -0.9694 , -25.4899 , 5.3659 , 26.0486
3 , 2.3631 , 5.4923 , 10.9188 , 1.0670 , 3.5763 , 9.0687 , -0.2088 , -0.3835 , -0.0533 , 0.0918 , 1.1750 , 2.7646 , -0.9767 , -21.3882 , 6.7104 , 22.4161
10 , 1.2031 , 3.0574 , 10.8685 , 3.0230 , 4.1827 , 8.3389 , -0.6573 , 1.2240 , -0.3835 , -1.8199 , -1.1253 , 2.5296 , -0.9602 , -25.2468 , 19.9264 , 32.1630
4 , -0.6381 , 2.9628 , 8.0721 , -0.1385 , 4.4556 , 8.7349 , -0.1097 , -0.2642 , -0.1417 , 1.9306 , 1.0941 , -0.2211 , -0.9643 , -27.0230 , -0.9084 , 27.0383
5 , 0.6249 , 3.5554 , 6.5900 , 0.1955 , 4.2570 , 8.8323 , -0.0362 , -0.2269 , -0.0629 , 0.4845 , -0.2503 , 1.6794 , -0.9692 , -25.7275 , 1.2680 , 25.7587
4 , 0.2203 , 3.5913 , 6.4991 , 0.5434 , 4.1986 , 8.8457 , 0.0330 , -0.4794 , -0.0192 , 2.4505 , 1.7773 , 1.3632 , -0.9706 , -25.3494 , 3.5155 , 25.5920
4 , -0.3424 , 4.9740 , 8.6742 , 0.6253 , 6.2835 , 7.5031 , -0.0799 , -0.1704 , 0.0842 , -0.4170 , -0.6213 , -0.8903 , -0.9208 , -39.8473 , 4.7637 , 40.1310
1 , -3.8750 , 3.2178 , 4.9740 , 0.9699 , 6.1205 , 7.6006 , 0.1044 , 0.7041 , 0.0426 , -1.1782 , -0.3109 , -6.7172 , -0.9230 , -38.6172 , 7.2725 , 39.2960
2 , -2.9269 , 5.4253 , 6.7828 , -0.0523 , 6.2473 , 7.5590 , -0.5507 , 0.1289 , -0.0959 , 0.2761 , 0.4900 , -4.9398 , -0.9160 , -39.5719 , -0.3961 , 39.5738
3 , 1.1265 , 4.0701 , 8.5365 , 1.5149 , 2.0645 , 9.4664 , 0.1598 , 0.1449 , 0.1800 , -0.7260 , 2.0942 , -0.7180 , -0.9887 , -12.1529 , 9.0919 , 15.1775
3 , 0.8200 , 4.8231 , 10.7428 , 1.2921 , 2.3580 , 9.4308 , -0.3025 , 0.2535 , -0.0948 , -1.2215 , 0.3008 , 1.9536 , -0.9862 , -13.9128 , 7.8017 , 15.9510
10 , 0.2382 , 1.2175 , 9.6331 , 0.6086 , 1.6920 , 9.6404 , -0.0202 , -0.1257 , -0.0703 , -1.6309 , 1.0123 , -0.6059 , 0.9954 , -9.9350 , 3.6121 , 10.5713
7 , -0.4848 , 4.6148 , 10.3537 , 0.8122 , 1.6601 , 9.6309 , -0.2024 , 0.6402 , 0.4698 , -0.2628 , 2.2245 , -0.2457 , 0.9949 , -9.7460 , 4.8207 , 10.8730
1 , -4.2509 , 2.4002 , 7.4065 , -2.0393 , 2.8727 , 9.1520 , 0.0394 , -0.4623 , 0.1587 , -0.9343 , 0.7952 , -4.0368 , 0.9829 , -17.0336 , -12.5620 , 21.1648
9 , 0.6237 , 3.0813 , 11.0193 , 2.0019 , 0.3087 , 9.5952 , -0.0937 , 0.8895 , 0.0724 , -0.4122 , 2.8648 , 1.0937 , 0.9876 , -1.8041 , 11.7851 , 11.9224
4 , -1.5634 , 3.2609 , 8.9471 , -1.2514 , 1.2359 , 9.6476 , -0.2003 , 0.7297 , 0.3174 , -0.7681 , 2.6499 , -8.7079 , 0.9957 , -7.2401 , -7.3904 , 10.3459
3 , 0.2682 , 3.8750 , 9.9252 , -2.2532 , 0.4964 , 9.5314 , -0.1342 , -0.4559 , -0.1182 , 1.9814 , 3.7868 , 1.2282 , 0.9928 , -2.9015 , -13.3002 , 13.6130
2 , 0.3687 , 4.5334 , 8.5629 , -1.9562 , 2.0387 , 9.3908 , 0.0969 , 0.1609 , -0.1097 , 2.3249 , 2.4947 , -0.8279 , 0.9886 , -11.9988 , -11.7670 , 16.8057
2 , -0.3100 , 3.0993 , 7.7967 , -2.2579 , 2.2048 , 9.2850 , 0.0682 , -0.3132 , 0.0565 , 1.9478 , 0.8945 , -1.4883 , 0.9854 , -12.9924 , -13.6675 , 18.8575
6 , 1.0451 , 4.3167 , 11.0672 , -1.3637 , 1.9747 , 9.5085 , -0.2216 , -0.3963 , -0.1768 , 1.2811 , 2.0727 , 0.6166 , 0.9903 , -11.6166 , -8.1617 , 14.1971
3 , 0.3328 , 4.3227 , 11.1917 , -0.4470 , 1.3873 , 9.6977 , -0.1747 , -0.3952 , -0.1651 , 0.7175 , 2.3380 , -0.0970 , 0.9955 , -8.1329 , -2.6389 , 8.5504
8 , -0.3915 , 3.5829 , 7.6088 , 0.2886 , 1.0872 , 9.7419 , -0.8149 , 0.7776 , -0.1342 , 0.4799 , 2.0408 , 1.2259 , 0.9953 , -6.3650 , 1.6971 , 6.5874
10 , -0.2622 , 3.2286 , 12.1590 , -1.2012 , -0.4178 , 9.7238 , 0.6839 , -0.1566 , -0.3579 , 1.3161 , 2.8958 , 0.6778 , 0.9940 , 2.4420 , -7.0421 , 7.4535
5 , 0.4693 , 3.6847 , 10.0700 , 0.0280 , 3.8066 , 9.0377 , 0.2429 , 0.5433 , 0.0181 , 0.5705 , -0.4032 , 0.2626 , 0.9757 , -22.8404 , 0.1777 , 22.8411
5 , -0.1425 , 3.6883 , 10.5836 , -0.8915 , 4.2342 , 8.8004 , -0.3590 , -0.0735 , -0.1012 , 1.1476 , -1.1696 , 1.4061 , 0.9707 , -25.5798 , -5.7842 , 26.2256
5 , 0.4154 , 3.6955 , 10.3980 , 0.6788 , 4.1485 , 8.8600 , -0.0405 , 0.0969 , -0.0383 , 0.0407 , -0.3393 , 0.2009 , 0.9741 , -25.0259 , 4.3810 , 25.4065
3 , 0.4226 , 3.2549 , 8.4036 , 0.5179 , 4.1429 , 8.8735 , 0.2365 , -0.0053 , 0.0692 , 0.5714 , -0.8174 , -0.8457 , 0.9743 , -24.9901 , 3.3404 , 25.2124
6 , 1.9046 , 3.3076 , 9.8031 , 0.6119 , 4.5157 , 8.6836 , -0.2088 , -0.5060 , -0.3952 , -0.6454 , -1.9767 , -0.0142 , 0.9698 , -27.4177 , 4.0309 , 27.7124
5 , 0.6680 , 4.2856 , 10.4100 , 0.6459 , 3.5900 , 9.1030 , 0.0980 , 0.1960 , 0.0703 , -0.1203 , 0.2025 , 0.1290 , 0.9786 , -21.4737 , 4.0584 , 21.8538
5 , -0.0215 , 4.2545 , 9.5732 , 0.3371 , 3.7669 , 9.0480 , -0.0852 , 0.2642 , 0.0341 , 0.0029 , -0.7431 , 0.0775 , 0.9780 , -22.5891 , 2.1336 , 22.6896