8 , -0.3005 , 6.0106 , 6.8438 , 0.7581 , 6.0748 , 7.6611 , -0.7278 , -0.5208 , -0.0663 , -1.0586 , -0.0641 , -0.8173 , -0.9120 , -38.2762 , 5.6516 , 38.6912
10 , 1.7633 , 5.7616 , 7.3191 , 1.1613 , 5.6925 , 7.9005 , 0.1665 , -0.3486 , 0.3546 , 0.6020 , 0.0692 , -0.5814 , -0.9060 , -35.4836 , 8.3622 , 36.4556
1 , 1.2582 , 6.9264 , 4.2569 , 1.2187 , 7.3607 , 6.3644 , -0.3704 , 0.4926 , 0.4719 , 0.0394 , -0.4343 , -2.1075 , -0.8769 , -48.6410 , 10.8404 , 49.8343
4 , 1.1396 , 6.4201 , 8.7221 , 1.4828 , 6.2537 , 7.4070 , -0.1139 , 0.1053 , 0.0302 , -0.3431 , 0.1664 , 1.3151 , -0.9009 , -39.6202 , 11.3202 , 41.2057
9 , 3.2322 , 5.4648 , 5.9987 , 1.9044 , 6.1139 , 7.4273 , -0.6405 , 0.3069 , -0.8781 , 1.3278 , -0.6491 , -1.4286 , -0.9012 , -38.5679 , 14.3813 , 41.1620
4 , 0.0084 , 6.3195 , 8.1427 , 0.6153 , 6.0964 , 7.6568 , -0.1884 , 0.1554 , 0.3558 , -0.6070 , 0.2231 , 0.4859 , -0.9095 , -38.4371 , 4.5947 , 38.7107
7 , 1.5993 , 4.8878 , 9.3122 , 1.2512 , 5.2242 , 8.2044 , -0.0076 , -0.0596 , 0.1371 , 0.3481 , -0.3365 , 1.1078 , -0.9191 , -32.1895 , 8.6712 , 33.3370
6 , 2.1799 , 6.6571 , 6.3530 , 1.8811 , 6.3374 , 7.2435 , -0.5238 , -0.2710 , 0.2862 , 0.2988 , 0.3197 , -0.8905 , -0.8937 , -40.2585 , 14.5581 , 42.8099
6 , 2.9509 , 6.4057 , 6.3207 , 1.4325 , 5.9993 , 7.6241 , -0.7345 , -0.3077 , 0.2080 , 1.5184 , 0.4064 , -1.3034 , -0.9117 , -37.7169 , 10.6413 , 39.1894
3 , 3.8427 , 6.3698 , 7.0078 , 2.2865 , 6.3914 , 7.0776 , -0.3307 , -0.2258 , 0.0925 , 1.5562 , -0.0217 , -0.0697 , -0.8742 , -40.6733 , 17.9037 , 44.4394
9 , 1.2103 , 5.6360 , 6.6260 , 1.9798 , 5.5125 , 7.8653 , -0.2538 , 0.1749 , 0.0137 , -0.7696 , 0.1234 , -1.2393 , -0.9061 , -34.2026 , 14.1288 , 37.0060
6 , 2.0494 , 6.9264 , 6.3015 , 1.5521 , 6.4068 , 7.2605 , -0.5464 , -0.0523 , 0.0693 , 0.4974 , 0.5197 , -0.9590 , -0.9024 , -40.7916 , 12.0665 , 42.5388
8 , 1.0499 , 5.7748 , 7.9188 , 1.4431 , 5.8300 , 7.7523 , -0.1939 , -0.0181 , 0.1426 , -0.3932 , -0.0552 , 0.1665 , -0.9075 , -36.4770 , 10.5448 , 37.9705
4 , 1.0116 , 5.4552 , 7.9763 , 1.2494 , 5.7673 , 7.8325 , -0.2611 , 0.2714 , 0.2355 , -0.2378 , -0.3121 , 0.1438 , -0.9042 , -36.0225 , 9.0630 , 37.1451
3 , 2.0387 , 7.6112 , 5.8466 , 1.2651 , 7.5075 , 6.1812 , -0.3057 , -0.8116 , -0.2990 , 0.7736 , 0.1037 , -0.3346 , -0.8723 , -49.9563 , 11.5665 , 51.2778
6 , 1.1504 , 6.3482 , 6.8390 , 1.4670 , 6.5720 , 7.1293 , -0.3918 , 0.0796 , 0.3192 , -0.3166 , -0.2238 , -0.2903 , -0.8956 , -42.0793 , 11.6274 , 43.6562
8 , -1.1839 , 6.4823 , 6.9779 , 0.0283 , 6.6124 , 7.2420 , -0.7797 , -0.2912 , 0.4847 , -1.2122 , -0.1301 , -0.2641 , -0.9009 , -42.3980 , 0.2237 , 42.3986
9 , 0.2119 , 6.0932 , 7.1742 , 0.6724 , 6.3291 , 7.4606 , -0.3204 , 0.2495 , 0.3240 , -0.4605 , -0.2359 , -0.2864 , -0.9183 , -40.1951 , 5.1498 , 40.5237
1 , 0.7829 , 7.0174 , 9.5589 , 1.2213 , 6.4831 , 7.2559 , -0.2183 , -0.0590 , 0.2074 , -0.4384 , 0.5343 , 2.3030 , -0.9050 , -41.3833 , 9.5547 , 42.4720
6 , 3.3806 , 6.6140 , 6.7217 , 2.3074 , 6.4516 , 7.0159 , -0.2861 , 0.2947 , 0.0076 , 1.0732 , 0.1624 , -0.2942 , -0.8882 , -41.1381 , 18.2052 , 44.9864
3 , 2.4193 , 6.6786 , 7.5932 , 1.9078 , 6.6876 , 6.9143 , -0.0949 , -1.1219 , -0.1976 , 0.5116 , -0.0090 , 0.6790 , -0.8928 , -42.9958 , 15.4252 , 45.6790
1 , 1.6005 , 7.0725 , 7.0916 , 1.7234 , 6.7416 , 6.9102 , -0.1542 , 0.0069 , 0.2966 , -0.1229 , 0.3309 , 0.1814 , -0.8965 , -43.4289 , 14.0038 , 45.6308
4 , 1.2534 , 6.0920 , 7.6938 , 1.2213 , 6.0520 , 7.6192 , -0.3491 , -0.1708 , -0.0626 , 0.0320 , 0.0400 , 0.0746 , -0.8972 , -38.1073 , 9.1069 , 39.1804
6 , 1.3563 , 6.3877 , 6.2537 , 1.6615 , 6.2012 , 7.4132 , -0.4438 , -0.5355 , 0.5012 , -0.3052 , 0.1866 , -1.1595 , -0.9043 , -39.2233 , 12.6329 , 41.2075
5 , 1.1971 , 6.4967 , 6.9923 , 0.6334 , 6.1287 , 7.6295 , -0.0907 , 0.1108 , 0.3399 , 0.5637 , 0.3680 , -0.6372 , -0.9080 , -38.6786 , 4.7459 , 38.9687
10 , 1.2474 , 6.0154 , 6.6679 , 1.1002 , 5.9879 , 7.6879 , -0.3857 , 0.1193 , -0.1091 , 0.1472 , 0.0275 , -1.0201 , -0.9063 , -37.6329 , 8.1443 , 38.5041
5 , 0.6476 , 6.2130 , 7.6543 , 0.8252 , 5.9452 , 7.7553 , -0.1273 , 0.2904 , 0.1597 , -0.1776 , 0.2678 , -0.1010 , -0.9154 , -37.3182 , 6.0736 , 37.8092
3 , 2.2134 , 8.1008 , 6.3985 , 1.9915 , 7.6610 , 5.7891 , -0.5293 , 0.1004 , 0.1616 , 0.2220 , 0.4398 , 0.6094 , -0.8642 , -51.3711 , 18.9836 , 54.7665
4 , 1.0379 , 6.0501 , 6.9061 , 1.3198 , 6.0488 , 7.6053 , -0.0113 , -0.0761 , -0.1268 , -0.2819 , 0.0013 , -0.6992 , -0.9050 , -38.0834 , 9.8448 , 39.3353
3 , 2.0889 , 6.5098 , 7.8350 , 3.1693 , 6.4135 , 6.7077 , -0.0406 , -0.1061 , 0.1292 , -1.0803 , 0.0963 , 1.1273 , -0.8935 , -40.8435 , 25.2900 , 48.0393
4 , 0.8308 , 5.5138 , 8.5940 , 0.5534 , 5.5355 , 8.0760 , 0.1806 , 0.0460 , 0.0944 , 0.2773 , -0.0216 , 0.5179 , -0.9168 , -34.3649 , 3.9203 , 34.5878
7 , 0.5662 , 6.1459 , 8.2456 , 0.9961 , 5.3593 , 8.1521 , -0.2996 , 0.0784 , 0.1487 , -0.4299 , 0.7866 , 0.0936 , -0.9190 , -33.1268 , 6.9666 , 33.8514
10 , 0.1293 , 5.6587 , 8.3989 , 0.3301 , 5.5591 , 8.0720 , 0.2691 , -0.1885 , -0.1634 , -0.2009 , 0.0996 , 0.3268 , -0.9213 , -34.5324 , 2.3421 , 34.6117
6 , 3.2944 , 6.1830 , 8.6790 , 1.8129 , 6.1143 , 7.4498 , 0.9802 , 0.0289 , -0.2581 , 1.4816 , 0.0687 , 1.2292 , -0.9127 , -38.5713 , 13.6768 , 40.9243
6 , 3.3818 , 6.0166 , 7.5381 , 1.8009 , 5.6924 , 7.7797 , -0.3246 , 0.2721 , 0.2886 , 1.5809 , 0.3242 , -0.2415 , -0.9153 , -35.4833 , 13.0336 , 37.8013
10 , 1.8663 , 4.9895 , 7.9092 , 2.0355 , 4.4789 , 8.4833 , -0.1243 , 0.2977 , -0.1995 , -0.1692 , 0.5106 , -0.5741 , -0.9124 , -27.1759 , 13.4925 , 30.3410
6 , 0.9876 , 5.9197 , 7.5645 , 1.1219 , 5.8924 , 7.7583 , -0.3142 , -0.0633 , 0.0308 , -0.1343 , 0.0273 , -0.1938 , -0.9203 , -36.9313 , 8.2284 , 37.8368
5 , 1.3551 , 5.1834 , 10.4267 , 1.2572 , 5.2802 , 8.1675 , 0.2936 , 0.2238 , 0.1793 , 0.0979 , -0.0968 , 2.2592 , -0.9262 , -32.5772 , 8.7506 , 33.7320
9 , 0.5471 , 5.3522 , 8.5018 , 0.7422 , 5.3350 , 8.1950 , -0.2275 , 0.0686 , -0.0132 , -0.1951 , 0.0172 , 0.3069 , -0.9216 , -32.9576 , 5.1752 , 33.3615
8 , 0.5698 , 5.6240 , 7.9691 , 0.6592 , 5.3175 , 8.2134 , -0.1951 , -0.0150 , -0.0303 , -0.0894 , 0.3065 , -0.2443 , -0.9224 , -32.8358 , 4.5886 , 33.1548
9 , 0.7278 , 5.4588 , 7.9344 , 0.7298 , 5.4903 , 8.0929 , -0.1566 , -0.1409 , 0.0186 , -0.0020 , -0.0315 , -0.1585 , -0.9216 , -34.0458 , 5.1530 , 34.4335
5 , 1.2905 , 5.9580 , 6.5110 , 0.9444 , 6.0109 , 7.6907 , -0.3894 , -0.0004 , -0.0406 , 0.3461 , -0.0529 , -1.1797 , -0.9106 , -37.8026 , 7.0005 , 38.4453
2 , 1.4222 , 7.5932 , 6.8714 , 1.5473 , 7.3175 , 6.3427 , 0.0242 , -0.0517 , -0.0516 , -0.1251 , 0.2757 , 0.5286 , -0.8803 , -48.2605 , 13.7092 , 50.1699
2 , 2.7246 , 7.1503 , 4.9823 , 1.9218 , 7.2532 , 6.3141 , -0.4865 , -0.0603 , 0.0040 , 0.8028 , -0.1029 , -1.3318 , -0.8750 , -47.6989 , 16.9287 , 50.6138
8 , 1.0020 , 5.6240 , 8.2121 , 1.2519 , 5.5970 , 7.9547 , 0.0401 , -0.3541 , -0.0223 , -0.2500 , 0.0270 , 0.2575 , -0.9137 , -34.8015 , 8.9441 , 35.9325
6 , 1.2929 , 6.7660 , 6.1734 , 1.7500 , 6.8779 , 6.7678 , -0.4804 , -0.4439 , 0.1487 , -0.4571 , -0.1119 , -0.5943 , -0.8890 , -44.5352 , 14.4977 , 46.8355
4 , 1.6879 , 5.5917 , 8.5377 , 1.5777 , 5.6463 , 7.8613 , -0.0943 , 0.1114 , -0.0241 , 0.1102 , -0.0547 , 0.6764 , -0.9039 , -35.1533 , 11.3481 , 36.9396
7 , 1.8639 , 5.1008 , 8.3689 , 1.8992 , 5.2570 , 8.0578 , -0.4407 , 0.0809 , -0.2819 , -0.0353 , -0.1561 , 0.3111 , -0.9099 , -32.4159 , 13.2623 , 35.0240
2 , 2.9939 , 6.5266 , 6.7301 , 2.2652 , 6.3983 , 7.0782 , -0.2550 , 0.0021 , 0.0815 , 0.7287 , 0.1283 , -0.3481 , -0.8887 , -40.7260 , 17.7461 , 44.4245
8 , 1.7382 , 4.5502 , 9.1866 , 1.9504 , 4.5851 , 8.4465 , -0.3057 , 0.1163 , 0.2312 , -0.2123 , -0.0350 , 0.7401 , -0.9132 , -27.8757 , 13.0028 , 30.7592
4 , 1.1241 , 5.2816 , 8.4934 , 1.3767 , 5.4051 , 8.0660 , -0.3485 , -0.2111 , 0.0064 , -0.2526 , -0.1234 , 0.4274 , -0.9120 , -33.4468 , 9.6856 , 34.8210
3 , 1.5490 , 8.6933 , 7.0473 , 2.3871 , 7.6127 , 5.7025 , 0.1408 , 0.2861 , 0.1109 , -0.8380 , 1.0806 , 1.3448 , -0.8660 , -50.9214 , 22.7141 , 55.7577
8 , -0.9325 , 6.1220 , 7.8889 , 0.7321 , 6.0701 , 7.6674 , -0.7779 , 0.3393 , 0.3289 , -1.6646 , 0.0519 , 0.2215 , -0.9148 , -38.2413 , 5.4540 , 38.6283
7 , 0.7063 , 5.0925 , 8.2361 , 0.6533 , 5.4109 , 8.1526 , 0.0431 , -0.0529 , 0.0864 , 0.0530 , -0.3184 , 0.0834 , -0.9232 , -33.4877 , 4.5818 , 33.7997
3 , 1.9704 , 7.8326 , 6.3746 , 1.8876 , 7.7291 , 5.7332 , 0.3773 , 0.2275 , 0.3741 , 0.0828 , 0.1036 , 0.6414 , -0.8621 , -52.0124 , 13.7242 , 53.7926
3 , 2.3750 , 8.1163 , 4.3850 , 2.0047 , 7.9634 , 5.3607 , -0.2012 , -0.1000 , 0.0632 , 0.3704 , 0.1530 , -0.9757 , -0.8539 , -54.2954 , 14.1298 , 56.1039
6 , 1.3611 , 7.1024 , 6.0059 , 1.5542 , 6.5827 , 7.1009 , -0.3167 , -0.1574 , 0.0907 , -0.1931 , 0.5197 , -1.0951 , -0.9120 , -42.1634 , 12.3456 , 43.9337
7 , 2.0973 , 5.0985 , 6.8618 , 1.8348 , 5.4974 , 7.9109 , 0.0456 , 0.6044 , 0.0901 , 0.2626 , -0.3990 , -1.0491 , -0.9096 , -34.0960 , 13.0576 , 36.5108
6 , 1.9932 , 6.2979 , 6.5338 , 1.7904 , 6.0371 , 7.5178 , -0.2580 , -0.0236 , -0.0761 , 0.2028 , 0.2608 , -0.9841 , -0.9168 , -37.9967 , 13.3957 , 40.2889
5 , 0.6656 , 5.3427 , 8.2851 , 1.3985 , 5.3631 , 8.0903 , 0.0223 , 0.2177 , 0.2178 , -0.7329 , -0.0204 , 0.1949 , -0.9296 , -33.1532 , 9.8071 , 34.5733
9 , 1.3096 , 6.9803 , 6.8965 , 1.2232 , 6.5844 , 7.1638 , -0.2012 , -0.2423 , -0.0712 , 0.0864 , 0.3959 , -0.2673 , -0.9014 , -42.1769 , 9.6901 , 43.2757
7 , 1.2701 , 4.7692 , 9.0429 , 1.1122 , 5.2664 , 8.1974 , 0.1738 , 0.2299 , -0.0865 , 0.1579 , -0.4972 , 0.8455 , -0.9116 , -32.4816 , 7.7266 , 33.3879
9 , 2.1656 , 6.2369 , 5.2876 , 1.3919 , 6.5639 , 7.1518 , -0.6441 , -0.3773 , -0.0535 , 0.7736 , -0.3270 , -1.8642 , -0.9018 , -42.0156 , 11.0137 , 43.4352
1 , 1.0391 , 7.5274 , 7.1718 , 1.4680 , 6.9906 , 6.7191 , -0.0430 , 0.4291 , 0.3888 , -0.4289 , 0.5367 , 0.4527 , -0.8955 , -45.4671 , 12.3244 , 47.1078
8 , 0.9732 , 6.2477 , 9.1231 , 0.9830 , 6.0693 , 7.6398 , 0.2209 , -0.0535 , -0.0975 , -0.0097 , 0.1783 , 1.4833 , -0.9120 , -38.2359 , 7.3317 , 38.9325
5 , 1.0606 , 6.8582 , 7.1694 , 1.1640 , 6.7141 , 7.0524 , -0.1542 , 0.0693 , 0.0479 , -0.1034 , 0.1441 , 0.1170 , -0.9000 , -43.2075 , 9.3721 , 44.2123
6 , 2.7857 , 7.0677 , 7.1838 , 2.3021 , 6.8895 , 6.5883 , 0.2129 , -0.5166 , 0.1255 , 0.4836 , 0.1782 , 0.5955 , -0.8776 , -44.6308 , 19.2603 , 48.6094
6 , 2.8276 , 7.6698 , 5.1787 , 2.6479 , 7.2458 , 6.0545 , -0.3906 , 0.2238 , 0.1096 , 0.1797 , 0.4240 , -0.8759 , -0.8633 , -47.6350 , 23.6216 , 53.1702
10 , 1.0008 , 6.6679 , 8.9795 , 1.4208 , 6.6548 , 7.0615 , -0.8384 , -0.1818 , 0.0015 , -0.4200 , 0.0130 , 1.9179 , -0.8874 , -42.7345 , 11.3761 , 44.2228
8 , 0.6871 , 7.2987 , 6.1854 , 1.3531 , 7.1474 , 6.5768 , -0.5714 , -0.0468 , -0.3082 , -0.6659 , 0.1513 , -0.3913 , -0.8810 , -46.7889 , 11.6257 , 48.2116
9 , 2.3296 , 5.9077 , 7.4196 , 2.2069 , 5.7552 , 7.6274 , 0.1702 , -0.1452 , 0.2941 , 0.1227 , 0.1525 , -0.2078 , -0.9069 , -35.9352 , 16.1370 , 39.3922
6 , 2.6384 , 6.5457 , 6.5050 , 3.0042 , 6.2403 , 6.9429 , -0.2745 , -0.3394 , 0.0223 , -0.3658 , 0.3055 , -0.4379 , -0.8923 , -39.5188 , 23.3984 , 45.9263
7 , 1.1121 , 5.3020 , 8.4946 , 1.5254 , 5.3621 , 8.0679 , 0.9258 , 0.2195 , -0.2263 , -0.4133 , -0.0602 , 0.4267 , -0.9074 , -33.1466 , 10.7063 , 34.8328
2 , 1.4820 , 7.1491 , 6.2405 , 1.7761 , 7.2460 , 6.3648 , -0.6692 , -0.1665 , -0.1659 , -0.2941 , -0.0969 , -0.1244 , -0.8852 , -47.6366 , 15.5920 , 50.1234
5 , 1.4844 , 6.3698 , 7.2496 , 1.8282 , 5.9990 , 7.5393 , -0.4554 , -0.1207 , 0.2562 , -0.3438 , 0.3708 , -0.2896 , -0.9025 , -37.7144 , 13.6303 , 40.1019
8 , 1.3934 , 5.6324 , 7.7620 , 1.9651 , 5.5392 , 7.8502 , 0.2001 , 0.0674 , -0.1005 , -0.5717 , 0.0932 , -0.0882 , -0.9022 , -34.3911 , 14.0539 , 37.1518
9 , 2.7007 , 6.1483 , 6.7708 , 2.4503 , 6.0147 , 7.3478 , -0.2428 , 0.0967 , 0.1005 , 0.2504 , 0.1337 , -0.5770 , -0.8906 , -37.8303 , 18.4421 , 42.0861
2 , 2.6157 , 6.6798 , 6.3363 , 2.4409 , 6.7902 , 6.6412 , -0.2391 , -0.3828 , 0.0418 , 0.1748 , -0.1104 , -0.3049 , -0.8824 , -43.8212 , 20.1805 , 48.2447
10 , 1.3850 , 5.1499 , 8.0313 , 1.3726 , 5.2516 , 8.1674 , -0.0723 , -0.0083 , 0.0302 , 0.0124 , -0.1016 , -0.1361 , -0.9073 , -32.3786 , 9.5401 , 33.7548
1 , 2.1799 , 6.5673 , 8.0589 , 1.9296 , 6.5498 , 7.0389 , -0.8335 , 0.1810 , 0.0528 , 0.2503 , 0.0175 , 1.0199 , -0.8827 , -41.9049 , 15.3301 , 44.6210
1 , 2.1440 , 6.5038 , 7.8434 , 1.6316 , 6.3250 , 7.3145 , 0.1958 , 0.2269 , 0.0467 , 0.5124 , 0.1788 , 0.5289 , -0.8962 , -40.1638 , 12.5746 , 42.0863
4 , 1.2737 , 6.3410 , 7.3849 , 1.3277 , 6.1935 , 7.4865 , -0.0577 , 0.0314 , -0.0718 , -0.0540 , 0.1475 , -0.1016 , -0.8916 , -39.1657 , 10.0565 , 40.4362
8 , 1.1576 , 6.1423 , 8.1726 , 1.3685 , 5.8484 , 7.7520 , -0.7675 , -0.4439 , 0.1664 , -0.2109 , 0.2939 , 0.4206 , -0.9057 , -36.6106 , 10.0112 , 37.9547
10 , 0.3460 , 6.3506 , 5.5809 , 1.1681 , 6.1180 , 7.5747 , -0.8445 , 0.6343 , -0.2538 , -0.8221 , 0.2326 , -1.9938 , -0.8934 , -38.5986 , 8.7664 , 39.5816
9 , 1.7226 , 5.6647 , 8.0493 , 1.9163 , 5.6850 , 7.7575 , -0.0229 , 0.0277 , 0.1365 , -0.1937 , -0.0203 , 0.2918 , -0.9075 , -35.4299 , 13.8759 , 38.0502
4 , 0.7805 , 5.7796 , 6.1316 , 1.1218 , 5.9870 , 7.6856 , -0.5946 , 0.6923 , -0.0290 , -0.3413 , -0.2074 , -1.5540 , -0.9036 , -37.6256 , 8.3046 , 38.5312
10 , 0.6764 , 5.2900 , 8.2504 , 0.3775 , 5.3373 , 8.2184 , -0.4883 , -0.3480 , 0.0443 , 0.2988 , -0.0473 , 0.0321 , -0.9124 , -32.9733 , 2.6301 , 33.0781
10 , 0.6859 , 5.1631 , 8.5222 , 0.5146 , 5.1624 , 8.3220 , -0.1053 , -0.2044 , -0.0724 , 0.1714 , 0.0007 , 0.2002 , -0.9170 , -31.7635 , 3.5383 , 31.9600
9 , 2.0662 , 6.3207 , 7.2987 , 1.9637 , 5.9995 , 7.5047 , -0.1450 , 0.2910 , 0.1377 , 0.1025 , 0.3212 , -0.2060 , -0.9039 , -37.7182 , 14.6637 , 40.4683
5 , 1.3551 , 5.7365 , 7.5741 , 1.3342 , 5.7518 , 7.8299 , -0.6508 , 0.0906 , -0.0260 , 0.0209 , -0.0153 , -0.2559 , -0.9068 , -35.9102 , 9.6700 , 37.1894
2 , 2.3164 , 6.4392 , 7.3406 , 2.0041 , 5.9288 , 7.5500 , 0.0077 , 0.0662 , 0.1835 , 0.3123 , 0.5104 , -0.2094 , -0.9067 , -37.1981 , 14.8658 , 40.0586
8 , 0.8763 , 4.8997 , 8.1618 , 0.8388 , 4.6596 , 8.5880 , -0.8384 , 0.0699 , 0.1225 , 0.0375 , 0.2401 , -0.4262 , -0.9194 , -28.3692 , 5.5785 , 28.9125
3 , 3.9792 , 6.4620 , 6.7924 , 3.9819 , 6.2283 , 6.4438 , -0.0021 , -0.3284 , 0.0192 , -0.0027 , 0.2336 , 0.3485 , -0.8729 , -39.4284 , 31.7135 , 50.5999
10 , 2.1895 , 4.4005 , 8.3210 , 2.4470 , 4.2644 , 8.4851 , -0.0345 , 0.5384 , -0.2007 , -0.2575 , 0.1362 , -0.1641 , -0.9057 , -25.7755 , 16.0870 , 30.3836
4 , 2.1476 , 5.4696 , 7.7716 , 1.9542 , 5.1604 , 8.1069 , 0.0620 , 0.2305 , -0.1225 , 0.1934 , 0.3091 , -0.3353 , -0.9043 , -31.7501 , 13.5529 , 34.5217
7 , 1.7705 , 5.4097 , 9.7528 , 1.9680 , 5.1378 , 8.1179 , 0.2636 , 0.4236 , -0.1158 , -0.1975 , 0.2719 , 1.6349 , -0.9111 , -31.5946 , 13.6272 , 34.4081
1 , 1.2151 , 5.5043 , 8.3342 , 1.0113 , 5.2087 , 8.2473 , -0.1866 , 0.4211 , 0.2666 , 0.2038 , 0.2956 , 0.0869 , -0.9224 , -32.0823 , 6.9905 , 32.8351
5 , 0.2167 , 5.1870 , 8.4048 , 0.8951 , 5.0323 , 8.3693 , -0.1945 , -0.1079 , 0.1322 , -0.6784 , 0.1548 , 0.0355 , -0.9219 , -30.8738 , 6.1045 , 31.4716
5 , 1.6616 , 5.0182 , 8.1834 , 1.3146 , 4.6737 , 8.5205 , -0.3142 , 0.0528 , 0.0540 , 0.3469 , 0.3445 , -0.3371 , -0.9198 , -28.4626 , 8.7711 , 29.7835
1 , 1.4353 , 5.9987 , 8.0804 , 1.4196 , 5.5003 , 7.9939 , -0.1224 , 0.1719 , 0.2342 , 0.0158 , 0.4984 , 0.0866 , -0.9139 , -34.1164 , 10.0698 , 35.5715
8 , 0.7494 , 4.8459 , 9.7815 , 0.9475 , 4.6395 , 8.5877 , 0.0333 , -0.4188 , 0.0033 , -0.1981 , 0.2064 , 1.1938 , -0.9224 , -28.2353 , 6.2960 , 28.9287
9 , 1.6221 , 5.1858 , 9.1040 , 1.5387 , 5.1876 , 8.1787 , -0.1744 , 0.1957 , 0.1151 , 0.0834 , -0.0018 , 0.9252 , -0.9155 , -31.9374 , 10.6547 , 33.6678
10 , 1.1983 , 5.0063 , 9.8462 , 1.2933 , 4.9554 , 8.3631 , -0.7467 , -0.2612 , -0.0559 , -0.0950 , 0.0509 , 1.4830 , -0.9184 , -30.3520 , 8.7906 , 31.5993
4 , 1.5060 , 5.0470 , 9.1291 , 1.4675 , 4.8102 , 8.4189 , -0.3472 , 0.0809 , 0.0711 , 0.0385 , 0.2367 , 0.7102 , -0.9205 , -29.3740 , 9.8876 , 30.9935
10 , 1.2761 , 4.6196 , 9.1447 , 0.9224 , 4.8910 , 8.4497 , -0.3601 , -0.2234 , 0.0235 , 0.3538 , -0.2714 , 0.6949 , -0.9174 , -29.9169 , 6.2297 , 30.5586
1 , 1.5167 , 6.0382 , 7.3179 , 1.3610 , 5.5068 , 7.9995 , -0.2819 , 0.1865 , 0.1084 , 0.1557 , 0.5313 , -0.6817 , -0.9179 , -34.1624 , 9.6557 , 35.5008
1 , 0.8080 , 5.0302 , 9.7420 , 1.0803 , 4.9343 , 8.4057 , 0.5202 , 0.1713 , 0.0321 , -0.2723 , 0.0959 , 1.3363 , -0.9300 , -30.2092 , 7.3237 , 31.0843
5 , 0.7326 , 5.1906 , 9.3386 , 0.9153 , 4.9822 , 8.3970 , -0.2275 , 0.3478 , 0.1280 , -0.1826 , 0.2084 , 0.9416 , -0.9242 , -30.5338 , 6.2205 , 31.1610
3 , 4.4508 , 5.7353 , 7.6447 , 3.4100 , 5.7603 , 7.1667 , -0.2287 , 0.1297 , -0.4310 , 1.0408 , -0.0250 , 0.4780 , -0.8662 , -35.9717 , 25.4456 , 44.0618
1 , 2.4050 , 5.5617 , 7.9320 , 2.3436 , 5.2217 , 7.9632 , -0.3937 , 0.1597 , 0.2917 , 0.0614 , 0.3400 , -0.0312 , -0.8992 , -32.1721 , 16.3996 , 36.1108
3 , 4.1120 , 5.7604 , 7.9835 , 3.3503 , 5.8805 , 7.0968 , -0.1292 , -0.6430 , -0.3131 , 0.7617 , -0.1201 , 0.8866 , -0.8794 , -36.8446 , 25.2713 , 44.6784
4 , 3.5674 , 5.5557 , 7.0665 , 2.9051 , 5.0993 , 7.8567 , -0.1909 , 0.0967 , 0.0180 , 0.6622 , 0.4564 , -0.7902 , -0.9065 , -31.3313 , 20.2928 , 37.3289
1 , 1.3204 , 6.7983 , 7.3610 , 1.9811 , 5.8837 , 7.5913 , -0.4071 , 0.6923 , 0.4645 , -0.6607 , 0.9146 , -0.2303 , -0.9020 , -36.8679 , 14.6260 , 39.6631
7 , 2.6348 , 4.3646 , 8.4324 , 1.8845 , 4.1038 , 8.7051 , -0.7834 , -0.4420 , -0.4823 , 0.7503 , 0.2609 , -0.2727 , -0.9183 , -24.7379 , 12.2151 , 27.5893
2 , 4.1527 , 5.4899 , 7.7333 , 3.1477 , 5.5339 , 7.4591 , -0.8378 , -0.6394 , 0.2721 , 1.0051 , -0.0440 , 0.2742 , -0.8963 , -34.3538 , 22.8793 , 41.2752
6 , 1.9585 , 6.5254 , 7.2101 , 1.4470 , 6.3083 , 7.3676 , -0.3197 , -0.2380 , 0.0821 , 0.5115 , 0.2171 , -0.1575 , -0.9062 , -40.0361 , 11.1111 , 41.5494
1 , 0.6764 , 7.3957 , 6.7133 , 1.5487 , 6.2784 , 7.3725 , -0.1738 , 0.3154 , 0.1848 , -0.8723 , 1.1173 , -0.6591 , -0.9109 , -39.8083 , 11.8632 , 41.5383
6 , 1.1049 , 6.5254 , 7.6614 , 1.9255 , 6.2146 , 7.3377 , -0.3601 , -0.1146 , 0.2617 , -0.8206 , 0.3108 , 0.3237 , -0.9093 , -39.3244 , 14.7035 , 41.9834
6 , 2.1404 , 5.8790 , 7.9715 , 1.7223 , 6.0043 , 7.5599 , -0.3393 , 0.2892 , -0.0260 , 0.4181 , -0.1253 , 0.4116 , -0.9031 , -37.7536 , 12.8343 , 39.8755
9 , 0.2263 , 5.9077 , 7.5669 , 1.1578 , 5.6075 , 7.9615 , -0.5067 , -0.0309 , 0.2917 , -0.9315 , 0.3002 , -0.3947 , -0.9076 , -34.8761 , 8.2740 , 35.8441
1 , 1.4653 , 6.1699 , 7.5178 , 1.0773 , 5.6685 , 7.9296 , -0.2727 , 0.0772 , 0.0681 , 0.3880 , 0.5014 , -0.4118 , -0.9130 , -35.3115 , 7.7366 , 36.1491
7 , 1.1313 , 5.1427 , 8.4767 , 1.1059 , 4.9916 , 8.3685 , 0.1922 , 0.2574 , -0.0333 , 0.0253 , 0.1511 , 0.1082 , -0.9172 , -30.5974 , 7.5283 , 31.5100
10 , 1.2067 , 4.8830 , 7.6495 , 0.7249 , 4.9835 , 8.4148 , -0.1518 , 0.2519 , -0.4023 , 0.4818 , -0.1006 , -0.7653 , -0.9164 , -30.5427 , 4.9236 , 30.9370
10 , 1.3647 , 4.0582 , 8.2576 , 0.7383 , 4.6646 , 8.5946 , 0.1329 , 0.0925 , -0.3106 , 0.6264 , -0.6064 , -0.3370 , -0.9233 , -28.4020 , 4.9099 , 28.8233
7 , 1.6867 , 4.3622 , 8.2696 , 1.2084 , 4.3153 , 8.7228 , -0.2043 , 0.0387 , -0.3412 , 0.4783 , 0.0469 , -0.4533 , -0.9267 , -26.1066 , 7.8873 , 27.2720
10 , 1.4401 , 4.3574 , 8.2660 , 1.4621 , 4.1502 , 8.7641 , -0.0956 , 0.0772 , -0.0211 , -0.0220 , 0.2073 , -0.4981 , -0.9321 , -25.0367 , 9.4714 , 26.7683
3 , 1.8651 , 5.6982 , 7.9033 , 1.7635 , 5.3155 , 8.0502 , -0.0253 , 0.1621 , -0.0205 , 0.1015 , 0.3827 , -0.1469 , -0.9191 , -32.8219 , 12.3564 , 35.0708
5 , 1.3336 , 4.8100 , 7.1000 , 1.2376 , 4.9030 , 8.4024 , -0.3973 , -0.1543 , -0.0596 , 0.0960 , -0.0930 , -1.3024 , -0.9181 , -29.9975 , 8.3786 , 31.1456
2 , 1.4389 , 5.2074 , 7.2508 , 1.7601 , 4.9707 , 8.2683 , -0.6417 , 0.1499 , 0.4914 , -0.3212 , 0.2367 , -1.0174 , -0.9150 , -30.4558 , 12.0175 , 32.7411
7 , 1.6197 , 2.8491 , 9.2919 , 1.3245 , 2.8946 , 9.2756 , -0.4554 , 0.5415 , 0.0870 , 0.2952 , -0.0455 , 0.0163 , -0.9075 , -17.1676 , 8.1264 , 18.9938
7 , 1.3443 , 4.1156 , 10.6135 , 1.4415 , 4.0406 , 8.8185 , 0.4628 , -0.0303 , -0.1378 , -0.0971 , 0.0750 , 1.7950 , -0.9286 , -24.3323 , 9.2835 , 26.0431
5 , 1.9237 , 5.1763 , 8.3438 , 1.7596 , 5.1359 , 8.1668 , 0.1738 , -0.0841 , -0.0248 , 0.1641 , 0.0403 , 0.1770 , -0.9100 , -31.5822 , 12.1590 , 33.8419
3 , 3.1568 , 5.7593 , 6.0047 , 3.0871 , 5.6847 , 7.3705 , 0.0608 , 0.0583 , -0.3461 , 0.0696 , 0.0745 , -1.3658 , -0.8807 , -35.4282 , 22.7265 , 42.0910
2 , 2.1871 , 5.5079 , 7.3706 , 2.7019 , 5.6285 , 7.5624 , -0.3381 , -0.2973 , 0.1170 , -0.5148 , -0.1206 , -0.1919 , -0.8899 , -35.0259 , 19.6605 , 40.1665
7 , 1.6544 , 5.1583 , 8.6095 , 1.7916 , 5.2961 , 8.0568 , 0.2551 , 0.0686 , -0.1726 , -0.1372 , -0.1378 , 0.5527 , -0.9090 , -32.6872 , 12.5366 , 35.0088
5 , 2.5762 , 5.0793 , 5.9675 , 2.2944 , 5.8661 , 7.5163 , 0.1421 , -0.7414 , -0.1982 , 0.2817 , -0.7868 , -1.5487 , -0.8942 , -36.7394 , 16.9754 , 40.4716
3 , 3.7721 , 6.4201 , 6.4105 , 3.8221 , 5.7174 , 6.9910 , 0.4548 , 0.2513 , -0.2709 , -0.0500 , 0.7027 , -0.5805 , -0.8803 , -35.6626 , 28.6660 , 45.7554
6 , 3.2896 , 5.6635 , 7.2305 , 3.6211 , 5.5984 , 7.1914 , -0.2721 , 0.2708 , -0.0107 , -0.3315 , 0.0651 , 0.0391 , -0.8871 , -34.8115 , 26.7269 , 43.8881
8 , 0.9553 , 5.9472 , 8.6634 , 1.4769 , 5.7822 , 7.7818 , -0.4609 , -0.4488 , -0.2673 , -0.5216 , 0.1650 , 0.8817 , -0.8937 , -36.1298 , 10.7465 , 37.6941
8 , 1.5203 , 5.8119 , 8.1570 , 1.5524 , 5.7015 , 7.8265 , 0.0810 , -0.0016 , -0.1036 , -0.0321 , 0.1105 , 0.3306 , -0.9012 , -35.5482 , 11.2194 , 37.2767
5 , 1.3300 , 5.8993 , 7.6387 , 1.2865 , 5.8848 , 7.7385 , 0.0193 , 0.0729 , 0.3357 , 0.0435 , 0.0145 , -0.0998 , -0.9160 , -36.8759 , 9.4386 , 38.0647
1 , 2.1488 , 6.0262 , 8.9591 , 1.5770 , 5.9735 , 7.6158 , -0.4303 , -0.0645 , 0.0693 , 0.5718 , 0.0527 , 1.3433 , -0.9076 , -37.5262 , 11.6991 , 39.3076
7 , 1.4533 , 4.4065 , 9.2811 , 1.9443 , 4.7736 , 8.3429 , 0.4866 , 0.1835 , 0.1102 , -0.4911 , -0.3670 , 0.9383 , -0.9112 , -29.1283 , 13.1188 , 31.9462
1 , 2.7198 , 6.3482 , 6.4572 , 2.4006 , 6.2803 , 7.1390 , -0.7345 , 0.1933 , -0.2325 , 0.3192 , 0.0679 , -0.6818 , -0.8826 , -39.8228 , 18.5860 , 43.9465
8 , 1.4437 , 4.8518 , 8.9004 , 1.3342 , 5.1296 , 8.2509 , 0.0608 , 0.0069 , 0.0968 , 0.1095 , -0.2778 , 0.6495 , -0.9071 , -31.5387 , 9.1853 , 32.8490
4 , 1.5742 , 5.0182 , 8.7209 , 1.5493 , 4.9098 , 8.3465 , 0.0559 , 0.1212 , -0.0107 , 0.0249 , 0.1084 , 0.3744 , -0.9084 , -30.0438 , 10.5158 , 31.8310
8 , 1.2845 , 4.6196 , 9.9120 , 1.2014 , 4.5466 , 8.6056 , 0.4756 , -0.1647 , -0.1451 , 0.0831 , 0.0730 , 1.3064 , -0.9181 , -27.6211 , 7.9477 , 28.7418
5 , 0.6776 , 5.3558 , 6.8103 , 0.8913 , 5.4958 , 8.0729 , -0.8665 , 0.4046 , -0.0327 , -0.2138 , -0.1400 , -1.2626 , -0.9094 , -34.0849 , 6.3005 , 34.6623
8 , 0.7733 , 4.6424 , 9.3649 , 0.8739 , 4.4578 , 8.6910 , -0.2324 , -0.1152 , 0.0418 , -0.1006 , 0.1845 , 0.6739 , -0.9203 , -27.0375 , 5.7422 , 27.6406
7 , 1.6891 , 3.6990 , 9.0429 , 1.1288 , 4.1730 , 8.8024 , -0.3503 , 0.2794 , 0.6069 , 0.5603 , -0.4740 , 0.2405 , -0.9190 , -25.1840 , 7.3074 , 26.2227
2 , 2.1392 , 6.5254 , 6.3937 , 2.1269 , 6.5933 , 6.9409 , -0.4969 , -0.0499 , -0.1475 , 0.0123 , -0.0679 , -0.5471 , -0.8882 , -42.2468 , 17.0367 , 45.5526
8 , 1.4198 , 5.0123 , 8.2684 , 1.5711 , 4.7542 , 8.4320 , -0.0015 , 0.3197 , 0.0925 , -0.1514 , 0.2580 , -0.1637 , -0.9158 , -28.9992 , 10.5549 , 30.8603
6 , 3.1041 , 5.1906 , 7.5585 , 2.1305 , 5.4899 , 7.8417 , -0.4938 , 0.0424 , 0.1218 , 0.9736 , -0.2993 , -0.2832 , -0.8991 , -34.0431 , 15.1998 , 37.2822
9 , 1.5227 , 5.1260 , 7.5022 , 2.3325 , 4.9073 , 8.1638 , 0.2502 , 0.1474 , -0.1927 , -0.8098 , 0.2186 , -0.6616 , -0.8944 , -30.0271 , 15.9453 , 33.9982
3 , 3.8271 , 5.7772 , 7.1635 , 2.9102 , 5.5188 , 7.5660 , -0.3778 , -0.2466 , -0.1048 , 0.9169 , 0.2584 , -0.4025 , -0.8925 , -34.2468 , 21.0388 , 40.1930
8 , 1.1073 , 4.8315 , 7.5274 , 0.7362 , 4.6969 , 8.5771 , 0.5794 , 0.0173 , -0.1121 , 0.3712 , 0.1346 , -1.0498 , -0.9102 , -28.6169 , 4.9056 , 29.0344
1 , 0.4657 , 5.4109 , 11.5532 , 1.6542 , 5.0584 , 8.2369 , 0.3168 , -0.4139 , -0.1176 , -1.1885 , 0.3525 , 3.3163 , -0.9321 , -31.0519 , 11.3553 , 33.0631
9 , 1.5646 , 4.8507 , 7.4819 , 2.0856 , 4.9103 , 8.2286 , -0.5433 , -0.0535 , 0.3198 , -0.5210 , -0.0597 , -0.7467 , -0.9194 , -30.0474 , 14.2224 , 33.2434
5 , 2.1129 , 5.4025 , 8.0242 , 1.5066 , 5.6301 , 7.8868 , -0.1970 , 0.0185 , 0.2300 , 0.6063 , -0.2276 , 0.1373 , -0.9033 , -35.0376 , 10.8147 , 36.6687
4 , 0.2801 , 5.9280 , 8.5054 , 1.0486 , 5.7555 , 7.8705 , 0.1085 , 0.3057 , 0.0473 , -0.7685 , 0.1726 , 0.6349 , -0.9058 , -35.9370 , 7.5891 , 36.7296
9 , 2.0614 , 5.8442 , 7.4795 , 2.5319 , 6.2207 , 7.1459 , 0.1781 , -0.4488 , 0.0950 , -0.4705 , -0.3764 , 0.3336 , -0.8729 , -39.3703 , 19.5104 , 43.9395
6 , 2.5343 , 6.4356 , 6.0609 , 2.8528 , 6.3962 , 6.8644 , -0.4028 , 0.0387 , 0.1402 , -0.3185 , 0.0394 , -0.8035 , -0.8747 , -40.7102 , 22.5672 , 46.5468
7 , 2.1105 , 5.0051 , 9.6379 , 1.6230 , 5.2915 , 8.0954 , 1.0950 , -0.0047 , -0.3296 , 0.4875 , -0.2864 , 1.5424 , -0.9095 , -32.6554 , 11.3365 , 34.5672
1 , 1.4712 , 6.6882 , 7.6100 , 1.5717 , 6.3383 , 7.3162 , -0.0925 , 0.1346 , 0.1787 , -0.1004 , 0.3499 , 0.2938 , -0.8979 , -40.2651 , 12.1242 , 42.0509
3 , 3.4105 , 7.0234 , 4.5226 , 3.0557 , 6.7164 , 6.4593 , -0.1188 , -0.1763 , 0.1866 , 0.3549 , 0.3070 , -1.9367 , -0.8777 , -43.2266 , 25.3172 , 50.0949
9 , 1.9106 , 6.7062 , 6.0238 , 2.4009 , 5.4959 , 7.7590 , -0.2770 , -0.0926 , -0.1885 , -0.4903 , 1.2103 , -1.7352 , -0.9003 , -34.0850 , 17.1937 , 38.1761
6 , 2.6217 , 5.9161 , 7.5346 , 2.3328 , 6.0292 , 7.3741 , -0.5287 , 0.2678 , 0.2422 , 0.2889 , -0.1131 , 0.1604 , -0.9006 , -37.9377 , 17.5547 , 41.8024
4 , 3.3495 , 4.5107 , 7.4962 , 2.6878 , 4.7316 , 8.1583 , -0.3399 , 0.0326 , 0.2856 , 0.6617 , -0.2209 , -0.6621 , -0.9045 , -28.8480 , 18.2347 , 34.1278
1 , 2.0913 , 5.7425 , 7.9308 , 1.7754 , 5.5305 , 7.9014 , -0.2434 , 0.3961 , -0.0132 , 0.3159 , 0.2119 , 0.0294 , -0.9068 , -34.3300 , 12.6637 , 36.5913
2 , 2.4529 , 6.3207 , 7.5010 , 2.1067 , 5.8680 , 7.5696 , -0.3124 , -0.1745 , 0.1170 , 0.3462 , 0.4527 , -0.0686 , -0.9001 , -36.7533 , 15.5522 , 39.9084
6 , 2.1416 , 5.9376 , 7.1994 , 2.4103 , 5.8272 , 7.5103 , -0.4199 , -0.0688 , 0.1066 , -0.2687 , 0.1105 , -0.3110 , -0.8968 , -36.4560 , 17.7930 , 40.5664
5 , 2.4337 , 6.5972 , 6.2896 , 2.7612 , 6.0844 , 7.1782 , -0.4071 , 0.4785 , 0.2116 , -0.3275 , 0.5128 , -0.8886 , -0.8901 , -38.3480 , 21.0402 , 43.7409
8 , 1.6939 , 5.6204 , 8.2289 , 1.8725 , 5.4294 , 7.9490 , 0.0352 , -0.2124 , 0.0742 , -0.1786 , 0.1910 , 0.2799 , -0.9042 , -33.6173 , 13.2553 , 36.1362
1 , 1.9764 , 6.6367 , 6.8426 , 1.9428 , 6.4023 , 7.1698 , -0.0662 , -0.1048 , 0.1353 , 0.0336 , 0.2345 , -0.3272 , -0.8869 , -40.7568 , 15.1615 , 43.4855
2 , 2.4972 , 7.0162 , 6.3530 , 2.6006 , 6.5661 , 6.8040 , -0.1078 , -0.0309 , 0.1261 , -0.1034 , 0.4502 , -0.4510 , -0.8736 , -42.0324 , 20.9174 , 46.9496
1 , 2.7701 , 6.7516 , 6.1806 , 2.2652 , 6.4408 , 7.0395 , -0.2489 , 0.3619 , 0.0027 , 0.5049 , 0.3108 , -0.8589 , -0.8823 , -41.0548 , 17.8373 , 44.7623
10 , -0.2047 , 5.9843 , 6.8438 , 1.4206 , 5.6544 , 7.8854 , 0.6576 , 0.6911 , 0.1897 , -1.6253 , 0.3299 , -1.0416 , -0.8948 , -35.2112 , 10.2124 , 36.6622
6 , 2.4445 , 6.4260 , 6.4452 , 2.3861 , 6.1362 , 7.2680 , -0.3985 , 0.0479 , 0.0455 , 0.0584 , 0.2898 , -0.8228 , -0.8866 , -38.7350 , 18.1753 , 42.7872
8 , 2.4289 , 5.7988 , 6.5912 , 2.3155 , 5.4916 , 7.7879 , -0.1805 , -0.2099 , 0.0699 , 0.1134 , 0.3071 , -1.1966 , -0.8973 , -34.0552 , 16.5584 , 37.8673
4 , 3.7816 , 5.3295 , 7.9452 , 2.9906 , 5.3914 , 7.6263 , 0.1335 , 1.0790 , 0.2006 , 0.7911 , -0.0619 , 0.3189 , -0.9002 , -33.3511 , 21.4123 , 39.6331
9 , 1.8124 , 5.0554 , 6.7265 , 1.4429 , 5.5202 , 7.9760 , -0.6099 , -0.1519 , 0.1035 , 0.3696 , -0.4648 , -1.2495 , -0.9079 , -34.2567 , 10.2539 , 35.7584
10 , 1.5730 , 5.4660 , 7.3670 , 1.4716 , 5.1910 , 8.1889 , -0.1267 , 0.1829 , 0.0003 , 0.1014 , 0.2750 , -0.8220 , -0.9109 , -31.9604 , 10.1878 , 33.5449
2 , 1.0415 , 5.6826 , 7.3646 , 1.9343 , 5.3374 , 7.9963 , -0.3381 , -0.0346 , 0.0058 , -0.8928 , 0.3453 , -0.6318 , -0.9147 , -32.9742 , 13.5983 , 35.6681
9 , 1.7442 , 4.7190 , 8.6371 , 1.1536 , 4.6533 , 8.5549 , -0.1450 , -0.3486 , -0.2178 , 0.5905 , 0.0657 , 0.0822 , -0.9213 , -28.3271 , 7.6800 , 29.3497
9 , 1.3132 , 4.8542 , 8.6084 , 1.4048 , 5.0172 , 8.3081 , -0.1511 , -0.6442 , -0.0419 , -0.0916 , -0.1630 , 0.3003 , -0.9134 , -30.7715 , 9.5971 , 32.2333
2 , 2.2601 , 5.5474 , 7.4005 , 2.1301 , 5.5379 , 7.8080 , -0.3863 , -0.0089 , 0.1328 , 0.1301 , 0.0095 , -0.4076 , -0.9072 , -34.3818 , 15.2592 , 37.6158
3 , 3.4752 , 7.3287 , 6.0669 , 3.6160 , 6.8931 , 5.9648 , -0.1835 , -0.3309 , -0.2172 , -0.1408 , 0.4355 , 0.1021 , -0.8549 , -44.6606 , 31.2251 , 54.4938
8 , 3.6033 , 5.5737 , 5.8838 , 3.0717 , 5.6179 , 7.4279 , -0.3552 , -0.0657 , -0.0981 , 0.5315 , -0.0442 , -1.5442 , -0.8787 , -34.9502 , 22.4670 , 41.5486
1 , 1.8759 , 7.1946 , 8.0038 , 2.5950 , 6.6140 , 6.7595 , -0.2330 , 0.1920 , -0.0993 , -0.7191 , 0.5806 , 1.2443 , -0.8692 , -42.4108 , 21.0017 , 47.3260
9 , 2.8252 , 6.2046 , 6.3782 , 2.9458 , 5.6815 , 7.4305 , -0.8524 , -0.4420 , 0.0901 , -0.1207 , 0.5231 , -1.0524 , -0.8882 , -35.4050 , 21.6257 , 41.4872
2 , 2.7066 , 6.6511 , 8.6921 , 2.7700 , 5.7691 , 7.4307 , -0.3711 , 0.1163 , 0.3931 , -0.0633 , 0.8820 , 1.2614 , -0.9031 , -36.0351 , 20.4442 , 41.4306
2 , 3.9911 , 5.8095 , 8.5174 , 2.5612 , 5.4320 , 7.7527 , 0.9948 , 0.5732 , -0.3326 , 1.4300 , 0.3775 , 0.7647 , -0.9045 , -33.6359 , 18.2815 , 38.2830
8 , -0.7925 , 6.3135 , 6.4907 , 0.0403 , 6.0662 , 7.7052 , -1.6032 , 0.4962 , -0.2208 , -0.8328 , 0.2473 , -1.2145 , -0.9032 , -38.2126 , 0.2999 , 38.2138
10 , 0.2083 , 5.0015 , 7.3047 , -0.0325 , 4.7022 , 8.6057 , -0.2898 , 0.0314 , -0.1457 , 0.2408 , 0.2993 , -1.3010 , -0.9206 , -28.6521 , -0.2166 , 28.6529
3 , 0.9505 , 8.6036 , 6.7780 , 1.1101 , 7.6752 , 6.0024 , 0.0498 , -0.1177 , -0.1940 , -0.1596 , 0.9283 , 0.7756 , -0.8810 , -51.5043 , 10.4783 , 52.5594
1 , -1.4653 , 6.7744 , 9.4774 , 0.3372 , 7.1473 , 6.7062 , 0.1445 , -0.1910 , 0.3094 , -1.8025 , -0.3729 , 2.7713 , -0.8955 , -46.7877 , 2.8790 , 46.8762
8 , 0.4429 , 5.3474 , 8.9579 , 0.7675 , 5.1723 , 8.2963 , -0.1542 , -0.0279 , 0.0614 , -0.3246 , 0.1751 , 0.6616 , -0.9139 , -31.8322 , 5.2857 , 32.2680
7 , 1.1744 , 4.5669 , 8.4898 , 1.0423 , 4.8870 , 8.4381 , 0.1390 , 0.2641 , 0.0015 , 0.1321 , -0.3200 , 0.0517 , -0.9174 , -29.8897 , 7.0413 , 30.7079
4 , 0.1856 , 5.3714 , 9.8581 , 0.5303 , 5.1174 , 8.3488 , 0.1060 , 0.0570 , 0.2147 , -0.3447 , 0.2540 , 1.5094 , -0.9252 , -31.4548 , 3.6342 , 31.6640
9 , 1.4150 , 5.9161 , 6.9935 , 1.2453 , 5.6513 , 7.9172 , -0.3857 , 0.1853 , -0.0028 , 0.1697 , 0.2647 , -0.9237 , -0.9177 , -35.1890 , 8.9390 , 36.3066
8 , 0.6883 , 5.4061 , 8.1918 , 0.8380 , 5.2707 , 8.2272 , -0.2629 , 0.0106 , 0.0889 , -0.1497 , 0.1354 , -0.0355 , -0.9195 , -32.5112 , 5.8162 , 33.0273
10 , 0.5602 , 5.2900 , 7.8207 , 0.7407 , 5.1324 , 8.3235 , 0.0229 , -0.3895 , -0.0724 , -0.1804 , 0.1576 , -0.5028 , -0.9219 , -31.5579 , 5.0853 , 31.9650
8 , 0.2023 , 5.3786 , 8.6227 , 0.6208 , 5.2353 , 8.2690 , -0.7064 , -0.1134 , 0.2086 , -0.4185 , 0.1433 , 0.3537 , -0.9194 , -32.2658 , 4.2932 , 32.5502
10 , 0.6524 , 5.0446 , 8.2851 , 0.7877 , 4.9397 , 8.4350 , 0.0633 , -0.1781 , 0.0430 , -0.1353 , 0.1049 , -0.1499 , -0.9209 , -30.2458 , 5.3352 , 30.7128
10 , 0.2179 , 5.3618 , 7.7656 , 0.6500 , 5.2117 , 8.2817 , -0.2666 , -0.2124 , 0.0528 , -0.4321 , 0.1501 , -0.5161 , -0.9180 , -32.1031 , 4.4876 , 32.4153
4 , 0.3639 , 5.6264 , 9.7983 , 0.8664 , 5.5214 , 8.0581 , 0.2502 , 0.3649 , 0.1096 , -0.5025 , 0.1049 , 1.7401 , -0.9129 , -34.2656 , 6.1368 , 34.8108
7 , 0.7530 , 5.2517 , 8.8190 , 0.9446 , 5.2326 , 8.2400 , 0.0541 , 0.2067 , -0.1494 , -0.1916 , 0.0191 , 0.5790 , -0.9181 , -32.2476 , 6.5395 , 32.9039
2 , 3.2633 , 6.6762 , 5.0230 , 2.2739 , 6.4157 , 7.0596 , 0.0223 , -0.2062 , 0.1451 , 0.9894 , 0.2605 , -2.0366 , -0.8949 , -40.8605 , 17.8538 , 44.5908
2 , 3.2609 , 6.1471 , 7.6698 , 2.4375 , 5.8139 , 7.5118 , -1.0003 , 0.2177 , 0.3741 , 0.8234 , 0.3332 , 0.1580 , -0.9047 , -36.3598 , 17.9780 , 40.5616
10 , 1.8543 , 4.1049 , 8.5497 , 2.2059 , 3.9367 , 8.7067 , -0.2483 , 0.5555 , -0.0180 , -0.3516 , 0.1681 , -0.1570 , -0.9179 , -23.6678 , 14.2170 , 27.6096
10 , 1.2414 , 4.8076 , 8.8597 , 1.2840 , 5.0267 , 8.3219 , 0.0828 , -0.1598 , -0.0913 , -0.0426 , -0.2192 , 0.5379 , -0.9132 , -30.8361 , 8.7711 , 32.0593
9 , 1.3683 , 5.9113 , 7.4950 , 1.7244 , 5.8508 , 7.6788 , -0.1634 , 0.1590 , 0.0803 , -0.3561 , 0.0604 , -0.1838 , -0.9085 , -36.6282 , 12.6566 , 38.7532
1 , 1.6496 , 5.9747 , 9.6103 , 1.7007 , 6.0672 , 7.5145 , 0.2881 , -0.2490 , -0.0284 , -0.0511 , -0.0924 , 2.0958 , -0.9032 , -38.2198 , 12.7522 , 40.2910
2 , 1.9908 , 6.8881 , 5.8131 , 2.1472 , 6.3405 , 7.1665 , -0.2061 , -0.2203 , 0.0937 , -0.1564 , 0.5476 , -1.3533 , -0.8941 , -40.2820 , 16.6790 , 43.5985
9 , 1.7657 , 5.8658 , 7.5753 , 1.9607 , 5.8018 , 7.6593 , -0.1640 , 0.3606 , 0.1548 , -0.1950 , 0.0640 , -0.0841 , -0.8989 , -36.2721 , 14.3586 , 39.0107
5 , 1.6891 , 6.1890 , 7.7668 , 1.6531 , 6.0013 , 7.5777 , -0.1756 , -0.1617 , 0.1267 , 0.0360 , 0.1877 , 0.1890 , -0.8951 , -37.7314 , 12.3066 , 39.6876
3 , 1.8507 , 6.1746 , 6.8738 , 2.2466 , 5.8182 , 7.5678 , -0.4431 , 0.6465 , 0.6368 , -0.3959 , 0.3565 , -0.6941 , -0.8990 , -36.3907 , 16.5340 , 39.9707
5 , 1.9680 , 5.1008 , 8.4599 , 1.9522 , 5.1100 , 8.1392 , 0.0052 , -0.6015 , -0.0052 , 0.0158 , -0.0092 , 0.3207 , -0.8961 , -31.4047 , 13.4880 , 34.1787
2 , 3.9385 , 5.7832 , 8.1379 , 2.2564 , 5.8535 , 7.5376 , -0.2574 , -0.1207 , -0.3021 , 1.6821 , -0.0703 , 0.6003 , -0.9035 , -36.6477 , 16.6652 , 40.2589
5 , 3.4620 , 6.5206 , 8.5078 , 2.3113 , 5.5398 , 7.7550 , -0.3863 , -0.2142 , -0.1445 , 1.1507 , 0.9808 , 0.7528 , -0.9064 , -34.3953 , 16.5962 , 38.1899
4 , 1.9142 , 5.4516 , 9.2763 , 1.8972 , 5.1530 , 8.1251 , 0.1598 , 0.2672 , 0.0107 , 0.0170 , 0.2986 , 1.1512 , -0.9064 , -31.6995 , 13.1430 , 34.3161
4 , 1.0666 , 5.3295 , 9.3577 , 1.9919 , 4.9570 , 8.2238 , -0.0186 , 0.2623 , 0.0693 , -0.9253 , 0.3725 , 1.1340 , -0.9106 , -30.3629 , 13.6158 , 33.2761
4 , 2.6288 , 4.5765 , 8.8550 , 2.5283 , 4.7668 , 8.1887 , -0.2122 , -0.0560 , -0.1066 , 0.1005 , -0.1903 , 0.6662 , -0.9105 , -29.0832 , 17.1586 , 33.7675
4 , 0.3843 , 4.5909 , 9.4487 , 0.9278 , 4.7858 , 8.5091 , 0.3870 , 0.3118 , 0.1218 , -0.5436 , -0.1950 , 0.9396 , -0.9111 , -29.2105 , 6.2229 , 29.8660
4 , 1.0810 , 5.0266 , 8.5629 , 1.5203 , 4.9002 , 8.3575 , 0.1946 , 0.3380 , 0.0950 , -0.4393 , 0.1265 , 0.2054 , -0.9153 , -29.9786 , 10.3097 , 31.7019
9 , 2.8455 , 4.9237 , 8.3294 , 2.4436 , 5.0505 , 8.0431 , 0.0162 , 0.1364 , 0.0424 , 0.4019 , -0.1269 , 0.2863 , -0.8995 , -30.9982 , 16.8998 , 35.3057
5 , 1.6352 , 5.3870 , 7.3191 , 1.5863 , 5.3730 , 8.0489 , -0.5189 , -0.5245 , -0.0956 , 0.0489 , 0.0140 , -0.7299 , -0.9057 , -33.2224 , 11.1491 , 35.0432
3 , 3.4752 , 6.2010 , 8.0098 , 2.9900 , 5.7120 , 7.3894 , -0.2391 , -0.5373 , 0.0101 , 0.4851 , 0.4890 , 0.6204 , -0.8746 , -35.6237 , 22.0301 , 41.8853
10 , 2.4517 , 4.5167 , 7.7237 , 2.2304 , 4.5103 , 8.4174 , -0.0711 , 0.1401 , 0.1267 , 0.2213 , 0.0064 , -0.6937 , -0.9012 , -27.3820 , 14.8407 , 31.1452
7 , 1.9597 , 4.5981 , 9.3039 , 1.9011 , 4.5075 , 8.4994 , 1.0315 , 0.7149 , -0.2343 , 0.0586 , 0.0906 , 0.8045 , -0.9007 , -27.3634 , 12.6080 , 30.1284
1 , 2.1404 , 5.7162 , 8.3055 , 1.8531 , 5.7873 , 7.6970 , 0.0969 , -0.6149 , 0.1866 , 0.2873 , -0.0712 , 0.6085 , -0.9033 , -36.1672 , 13.5366 , 38.6174
2 , 1.5562 , 6.9767 , 6.4380 , 2.1896 , 6.7286 , 6.7898 , -0.1585 , -0.2649 , -0.5306 , -0.6334 , 0.2481 , -0.3518 , -0.8915 , -43.3244 , 17.8735 , 46.8664
3 , 3.0047 , 6.7576 , 8.7688 , 3.1660 , 6.1024 , 6.9934 , -0.1835 , -0.5129 , 0.1878 , -0.1612 , 0.6552 , 1.7754 , -0.8841 , -38.4824 , 24.3566 , 45.5428
10 , 1.6903 , 4.5633 , 8.3725 , 2.1880 , 4.5832 , 8.3891 , -0.0870 , -0.1769 , -0.1152 , -0.4977 , -0.0199 , -0.0166 , -0.8788 , -27.8630 , 14.6179 , 31.4647
8 , 1.4784 , 5.4121 , 8.3905 , 1.5866 , 5.5402 , 7.9347 , -0.1548 , -0.4262 , -0.0284 , -0.1082 , -0.1281 , 0.4558 , -0.9020 , -34.3986 , 11.3077 , 36.2095
6 , 2.5091 , 6.2584 , 7.0832 , 2.5142 , 6.1142 , 7.2434 , -0.5537 , -0.1537 , 0.2642 , -0.0051 , 0.1443 , -0.1601 , -0.8904 , -38.5700 , 19.1420 , 43.0588
7 , 1.7813 , 5.2385 , 6.7696 , 2.2768 , 4.9303 , 8.1657 , -1.3063 , 1.0656 , -0.1353 , -0.4955 , 0.3082 , -1.3961 , -0.9025 , -30.1824 , 15.5800 , 33.9664
6 , 3.1963 , 6.3434 , 5.3846 , 2.9357 , 5.9047 , 7.2586 , -0.4828 , -0.0480 , 0.0547 , 0.2606 , 0.4388 , -1.8740 , -0.8914 , -37.0210 , 22.0204 , 43.0749
2 , 1.6161 , 7.4376 , 5.9843 , 3.1980 , 6.3302 , 6.7729 , -0.8194 , -0.1134 , 0.4371 , -1.5819 , 1.1074 , -0.7886 , -0.8946 , -40.2034 , 25.2755 , 47.4885
7 , 4.0330 , 4.0079 , 8.6251 , 3.7957 , 3.8486 , 8.1824 , 0.1378 , 0.0711 , -0.1292 , 0.2374 , 0.1593 , 0.4427 , -0.8974 , -23.1067 , 24.8857 , 33.9591
10 , 3.5291 , 4.5598 , 7.6662 , 3.4946 , 4.2268 , 8.1297 , 0.6075 , -0.2490 , -0.1567 , 0.0345 , 0.3329 , -0.4635 , -0.8891 , -25.5321 , 23.2606 , 34.5390
1 , 1.8543 , 6.2740 , 2.7857 , 2.8988 , 6.5824 , 6.6663 , -1.7162 , 0.7369 , 0.3033 , -1.0445 , -0.3084 , -3.8807 , -0.8732 , -42.1608 , 23.5016 , 48.2686
8 , 1.3803 , 5.7054 , 7.8578 , 1.9581 , 5.5710 , 7.8295 , -0.4883 , -0.1213 , 0.1915 , -0.5778 , 0.1344 , 0.0283 , -0.8949 , -34.6165 , 14.0411 , 37.3558
4 , 2.4265 , 5.6348 , 7.9452 , 2.0260 , 5.5976 , 7.7931 , 0.0138 , -0.1354 , -0.0272 , 0.4006 , 0.0372 , 0.1520 , -0.8950 , -34.8056 , 14.5725 , 37.7331
8 , 1.8950 , 5.4743 , 7.8159 , 1.9466 , 5.3136 , 8.0092 , -0.1206 , -0.2661 , 0.0528 , -0.0516 , 0.1608 , -0.1933 , -0.9065 , -32.8087 , 13.6607 , 35.5390
8 , 3.2142 , 5.0709 , 7.7117 , 2.7394 , 5.3363 , 7.7582 , -0.1188 , -0.1372 , -0.1445 , 0.4748 , -0.2654 , -0.0465 , -0.8969 , -32.9665 , 19.4482 , 38.2757
4 , 2.2122 , 5.6874 , 8.3594 , 2.0830 , 5.4161 , 7.9055 , -0.0485 , 0.0723 , -0.0064 , 0.1293 , 0.2713 , 0.4538 , -0.8939 , -33.5245 , 14.7610 , 36.6303
9 , 3.2058 , 6.1447 , 6.0298 , 3.1075 , 5.9898 , 7.1159 , -0.7180 , -0.4439 , -0.1824 , 0.0983 , 0.1549 , -1.0861 , -0.8698 , -37.6465 , 23.5907 , 44.4273
7 , 2.0877 , 4.5705 , 8.4479 , 2.2586 , 4.7184 , 8.2949 , -0.1640 , 0.2366 , 0.0284 , -0.1708 , -0.1479 , 0.1530 , -0.9026 , -28.7603 , 15.2316 , 32.5447
7 , 2.3631 , 4.9500 , 7.8434 , 2.1247 , 4.8138 , 8.2754 , -0.1090 , 0.0937 , 0.0113 , 0.2383 , 0.1362 , -0.4320 , -0.9023 , -29.3982 , 14.3999 , 32.7354
3 , 6.7935 , 5.4684 , 8.3809 , 3.8328 , 5.1909 , 7.3847 , -0.3204 , -1.1238 , 0.2477 , 2.9607 , 0.2775 , 0.9962 , -0.8829 , -31.9598 , 27.4302 , 42.1170
8 , 3.3914 , 4.5574 , 7.9954 , 3.4556 , 4.8064 , 7.8184 , -0.1750 , 0.2708 , -0.2263 , -0.0643 , -0.2490 , 0.1770 , -0.8953 , -29.3483 , 23.8449 , 37.8140
2 , 3.2082 , 6.6595 , 8.3797 , 2.5565 , 6.2184 , 7.1390 , -0.3723 , 0.0265 , 0.3937 , 0.6517 , 0.4411 , 1.2407 , -0.8809 , -39.3533 , 19.7027 , 44.0100
5 , 2.0375 , 5.4420 , 8.5712 , 2.3357 , 5.4608 , 7.8035 , 0.0828 , -0.6675 , 0.0333 , -0.2983 , -0.0188 , 0.7677 , -0.8940 , -33.8379 , 16.6635 , 37.7184
2 , 3.3483 , 7.1850 , 7.2832 , 3.3736 , 6.7535 , 6.2593 , -0.1096 , -0.2313 , 0.0076 , -0.0253 , 0.4315 , 1.0238 , -0.8565 , -43.5249 , 28.3234 , 51.9291
10 , 1.5514 , 4.8878 , 10.1646 , 1.8486 , 4.8230 , 8.3362 , 0.1751 , -0.0493 , 0.0992 , -0.2971 , 0.0648 , 1.8284 , -0.9050 , -29.4593 , 12.5033 , 32.0029
3 , 4.8052 , 4.9440 , 6.2620 , 3.9098 , 5.0265 , 7.4577 , -0.4822 , -0.2765 , 0.3002 , 0.8953 , -0.0825 , -1.1957 , -0.8789 , -30.8348 , 27.6665 , 41.4273
8 , 2.3188 , 5.4899 , 8.5569 , 2.0570 , 5.4802 , 7.8680 , 0.0156 , -0.2997 , 0.0473 , 0.2618 , 0.0097 , 0.6888 , -0.8960 , -33.9749 , 14.6513 , 36.9993
6 , 2.6612 , 6.4859 , 5.3546 , 3.0009 , 6.5002 , 6.7016 , -0.4578 , -0.5416 , 0.0259 , -0.3398 , -0.0144 , -1.3470 , -0.8787 , -41.5169 , 24.1225 , 48.0161
5 , 2.4900 , 5.8730 , 7.7847 , 3.0733 , 5.8157 , 7.2734 , -0.0907 , -0.2594 , 0.0699 , -0.5833 , 0.0573 , 0.5113 , -0.8822 , -36.3728 , 22.9059 , 42.9844
7 , 2.1943 , 4.8459 , 8.3474 , 2.8923 , 4.8415 , 8.0228 , -0.3130 , 0.2201 , 0.1047 , -0.6980 , 0.0044 , 0.3246 , -0.8881 , -29.5836 , 19.8246 , 35.6119
10 , 1.3515 , 5.5605 , 8.8131 , 1.8458 , 5.5116 , 7.8985 , 0.3430 , -0.6051 , 0.1145 , -0.4943 , 0.0490 , 0.9146 , -0.8971 , -34.1959 , 13.1534 , 36.6384
6 , 2.3164 , 6.9516 , 6.4069 , 2.5183 , 6.5577 , 6.8429 , -0.3124 , 0.0961 , 0.2178 , -0.2019 , 0.3939 , -0.4360 , -0.8807 , -41.9667 , 20.2044 , 46.5770
4 , 1.7358 , 6.3901 , 7.6112 , 2.2698 , 6.3749 , 7.0979 , 1.2532 , 0.3270 , 0.1725 , -0.5340 , 0.0153 , 0.5133 , -0.8786 , -40.5457 , 17.7336 , 44.2543
3 , 4.7728 , 7.1120 , 5.3858 , 3.4782 , 6.6624 , 6.2996 , -0.8695 , -0.5129 , 0.1823 , 1.2946 , 0.4496 , -0.9138 , -0.8559 , -42.7948 , 28.9048 , 51.6419
10 , 1.7957 , 4.9811 , 8.3989 , 1.8974 , 5.3956 , 7.9660 , 0.3742 , -0.4023 , -0.2062 , -0.1018 , -0.4145 , 0.4328 , -0.8957 , -33.3807 , 13.3976 , 35.9690
5 , 2.5750 , 6.5996 , 6.3279 , 2.4439 , 6.1224 , 7.2604 , -0.5458 , 0.0741 , 0.3631 , 0.1311 , 0.4772 , -0.9325 , -0.9051 , -38.6319 , 18.6034 , 42.8779
9 , 3.1639 , 5.8275 , 9.8761 , 2.9131 , 5.2276 , 7.7689 , -0.3857 , -0.0798 , 0.3112 , 0.2508 , 0.5999 , 2.1072 , -0.9101 , -32.2131 , 20.5545 , 38.2122
8 , 2.9916 , 4.8866 , 10.5812 , 2.5230 , 4.8303 , 8.1531 , -0.1011 , 0.0717 , 0.2135 , 0.4686 , 0.0563 , 2.4281 , -0.9034 , -29.5085 , 17.1946 , 34.1527
4 , 1.7214 , 6.3889 , 7.3574 , 2.1239 , 6.1582 , 7.3305 , -0.0821 , 0.1749 , 0.0223 , -0.4025 , 0.2307 , 0.0269 , -0.8796 , -38.9001 , 16.1584 , 42.1226
9 , 3.3770 , 5.5545 , 7.5980 , 2.7761 , 5.5568 , 7.5885 , -0.2275 , 0.0668 , 0.3308 , 0.6009 , -0.0022 , 0.0095 , -0.8944 , -34.5158 , 20.0938 , 39.9388
7 , 2.4229 , 5.0147 , 9.7588 , 2.1231 , 5.0746 , 8.1185 , 0.0547 , -0.3553 , -0.3467 , 0.2998 , -0.0600 , 1.6402 , -0.9063 , -31.1627 , 14.6557 , 34.4369
9 , 3.5901 , 4.9153 , 7.3430 , 2.8367 , 5.4344 , 7.6544 , -0.5378 , -0.7481 , -0.3613 , 0.7534 , -0.5191 , -0.3114 , -0.8957 , -33.6528 , 20.3343 , 39.3191
3 , 3.1101 , 6.3518 , 7.5609 , 3.3724 , 6.2740 , 6.7405 , 0.2355 , 0.2067 , 0.0143 , -0.2624 , 0.0778 , 0.8204 , -0.8853 , -39.7747 , 26.5800 , 47.8385
3 , 3.6655 , 6.8498 , 6.3973 , 3.1686 , 6.3976 , 6.7231 , -0.1676 , -0.7163 , -0.0058 , 0.4969 , 0.4522 , -0.3258 , -0.8813 , -40.7210 , 25.2346 , 47.9060
5 , 3.0813 , 5.2744 , 8.4180 , 2.5074 , 5.5643 , 7.6760 , 0.1763 , -0.5526 , -0.7260 , 0.5739 , -0.2899 , 0.7420 , -0.8913 , -34.5692 , 18.0901 , 39.0165
5 , 2.2494 , 5.2361 , 8.2157 , 2.3376 , 5.6361 , 7.6773 , 0.5104 , -0.9460 , 0.2214 , -0.0883 , -0.4000 , 0.5384 , -0.8937 , -35.0801 , 16.9349 , 38.9538
2 , 2.8611 , 6.4440 , 7.3155 , 3.1559 , 6.1629 , 6.9447 , -0.2165 , -0.0676 , 0.3314 , -0.2948 , 0.2811 , 0.3707 , -0.8751 , -38.9352 , 24.4382 , 45.9693
2 , 3.3279 , 6.0681 , 7.1084 , 3.4216 , 5.9287 , 7.0224 , -0.5794 , -0.4879 , -0.1139 , -0.0936 , 0.1394 , 0.0860 , -0.8792 , -37.1973 , 25.9772 , 45.3702
1 , 1.7035 , 5.5952 , 7.7704 , 2.7344 , 5.2272 , 7.8339 , -0.1689 , 0.8542 , 0.6863 , -1.0309 , 0.3680 , -0.0635 , -0.9107 , -32.2104 , 19.2415 , 37.5200
8 , 1.9477 , 5.3678 , 7.7620 , 2.1625 , 5.3088 , 7.9568 , -0.3772 , 0.1731 , -0.0248 , -0.2148 , 0.0590 , -0.1948 , -0.8966 , -32.7757 , 15.2047 , 36.1308
4 , 1.7514 , 5.6874 , 8.1930 , 1.5553 , 5.4318 , 8.0154 , -0.2324 , -0.2661 , -0.3632 , 0.1961 , 0.2556 , 0.1776 , -0.9008 , -33.6346 , 10.9809 , 35.3817
4 , 1.6975 , 5.1679 , 9.7851 , 1.7097 , 5.2006 , 8.1364 , 0.5110 , -0.3529 , -0.1708 , -0.0122 , -0.0327 , 1.6487 , -0.9070 , -32.0264 , 11.8670 , 34.1543
6 , 2.8754 , 6.5434 , 6.7098 , 2.6982 , 6.3591 , 6.9607 , -0.1389 , -0.1128 , -0.0516 , 0.1772 , 0.1842 , -0.2510 , -0.8751 , -40.4248 , 21.1880 , 45.6410
6 , 2.8323 , 6.7552 , 6.1986 , 2.8245 , 6.4996 , 6.7784 , -0.2513 , -0.0212 , -0.1139 , 0.0078 , 0.2556 , -0.5798 , -0.8735 , -41.5121 , 22.6213 , 47.2755
10 , 1.6077 , 3.8702 , 9.8952 , 1.8791 , 3.9463 , 8.7787 , 0.1024 , -0.0657 , -0.0413 , -0.2714 , -0.0761 , 1.1165 , -0.9128 , -23.7292 , 12.0821 , 26.6280
1 , 1.1863 , 6.1232 , 8.6826 , 2.0090 , 6.1004 , 7.4107 , 0.1463 , 0.0509 , 0.3430 , -0.8227 , 0.0227 , 1.2718 , -0.8862 , -38.4676 , 15.1679 , 41.3500
6 , 3.5446 , 5.6671 , 7.4400 , 2.8218 , 5.9104 , 7.2990 , -0.3045 , -0.2154 , 0.4584 , 0.7228 , -0.2433 , 0.1410 , -0.8929 , -37.0627 , 21.1366 , 42.6662
10 , 0.9996 , 5.3582 , 6.6068 , 1.6171 , 4.7001 , 8.4537 , -0.1988 , 0.0986 , -0.0632 , -0.6175 , 0.6581 , -1.8469 , -0.8961 , -28.6383 , 10.8292 , 30.6173
2 , 2.8264 , 6.0561 , 7.6315 , 2.2347 , 6.3619 , 7.1206 , -0.4566 , -0.0138 , -0.0431 , 0.5917 , -0.3057 , 0.5109 , -0.8959 , -40.4459 , 17.4233 , 44.0391
7 , 2.0662 , 4.9763 , 8.8023 , 2.0951 , 5.0560 , 8.1374 , 0.3583 , 0.1035 , -0.1286 , -0.0289 , -0.0797 , 0.6649 , -0.8980 , -31.0356 , 14.4381 , 34.2296
1 , 1.7825 , 6.7086 , 5.9496 , 1.6654 , 6.2200 , 7.3965 , -0.3301 , 0.4681 , 0.3747 , 0.1171 , 0.4885 , -1.4469 , -0.8898 , -39.3658 , 12.6893 , 41.3604
8 , 3.5877 , 4.5765 , 8.3462 , 2.5256 , 5.0885 , 7.9937 , -0.4444 , -0.0700 , -0.0101 , 1.0621 , -0.5119 , 0.3525 , -0.8873 , -31.2570 , 17.5337 , 35.8390
6 , 2.7713 , 6.3913 , 7.9847 , 2.6196 , 5.7489 , 7.5005 , -0.5140 , -0.2618 , -0.0022 , 0.1517 , 0.6424 , 0.4841 , -0.8984 , -35.8897 , 19.2518 , 40.7272
2 , 2.4277 , 6.1471 , 5.4755 , 3.4083 , 5.6049 , 7.2897 , -0.0925 , -0.0969 , -0.1671 , -0.9805 , 0.5422 , -1.8141 , -0.8885 , -34.8576 , 25.0582 , 42.9298
4 , 3.0203 , 4.8243 , 8.4455 , 3.0630 , 4.3574 , 8.2342 , 0.0633 , 0.4193 , 0.1573 , -0.0428 , 0.4670 , 0.2114 , -0.8846 , -26.3802 , 20.4048 , 33.3508
7 , 2.6683 , 4.6866 , 8.6036 , 3.0148 , 4.2752 , 8.2948 , 0.2080 , 0.0283 , -0.2404 , -0.3464 , 0.4114 , 0.3088 , -0.8881 , -25.8458 , 19.9739 , 32.6644
4 , 3.1568 , 4.3012 , 9.4236 , 3.0921 , 4.1828 , 8.3135 , -0.3136 , -0.3022 , -0.1805 , 0.0647 , 0.1184 , 1.1101 , -0.8940 , -25.2473 , 20.4021 , 32.4603
3 , 5.2074 , 5.7940 , 6.4847 , 4.7128 , 5.5873 , 6.5377 , -0.2965 , -0.8238 , 0.1982 , 0.4946 , 0.2066 , -0.0530 , -0.8594 , -34.7327 , 35.7863 , 49.8700
8 , 3.3052 , 5.2206 , 7.2568 , 3.4463 , 5.1868 , 7.5756 , -0.2916 , -0.1171 , -0.0223 , -0.1411 , 0.0338 , -0.3188 , -0.8806 , -31.9316 , 24.4618 , 40.2245
9 , 3.3519 , 6.2596 , 6.8761 , 3.3316 , 6.0287 , 6.9804 , -0.2336 , -0.0462 , 0.0382 , 0.0203 , 0.2310 , -0.1043 , -0.8695 , -37.9339 , 25.5144 , 45.7161
10 , 2.1787 , 5.9197 , 7.9356 , 2.5320 , 5.5528 , 7.6763 , -0.3992 , -0.0523 , 0.0388 , -0.3532 , 0.3669 , 0.2592 , -0.8821 , -34.4875 , 18.2545 , 39.0207
1 , 2.4146 , 6.1579 , 6.9372 , 2.0718 , 6.0136 , 7.4642 , -0.2477 , -0.0719 , -0.0822 , 0.3427 , 0.1443 , -0.5270 , -0.8856 , -37.8222 , 15.5128 , 40.8799
10 , 2.0794 , 5.8179 , 6.9635 , 2.1106 , 5.8159 , 7.6086 , -0.2495 , -0.2441 , 0.0204 , -0.0312 , 0.0020 , -0.6451 , -0.8873 , -36.3743 , 15.5036 , 39.5405
1 , 2.1045 , 6.6930 , 7.2161 , 2.0409 , 6.5530 , 7.0045 , -0.3790 , 0.0045 , 0.1218 , 0.0636 , 0.1400 , 0.2116 , -0.8821 , -41.9297 , 16.2446 , 44.9665
6 , 3.6320 , 6.4715 , 6.4272 , 2.9341 , 6.4043 , 6.8225 , -0.1279 , 0.0802 , 0.1145 , 0.6979 , 0.0672 , -0.3953 , -0.8791 , -40.7725 , 23.2704 , 46.9458
6 , 2.6755 , 6.9013 , 6.1723 , 2.8557 , 6.6046 , 6.6630 , -0.2892 , -0.2875 , -0.1579 , -0.1802 , 0.2967 , -0.4907 , -0.8766 , -42.3361 , 23.1997 , 48.2760
3 , 3.8080 , 6.1854 , 8.8250 , 3.3470 , 5.6335 , 7.2960 , 0.0321 , 0.1713 , -0.0138 , 0.4609 , 0.5519 , 1.5290 , -0.8803 , -35.0617 , 24.6434 , 42.8558
2 , 3.0598 , 5.9017 , 8.2684 , 3.4176 , 5.7416 , 7.1781 , -0.1035 , -0.0242 , 0.0272 , -0.3578 , 0.1601 , 1.0903 , -0.8774 , -35.8370 , 25.4596 , 43.9600
2 , 2.8611 , 6.6008 , 7.8087 , 2.2294 , 6.6295 , 6.8738 , -0.2776 , -0.0993 , 0.3039 , 0.6317 , -0.0287 , 0.9348 , -0.8935 , -42.5336 , 17.9693 , 46.1736
4 , 2.2553 , 5.5282 , 8.8322 , 2.2965 , 5.2871 , 7.9337 , 0.5263 , 0.3221 , -0.0193 , -0.0411 , 0.2411 , 0.8985 , -0.9049 , -32.6246 , 16.1435 , 36.4002
5 , 2.0470 , 5.7078 , 7.7405 , 2.1081 , 5.9214 , 7.5275 , 0.1091 , 0.7797 , -0.2245 , -0.0611 , -0.2137 , 0.2130 , -0.8940 , -37.1438 , 15.6454 , 40.3044
4 , 1.3108 , 5.5043 , 8.7113 , 1.9633 , 5.6973 , 7.7367 , -0.0045 , 0.1737 , 0.1017 , -0.6524 , -0.1930 , 0.9746 , -0.8940 , -35.5180 , 14.2388 , 38.2658
2 , 3.5075 , 6.4260 , 7.3095 , 2.7993 , 6.2570 , 7.0132 , -0.4651 , -1.3803 , 0.5036 , 0.7082 , 0.1691 , 0.2963 , -0.8812 , -39.6453 , 21.7595 , 45.2241
7 , 4.6531 , 4.8842 , 8.0038 , 4.3099 , 4.9186 , 7.3077 , 0.6161 , -0.0041 , 0.1121 , 0.3432 , -0.0344 , 0.6961 , -0.8766 , -30.1032 , 30.5311 , 42.8760
4 , 4.4520 , 5.3115 , 7.7225 , 4.2858 , 5.3109 , 7.0425 , 0.2221 , 0.0210 , -0.3778 , 0.1662 , 0.0006 , 0.6800 , -0.8640 , -32.7901 , 31.3234 , 45.3469
9 , 3.9959 , 5.8454 , 6.5062 , 3.8729 , 5.6539 , 7.0146 , -0.5164 , 0.1609 , 0.0608 , 0.1230 , 0.1915 , -0.5083 , -0.8610 , -35.2073 , 28.9043 , 45.5524
3 , 2.7617 , 6.6080 , 7.1228 , 2.6049 , 6.1766 , 7.1578 , -0.2752 , -0.4408 , 0.1365 , 0.1568 , 0.4314 , -0.0351 , -0.8925 , -39.0382 , 19.9976 , 43.8621
2 , 3.0143 , 6.0956 , 6.1064 , 2.9476 , 5.9614 , 7.2072 , 0.0364 , -0.1757 , 0.0528 , 0.0667 , 0.1342 , -1.1008 , -0.8869 , -37.4374 , 22.2433 , 43.5468
7 , 2.2242 , 4.6711 , 8.1139 , 2.5096 , 4.6346 , 8.2700 , -0.2556 , 0.1493 , -0.0015 , -0.2854 , 0.0365 , -0.1561 , -0.8963 , -28.2028 , 16.8811 , 32.8690
4 , 2.5798 , 5.0530 , 8.1080 , 2.2893 , 4.9723 , 8.1367 , -0.2379 , 0.0778 , -0.0895 , 0.2904 , 0.0806 , -0.0287 , -0.8972 , -30.4667 , 15.7144 , 34.2806
7 , 2.4780 , 4.7609 , 8.6598 , 2.4443 , 4.8624 , 8.1580 , -0.1450 , 0.1261 , -0.0865 , 0.0337 , -0.1015 , 0.5018 , -0.8977 , -29.7240 , 16.6791 , 34.0838
7 , 2.9796 , 5.1511 , 8.5724 , 2.6198 , 5.1140 , 7.9470 , -0.0088 , 0.0564 , -0.3552 , 0.3597 , 0.0372 , 0.6255 , -0.8908 , -31.4314 , 18.2456 , 36.3433
4 , 1.8244 , 5.2625 , 9.3410 , 2.1933 , 5.2518 , 7.9861 , -0.2819 , 0.1175 , -0.0394 , -0.3689 , 0.0106 , 1.3549 , -0.8957 , -32.3805 , 15.3569 , 35.8375
3 , 4.4688 , 6.2932 , 7.2580 , 3.4287 , 5.7485 , 7.1673 , -0.3314 , -0.5337 , 0.0748 , 1.0401 , 0.5447 , 0.0908 , -0.8793 , -35.8864 , 25.5657 , 44.0617
7 , 2.6635 , 4.5801 , 8.9399 , 2.6978 , 4.7791 , 8.1272 , 0.0468 , -0.0554 , 0.0223 , -0.0343 , -0.1990 , 0.8127 , -0.8921 , -29.1655 , 18.3635 , 34.4651
3 , 3.9816 , 5.7186 , 7.9164 , 3.9088 , 5.6212 , 7.0209 , -0.3961 , -0.0309 , 0.2257 , 0.0728 , 0.0973 , 0.8955 , -0.8755 , -34.9740 , 29.1060 , 45.5010
6 , 3.1256 , 5.4827 , 6.2572 , 3.9250 , 5.2972 , 7.2598 , -0.2880 , 0.0076 , 0.0559 , -0.7994 , 0.1855 , -1.0025 , -0.8805 , -32.6948 , 28.3978 , 43.3057
7 , 2.2422 , 4.2677 , 9.6965 , 1.9280 , 4.2397 , 8.6301 , 0.0107 , -0.0016 , -0.1634 , 0.3142 , 0.0280 , 1.0664 , -0.9281 , -25.6153 , 12.5933 , 28.5436
3 , 4.4329 , 6.6032 , 7.3502 , 3.9129 , 6.2144 , 6.4993 , -0.7913 , 0.0534 , 0.0027 , 0.5199 , 0.3888 , 0.8509 , -0.8701 , -39.3230 , 31.0504 , 50.1041
7 , 2.3739 , 4.6723 , 9.2117 , 2.0829 , 5.1125 , 8.1052 , -0.2086 , 0.0192 , -0.0113 , 0.2909 , -0.4403 , 1.1065 , -0.8948 , -31.4218 , 14.4123 , 34.5694
3 , 3.4620 , 6.5817 , 6.8007 , 3.1116 , 6.3396 , 6.8042 , -0.3026 , 0.0137 , -0.0944 , 0.3505 , 0.2420 , -0.0035 , -0.8912 , -40.2755 , 24.5745 , 47.1808
5 , 2.3619 , 6.3291 , 7.2329 , 2.2462 , 5.8623 , 7.5338 , 0.4597 , 0.0576 , -0.0358 , 0.1157 , 0.4667 , -0.3009 , -0.9071 , -36.7119 , 16.6019 , 40.2913
1 , 1.8519 , 7.0030 , 6.8390 , 2.0619 , 6.7958 , 6.7628 , -0.1066 , 0.5011 , 0.1371 , -0.2099 , 0.2072 , 0.0762 , -0.8812 , -43.8666 , 16.9554 , 47.0294
10 , 2.1943 , 5.7030 , 7.3502 , 2.1701 , 5.9417 , 7.4938 , -0.2269 , -0.2014 , 0.1084 , 0.0242 , -0.2388 , -0.1436 , -0.8771 , -37.2928 , 16.1500 , 40.6396
9 , 2.5869 , 6.0406 , 7.3119 , 2.2874 , 5.9824 , 7.4262 , -0.6686 , -0.0022 , 0.0962 , 0.2996 , 0.0582 , -0.1144 , -0.8876 , -37.5921 , 17.1194 , 41.3066
6 , 2.5247 , 6.4033 , 6.7708 , 1.9107 , 5.9466 , 7.5602 , -0.4541 , -0.0560 , 0.0785 , 0.6139 , 0.4566 , -0.7894 , -0.9032 , -37.3289 , 14.1837 , 39.9327
1 , 1.3815 , 6.3626 , 7.7105 , 1.2175 , 5.8931 , 7.7434 , -0.3808 , 0.1511 , 0.3344 , 0.1640 , 0.4695 , -0.0328 , -0.9109 , -36.9362 , 8.9355 , 38.0017
9 , 1.7573 , 5.6814 , 9.0285 , 1.7443 , 5.8806 , 7.6516 , 0.0688 , -0.1959 , -0.0052 , 0.0131 , -0.1991 , 1.3769 , -0.8977 , -36.8448 , 12.8419 , 39.0187
5 , 1.2605 , 5.7856 , 8.0014 , 1.5143 , 5.9333 , 7.6598 , -0.5488 , -0.2472 , -0.0125 , -0.2538 , -0.1477 , 0.3416 , -0.8974 , -37.2310 , 11.1831 , 38.8743
5 , 1.2941 , 5.8897 , 8.3438 , 1.4103 , 5.5317 , 7.9738 , -0.4065 , -0.0285 , 0.1499 , -0.1162 , 0.3580 , 0.3700 , -0.9057 , -34.3381 , 10.0300 , 35.7730
8 , 1.5083 , 4.6268 , 8.3965 , 1.2529 , 4.6505 , 8.5425 , -0.7437 , -0.1763 , -0.0584 , 0.2555 , -0.0237 , -0.1460 , -0.9118 , -28.3085 , 8.3437 , 29.5126
5 , 0.5160 , 6.3901 , 7.9487 , 1.0330 , 6.1062 , 7.6038 , -0.1255 , 0.0784 , 0.3210 , -0.5171 , 0.2839 , 0.3449 , -0.9100 , -38.5104 , 7.7365 , 39.2799
8 , 1.2965 , 5.4049 , 10.0652 , 1.4600 , 5.2878 , 8.1288 , 0.6717 , 0.1212 , 0.0656 , -0.1636 , 0.1171 , 1.9364 , -0.9121 , -32.6298 , 10.1823 , 34.1816
3 , 3.1161 , 7.9535 , 5.7233 , 3.0925 , 7.6786 , 5.2578 , -0.2489 , 0.3002 , 0.0394 , 0.0235 , 0.2749 , 0.4655 , -0.8333 , -51.5364 , 30.4631 , 59.8665
10 , 0.7183 , 5.8742 , 8.3187 , 0.8440 , 5.8862 , 7.7981 , -0.6740 , -0.0126 , -0.2795 , -0.1257 , -0.0120 , 0.5205 , -0.8877 , -36.8862 , 6.1768 , 37.3998
7 , 2.1057 , 5.8981 , 8.9316 , 1.8534 , 5.6521 , 7.7968 , 0.3937 , 0.0864 , -0.0046 , 0.2523 , 0.2460 , 1.1348 , -0.9080 , -35.1944 , 13.3716 , 37.6489
6 , 3.2034 , 7.3933 , 6.0238 , 2.5155 , 7.2023 , 6.1619 , -0.1298 , -0.0395 , 0.2715 , 0.6879 , 0.1910 , -0.1381 , -0.8568 , -47.2591 , 22.2070 , 52.2166
5 , 2.0016 , 6.9264 , 6.3578 , 2.4238 , 6.8166 , 6.6204 , -0.2434 , 0.5421 , 0.5177 , -0.4222 , 0.1099 , -0.2626 , -0.8739 , -44.0348 , 20.1078 , 48.4085
9 , 3.0777 , 5.9723 , 7.7417 , 2.6134 , 5.7826 , 7.4768 , -0.7871 , -0.3455 , 0.1701 , 0.4643 , 0.1898 , 0.2649 , -0.9060 , -36.1328 , 19.2666 , 40.9485
2 , 2.7222 , 6.9827 , 6.5589 , 2.3855 , 6.7172 , 6.7349 , -0.7590 , -0.0065 , 0.1163 , 0.3367 , 0.2655 , -0.1760 , -0.8724 , -43.2328 , 19.5044 , 47.4289
4 , 2.2158 , 5.4743 , 8.0661 , 2.0627 , 5.3508 , 7.9551 , -0.0510 , 0.1975 , 0.1457 , 0.1531 , 0.1235 , 0.1109 , -0.9073 , -33.0680 , 14.5365 , 36.1221
2 , 2.2853 , 6.7074 , 7.7177 , 1.8474 , 6.1497 , 7.4121 , -0.5452 , -0.3724 , 0.0944 , 0.4378 , 0.5577 , 0.3056 , -0.8936 , -38.8358 , 13.9957 , 41.2807
5 , 2.1320 , 5.5773 , 8.3869 , 2.1785 , 5.3514 , 7.9238 , -0.1438 , 0.2330 , 0.1304 , -0.0465 , 0.2259 , 0.4631 , -0.9144 , -33.0721 , 15.3725 , 36.4703
10 , 0.3508 , 5.1583 , 8.6024 , 0.8997 , 5.1060 , 8.3241 , 0.2203 , 0.0644 , 0.0247 , -0.5490 , 0.0524 , 0.2783 , -0.9202 , -31.3767 , 6.1689 , 31.9774
9 , 1.6628 , 5.8634 , 7.3610 , 1.2454 , 5.7367 , 7.8556 , -0.4743 , -0.3309 , 0.0455 , 0.4174 , 0.1267 , -0.4946 , -0.9102 , -35.8014 , 9.0085 , 36.9174
3 , 5.2660 , 6.2584 , 7.5525 , 5.0460 , 5.5595 , 6.3088 , -0.3265 , 0.1988 , -0.2019 , 0.2201 , 0.6990 , 1.2437 , -0.8570 , -34.5349 , 38.6539 , 51.8342
6 , 3.6571 , 5.9628 , 6.0681 , 3.7165 , 5.5851 , 7.1529 , -0.5641 , 0.6948 , -0.0858 , -0.0593 , 0.3776 , -1.0848 , -0.8820 , -34.7170 , 27.4552 , 44.2613
4 , 0.6608 , 4.6304 , 9.3206 , 1.4621 , 4.2877 , 8.6976 , -0.0974 , 0.2348 , 0.2074 , -0.8013 , 0.3426 , 0.6230 , -0.9071 , -25.9272 , 9.5424 , 27.6274
7 , 2.1955 , 4.6843 , 8.8370 , 1.6641 , 4.2026 , 8.7028 , 0.7151 , 0.5213 , -0.2294 , 0.5313 , 0.4816 , 0.1342 , -0.9084 , -25.3755 , 10.8253 , 27.5881
10 , -0.0754 , 5.2385 , 11.0325 , 0.4027 , 5.0355 , 8.4055 , 0.2459 , 0.1071 , 0.1451 , -0.4781 , 0.2030 , 2.6270 , -0.9182 , -30.8955 , 2.7427 , 31.0170
7 , 0.4525 , 4.5741 , 9.5792 , 0.7206 , 4.6173 , 8.6216 , 0.6448 , 0.5036 , 0.2116 , -0.2681 , -0.0432 , 0.9576 , -0.9259 , -28.0886 , 4.7775 , 28.4920
9 , 1.5742 , 6.0669 , 8.6335 , 1.5538 , 5.8771 , 7.6951 , 0.0303 , 0.0894 , 0.0192 , 0.0204 , 0.1898 , 0.9383 , -0.9025 , -36.8199 , 11.4156 , 38.5490
9 , 1.4880 , 6.2417 , 7.8434 , 1.2055 , 6.0837 , 7.5964 , -0.7791 , 0.1364 , -0.0956 , 0.2825 , 0.1580 , 0.2470 , -0.9023 , -38.3430 , 9.0170 , 39.3890
10 , 1.3743 , 5.0350 , 9.7241 , 1.4962 , 5.0050 , 8.2995 , 0.9618 , 0.0265 , -0.1439 , -0.1219 , 0.0300 , 1.4246 , -0.9215 , -30.6885 , 10.2193 , 32.3452
8 , 1.5754 , 5.4420 , 9.0321 , 1.3684 , 5.4739 , 8.0209 , -0.2275 , -0.3003 , -0.0730 , 0.2070 , -0.0319 , 1.0113 , -0.9177 , -33.9303 , 9.6816 , 35.2846
4 , 1.1157 , 4.9165 , 8.2851 , 1.3492 , 5.0594 , 8.2917 , -0.0668 , 0.3283 , -0.0773 , -0.2335 , -0.1429 , -0.0066 , -0.9133 , -31.0589 , 9.2421 , 32.4048
10 , 2.0853 , 4.8171 , 9.7875 , 1.9967 , 4.7404 , 8.3494 , 0.7792 , -0.2967 , -0.2514 , 0.0886 , 0.0768 , 1.4381 , -0.9132 , -28.9066 , 13.4494 , 31.8823
2 , 3.6117 , 6.7744 , 6.4799 , 3.3554 , 6.1285 , 6.8813 , -0.2354 , -0.9875 , 0.2837 , 0.2562 , 0.6459 , -0.4014 , -0.8812 , -38.6775 , 25.9947 , 46.6012
1 , 2.6181 , 6.4416 , 8.0625 , 3.1836 , 6.1339 , 6.9577 , -0.0278 , 0.0460 , -0.1152 , -0.5655 , 0.3077 , 1.1047 , -0.8831 , -38.7178 , 24.5870 , 45.8649
3 , 3.0646 , 6.3458 , 8.2241 , 2.9934 , 5.6486 , 7.4366 , -0.1292 , 0.3264 , -0.3852 , 0.0712 , 0.6972 , 0.7875 , -0.9124 , -35.1694 , 21.9257 , 41.4442
5 , 1.1241 , 5.4815 , 7.2508 , 1.1511 , 5.3209 , 8.1568 , -0.1304 , -0.0926 , 0.1561 , -0.0270 , 0.1607 , -0.9060 , -0.9222 , -32.8592 , 8.0324 , 33.8267
4 , 0.0347 , 5.1775 , 8.8023 , 0.5618 , 5.0125 , 8.4101 , -0.0137 , -0.0150 , -0.0877 , -0.5271 , 0.1649 , 0.3922 , -0.9190 , -30.7395 , 3.8218 , 30.9762
9 , 1.6747 , 5.5677 , 7.7979 , 1.6234 , 5.3147 , 8.0802 , -0.2354 , 0.4462 , 0.1353 , 0.0514 , 0.2530 , -0.2822 , -0.9186 , -32.8165 , 11.3599 , 34.7271
7 , 2.8718 , 5.3319 , 7.5489 , 2.8345 , 5.0751 , 7.8981 , -0.0888 , 0.5280 , 0.0858 , 0.0373 , 0.2568 , -0.3491 , -0.9088 , -31.1656 , 19.7425 , 36.8926
7 , 2.7007 , 5.0673 , 9.2979 , 2.8311 , 4.9637 , 7.9697 , 0.4298 , 0.1798 , -0.2282 , -0.1305 , 0.1036 , 1.3282 , -0.9089 , -30.4085 , 19.5569 , 36.1545
3 , 2.8359 , 7.0677 , 4.5765 , 3.9994 , 7.2066 , 5.3141 , 0.0193 , -0.1519 , 0.1249 , -1.1635 , -0.1390 , -0.7375 , -0.8417 , -47.2965 , 36.9655 , 60.0284
2 , 3.9265 , 8.7484 , 3.5458 , 3.8022 , 7.3238 , 5.2986 , -0.1915 , 0.2427 , 0.1255 , 0.1243 , 1.4246 , -1.7528 , -0.8451 , -48.3160 , 35.6627 , 60.0522
10 , 1.4162 , 4.8243 , 6.4344 , 2.3168 , 4.8751 , 8.1876 , -0.8879 , -0.5056 , -0.1414 , -0.9006 , -0.0508 , -1.7532 , -0.9030 , -29.8096 , 15.7997 , 33.7379
9 , 2.7713 , 4.8710 , 7.8147 , 3.2237 , 4.8508 , 7.8898 , -0.4370 , 0.2605 , 0.0675 , -0.4524 , 0.0202 , -0.0751 , -0.9028 , -29.6460 , 22.2246 , 37.0515
1 , 2.0446 , 6.0849 , 8.1355 , 2.3530 , 5.8448 , 7.5148 , -0.6050 , 0.7699 , 0.4432 , -0.3083 , 0.2401 , 0.6207 , -0.8920 , -36.5843 , 17.3858 , 40.5053
10 , 1.6987 , 4.4221 , 8.6203 , 1.7535 , 4.3315 , 8.6217 , -0.0278 , -0.0987 , -0.1207 , -0.0548 , 0.0905 , -0.0014 , -0.9031 , -26.2120 , 11.4960 , 28.6222
10 , 1.7753 , 4.5645 , 9.2440 , 1.7466 , 4.4428 , 8.5663 , 0.2551 , -0.3351 , -0.1824 , 0.0287 , 0.1218 , 0.6777 , -0.9067 , -26.9386 , 11.5241 , 29.3000
5 , 1.8866 , 5.5833 , 7.3993 , 1.9684 , 5.6973 , 7.7354 , -0.4230 , 0.0619 , -0.0730 , -0.0818 , -0.1140 , -0.3361 , -0.9027 , -35.5184 , 14.2770 , 38.2804
10 , 2.2039 , 5.0003 , 9.9527 , 2.1390 , 4.8586 , 8.2456 , -0.1328 , -0.5862 , -0.0168 , 0.0649 , 0.1417 , 1.7071 , -0.9056 , -29.6985 , 14.5427 , 33.0680
2 , 2.5917 , 6.4045 , 7.2963 , 2.8617 , 6.1813 , 7.0549 , -0.0467 , -0.4262 , 0.0864 , -0.2700 , 0.2231 , 0.2414 , -0.8839 , -39.0739 , 22.0790 , 44.8804
5 , 1.1612 , 6.5206 , 7.3586 , 2.3440 , 5.8993 , 7.4749 , -0.2318 , 0.0344 , 0.2178 , -1.1828 , 0.6213 , -0.1163 , -0.8905 , -36.9819 , 17.4107 , 40.8753
3 , 4.6316 , 6.4823 , 6.5038 , 3.6168 , 5.8221 , 7.0137 , -0.2764 , -0.3956 , 0.2593 , 1.0148 , 0.6602 , -0.5099 , -0.8735 , -36.4191 , 27.2791 , 45.5028
5 , 2.3439 , 5.5162 , 7.8482 , 2.1858 , 5.0843 , 8.0958 , 0.0700 , -0.1647 , -0.2422 , 0.1581 , 0.4319 , -0.2476 , -0.8941 , -31.2286 , 15.1093 , 34.6917
6 , 2.5762 , 5.6790 , 7.7285 , 2.6920 , 5.7001 , 7.5122 , -0.3869 , -0.2038 , 0.0021 , -0.1158 , -0.0210 , 0.2163 , -0.8812 , -35.5383 , 19.7151 , 40.6406
4 , 2.7270 , 5.1380 , 8.4096 , 2.6065 , 5.2197 , 7.8823 , 0.5355 , 0.1016 , -0.0119 , 0.1205 , -0.0818 , 0.5273 , -0.8898 , -32.1585 , 18.2975 , 36.9996
1 , 3.0801 , 5.6419 , 6.2884 , 2.4638 , 5.5635 , 7.6908 , 0.0217 , 0.2030 , 0.0308 , 0.6163 , 0.0785 , -1.4024 , -0.8872 , -34.5632 , 17.7635 , 38.8607
7 , 2.0375 , 5.4552 , 7.1204 , 2.1112 , 5.4702 , 7.8606 , 0.2422 , 0.1768 , -0.1365 , -0.0738 , -0.0150 , -0.7403 , -0.8914 , -33.9044 , 15.0339 , 37.0881
5 , 1.7549 , 6.3590 , 5.6443 , 2.2556 , 6.0491 , 7.3818 , -0.7553 , -0.6314 , 0.2795 , -0.5007 , 0.3099 , -1.7375 , -0.8817 , -38.0852 , 16.9914 , 41.7036
6 , 1.3827 , 6.0059 , 8.6574 , 1.0234 , 5.6177 , 7.9727 , -0.2214 , -0.2295 , 0.1194 , 0.3593 , 0.3881 , 0.6847 , -0.9227 , -34.9492 , 7.3146 , 35.7064
5 , 0.3005 , 5.9436 , 8.0972 , 0.7386 , 5.7418 , 7.9156 , -0.2342 , 0.0314 , 0.0406 , -0.4381 , 0.2018 , 0.1816 , -0.9211 , -35.8386 , 5.3308 , 36.2329
7 , 0.4980 , 5.5929 , 8.2253 , 1.1123 , 5.1860 , 8.2486 , 0.0627 , -1.5221 , -0.1463 , -0.6143 , 0.4069 , -0.0233 , -0.9235 , -31.9260 , 7.6800 , 32.8368
2 , 2.9054 , 5.7736 , 6.5170 , 2.9724 , 5.7598 , 7.3594 , -0.0039 , 0.1633 , 0.4823 , -0.0670 , 0.0138 , -0.8423 , -0.9022 , -35.9682 , 21.9933 , 42.1594
8 , 0.5567 , 4.5490 , 10.7416 , 0.7659 , 4.5290 , 8.6644 , -0.1505 , -0.3095 , 0.2342 , -0.2093 , 0.0200 , 2.0772 , -0.9311 , -27.5050 , 5.0517 , 27.9651
2 , 1.4940 , 6.7433 , 5.9927 , 2.0026 , 6.1164 , 7.3993 , -0.3961 , 0.1737 , 0.2190 , -0.5086 , 0.6269 , -1.4066 , -0.9071 , -38.5868 , 15.1443 , 41.4523
1 , 1.9094 , 6.1435 , 6.2932 , 1.8207 , 5.7424 , 7.7383 , -0.2293 , 0.6148 , 0.2214 , 0.0887 , 0.4012 , -1.4451 , -0.9086 , -35.8424 , 13.2401 , 38.2097
8 , 0.8080 , 4.7333 , 9.1590 , 1.1294 , 4.6663 , 8.5511 , 0.0565 , -0.1006 , 0.0247 , -0.3213 , 0.0670 , 0.6080 , -0.9188 , -28.4135 , 7.5236 , 29.3927
8 , 0.9673 , 4.9045 , 8.4168 , 1.0766 , 4.8447 , 8.4582 , -0.1792 , -0.4207 , 0.0131 , -0.1093 , 0.0599 , -0.0414 , -0.9138 , -29.6050 , 7.2537 , 30.4807
4 , 0.6404 , 5.1248 , 9.3518 , 0.8731 , 4.8546 , 8.4759 , -0.0106 , -0.0505 , 0.0449 , -0.2327 , 0.2702 , 0.8759 , -0.9201 , -29.6719 , 5.8814 , 30.2491
5 , 0.2562 , 5.4995 , 10.6482 , 0.0532 , 5.1862 , 8.3229 , 0.0956 , -0.2673 , 0.2104 , 0.2029 , 0.3132 , 2.3253 , -0.9288 , -31.9278 , 0.3665 , 31.9299
9 , 0.9481 , 5.3858 , 6.7636 , 0.6673 , 5.5140 , 8.0821 , -0.1182 , 0.0277 , -0.0040 , 0.2809 , -0.1282 , -1.3185 , -0.9198 , -34.2129 , 4.7196 , 34.5369
9 , 1.2821 , 5.6407 , 7.8147 , 1.2992 , 5.4983 , 8.0157 , -0.3466 , -0.2252 , 0.0088 , -0.0171 , 0.1424 , -0.2010 , -0.9125 , -34.1024 , 9.2062 , 35.3232
2 , 1.7861 , 6.5302 , 7.2197 , 2.1337 , 6.0638 , 7.4059 , -0.6887 , -0.0755 , 0.1646 , -0.3476 , 0.4663 , -0.1862 , -0.9006 , -38.1950 , 16.0718 , 41.4387
5 , 1.2318 , 4.8495 , 10.7667 , 1.0591 , 4.6938 , 8.5450 , -0.8518 , -0.3217 , 0.0595 , 0.1728 , 0.1557 , 2.2217 , -0.9219 , -28.5962 , 7.0651 , 29.4560
6 , 0.7697 , 5.9029 , 9.0956 , 1.3420 , 5.3042 , 8.1385 , -0.4053 , 0.2751 , 0.4090 , -0.5722 , 0.5987 , 0.9571 , -0.9154 , -32.7436 , 9.3635 , 34.0561
1 , 1.8088 , 4.5681 , 10.2891 , 1.6537 , 4.9758 , 8.2872 , -0.5500 , 0.3460 , 0.3448 , 0.1552 , -0.4076 , 2.0019 , -0.9109 , -30.4900 , 11.2848 , 32.5114
6 , 2.1811 , 5.1511 , 6.9815 , 2.3119 , 4.9887 , 8.1203 , -0.9917 , -0.2967 , 0.2086 , -0.1308 , 0.1624 , -1.1388 , -0.9016 , -30.5776 , 15.8919 , 34.4607
1 , 1.8160 , 4.9907 , 9.0477 , 1.7694 , 4.9571 , 8.2744 , -0.4700 , 0.2800 , -0.0174 , 0.0466 , 0.0336 , 0.7733 , -0.9052 , -30.3638 , 12.0702 , 32.6749
9 , 1.2510 , 4.9596 , 7.9260 , 1.5151 , 4.9395 , 8.3352 , -0.3478 , 0.0418 , -0.0675 , -0.2642 , 0.0201 , -0.4092 , -0.9057 , -30.2441 , 10.3025 , 31.9507
4 , 1.4126 , 5.2445 , 8.4910 , 1.3487 , 5.0584 , 8.2924 , 0.0071 , -0.1366 , -0.0388 , 0.0639 , 0.1861 , 0.1986 , -0.9072 , -31.0515 , 9.2378 , 32.3965
5 , 1.8842 , 4.9763 , 8.7819 , 1.6729 , 5.3550 , 8.0434 , -0.1731 , -0.3138 , -0.1750 , 0.2113 , -0.3786 , 0.7386 , -0.8992 , -33.0970 , 11.7491 , 35.1205
1 , 0.7410 , 6.0789 , 7.9104 , 1.1614 , 5.8017 , 7.8206 , -0.4963 , -0.1959 , 0.1267 , -0.4204 , 0.2772 , 0.0898 , -0.9042 , -36.2713 , 8.4471 , 37.2419
8 , 1.3934 , 5.1679 , 8.3641 , 1.3304 , 5.2239 , 8.1921 , -0.7131 , -0.3248 , 0.1713 , 0.0630 , -0.0560 , 0.1720 , -0.9104 , -32.1874 , 9.2242 , 33.4830
7 , 1.6340 , 5.3522 , 8.6814 , 1.7417 , 4.9773 , 8.2682 , 0.0627 , 0.0485 , -0.1109 , -0.1076 , 0.3750 , 0.4131 , -0.9130 , -30.5001 , 11.8951 , 32.7376
1 , 1.7119 , 5.9867 , 7.0940 , 1.4357 , 5.8573 , 7.7331 , -0.1554 , 0.3747 , 0.1762 , 0.2761 , 0.1294 , -0.6391 , -0.9088 , -36.6751 , 10.5178 , 38.1534
9 , 0.9972 , 6.2549 , 7.9392 , 1.4662 , 5.7667 , 7.7953 , -0.3344 , 0.1108 , -0.0077 , -0.4690 , 0.4882 , 0.1439 , -0.9079 , -36.0178 , 10.6519 , 37.5598
2 , 1.4401 , 6.2560 , 8.3007 , 1.8408 , 5.8726 , 7.6351 , -0.1004 , -0.0328 , -0.0101 , -0.4006 , 0.3835 , 0.6656 , -0.9036 , -36.7866 , 13.5548 , 39.2044
2 , 2.7869 , 6.0011 , 7.5705 , 2.5297 , 5.9820 , 7.3476 , -0.1182 , -0.6369 , 0.1799 , 0.2572 , 0.0191 , 0.2229 , -0.8934 , -37.5891 , 18.9980 , 42.1172
6 , 2.8443 , 6.2237 , 7.8841 , 2.1049 , 5.8668 , 7.5710 , -0.3790 , -0.3150 , 0.0064 , 0.7394 , 0.3569 , 0.3131 , -0.8947 , -36.7443 , 15.5371 , 39.8942
10 , 0.7183 , 5.6096 , 8.8621 , 1.4213 , 5.1422 , 8.2285 , 0.0352 , -0.0877 , 0.0437 , -0.7030 , 0.4674 , 0.6336 , -0.9006 , -31.6250 , 9.7997 , 33.1086
5 , 1.7430 , 5.7353 , 7.1084 , 1.6443 , 5.7778 , 7.7514 , -0.7455 , -0.2997 , 0.0760 , 0.0987 , -0.0424 , -0.6430 , -0.8998 , -36.0979 , 11.9765 , 38.0328
3 , 4.1324 , 5.8634 , 6.7852 , 3.9140 , 5.7808 , 6.8872 , -0.2232 , -0.1836 , 0.1872 , 0.2184 , 0.0826 , -0.1020 , -0.8672 , -36.1197 , 29.6098 , 46.7052
2 , 3.1256 , 5.8299 , 7.2784 , 3.8285 , 5.6483 , 7.0434 , -0.4535 , -0.3736 , 0.2904 , -0.7029 , 0.1816 , 0.2350 , -0.8696 , -35.1675 , 28.5267 , 45.2827
9 , 2.2637 , 4.5765 , 5.8454 , 3.4348 , 4.5318 , 7.9897 , -1.0717 , -0.1177 , 0.1542 , -1.1710 , 0.0448 , -2.1443 , -0.8839 , -27.5233 , 23.2626 , 36.0373
9 , 2.8958 , 4.3048 , 6.8666 , 3.2571 , 4.2152 , 8.2337 , -0.8744 , -0.0493 , 0.0754 , -0.3613 , 0.0896 , -1.3671 , -0.8866 , -25.4568 , 21.5826 , 33.3745
10 , 1.8747 , 5.4971 , 8.2025 , 2.0299 , 5.3310 , 7.9769 , -0.0308 , -0.0376 , 0.0724 , -0.1552 , 0.1661 , 0.2257 , -0.9019 , -32.9299 , 14.2770 , 35.8916
7 , 2.6468 , 5.4229 , 8.4934 , 2.8315 , 5.1613 , 7.8431 , 0.1121 , 0.6086 , -0.1201 , -0.1847 , 0.2615 , 0.6504 , -0.9058 , -31.7565 , 19.8506 , 37.4502
10 , 2.0399 , 5.0506 , 9.4427 , 2.2264 , 5.0849 , 8.0844 , 0.3882 , -0.3419 , 0.0345 , -0.1865 , -0.0344 , 1.3584 , -0.9025 , -31.2329 , 15.3973 , 34.8220
2 , 2.7533 , 5.9747 , 7.8314 , 2.6597 , 5.8175 , 7.4332 , -0.4370 , -0.2130 , 0.4132 , 0.0936 , 0.1572 , 0.3982 , -0.8919 , -36.3860 , 19.6882 , 41.3711
1 , 2.3308 , 6.0166 , 7.8685 , 1.8996 , 5.6886 , 7.7590 , -0.0876 , 0.1694 , -0.1017 , 0.4312 , 0.3280 , 0.1096 , -0.8897 , -35.4560 , 13.7569 , 38.0313
4 , 2.9293 , 4.7118 , 7.6962 , 2.0458 , 4.8549 , 8.2713 , -0.3772 , -0.0163 , 0.3155 , 0.8835 , -0.1431 , -0.5752 , -0.9012 , -29.6737 , 13.8926 , 32.7648
8 , 1.2845 , 4.9009 , 8.4779 , 1.5159 , 4.8479 , 8.3887 , 0.0529 , -0.3755 , -0.0981 , -0.2314 , 0.0530 , 0.0892 , -0.9006 , -29.6268 , 10.2435 , 31.3476
9 , 1.5706 , 5.7365 , 8.0302 , 1.6252 , 5.4340 , 8.0000 , -0.2678 , -0.0383 , 0.0834 , -0.0546 , 0.3025 , 0.0301 , -0.8984 , -33.6499 , 11.4834 , 35.5554
4 , 1.3264 , 5.5581 , 7.4950 , 1.5877 , 5.4311 , 8.0096 , -0.2501 , 0.8646 , -0.0162 , -0.2613 , 0.1271 , -0.5145 , -0.8958 , -33.6291 , 11.2122 , 35.4490
4 , 1.5670 , 5.1140 , 9.3685 , 1.5395 , 5.1982 , 8.1719 , -0.1731 , 0.4749 , -0.0449 , 0.0275 , -0.0842 , 1.1966 , -0.9041 , -32.0099 , 10.6688 , 33.7410
9 , 1.7861 , 5.3391 , 7.5872 , 1.8733 , 5.3831 , 7.9802 , -0.1237 , -0.0981 , 0.1041 , -0.0872 , -0.0440 , -0.3930 , -0.9095 , -33.2932 , 13.2104 , 35.8183
3 , -0.1197 , 7.0366 , 8.2121 , 1.7515 , 5.9391 , 7.6046 , -0.6044 , -0.4695 , -0.4658 , -1.8712 , 1.0974 , 0.6075 , -0.9021 , -37.2736 , 12.9702 , 39.4658
2 , 3.9552 , 6.0454 , 5.8933 , 2.5435 , 5.5954 , 7.6415 , -0.9373 , -0.4628 , 0.2006 , 1.4117 , 0.4500 , -1.7482 , -0.8931 , -34.7902 , 18.4102 , 39.3611
10 , 2.0662 , 4.0929 , 8.4515 , 2.3847 , 4.0726 , 8.5964 , 0.0669 , -0.1818 , -0.0669 , -0.3185 , 0.0203 , -0.1448 , -0.8854 , -24.5378 , 15.5042 , 29.0255
3 , 2.9317 , 6.1208 , 6.3027 , 2.8717 , 5.7696 , 7.3916 , -0.1896 , 0.0106 , -0.1506 , 0.0600 , 0.3512 , -1.0888 , -0.8884 , -36.0389 , 21.2318 , 41.8282
3 , 3.1615 , 5.9197 , 7.6591 , 2.8735 , 5.6794 , 7.4604 , -0.3961 , -0.5832 , 0.0082 , 0.2880 , 0.2403 , 0.1986 , -0.8926 , -35.3896 , 21.0652 , 41.1846
6 , 2.7461 , 5.1415 , 7.7979 , 2.9939 , 4.8608 , 7.9737 , -0.3295 , 0.1364 , -0.0223 , -0.2478 , 0.2807 , -0.1757 , -0.8936 , -29.7137 , 20.5801 , 36.1448
1 , 2.0111 , 5.1272 , 8.2061 , 2.6795 , 4.9920 , 8.0044 , -0.3344 , 0.3893 , -0.0205 , -0.6684 , 0.1352 , 0.2017 , -0.8929 , -30.5997 , 18.5084 , 35.7617
9 , 4.5466 , 4.5921 , 6.9576 , 2.6608 , 5.0494 , 7.9746 , -0.6802 , -0.4243 , -0.0400 , 1.8858 , -0.4573 , -1.0171 , -0.8829 , -30.9902 , 18.4520 , 36.0676
9 , 4.8710 , 4.9333 , 6.2728 , 3.3131 , 4.7518 , 7.9129 , -0.4480 , 0.3509 , -0.2551 , 1.5579 , 0.1815 , -1.6401 , -0.8792 , -28.9829 , 22.7189 , 36.8260
6 , 2.3212 , 5.9077 , 7.5441 , 2.0743 , 5.7296 , 7.6837 , -0.3124 , -0.0474 , 0.0553 , 0.2469 , 0.1781 , -0.1396 , -0.9050 , -35.7507 , 15.1076 , 38.8117
7 , 1.4760 , 5.4013 , 9.7360 , 1.5173 , 5.0676 , 8.2576 , -0.1414 , 0.2586 , 0.0937 , -0.0413 , 0.3337 , 1.4785 , -0.9097 , -31.1149 , 10.4118 , 32.8107
3 , 4.1731 , 6.3087 , 6.1734 , 3.3303 , 5.5972 , 7.3315 , -0.4621 , -0.5080 , 0.0931 , 0.8428 , 0.7116 , -1.1581 , -0.8852 , -34.8027 , 24.4293 , 42.5207
10 , 4.5203 , 2.9928 , 7.9416 , 3.6445 , 3.7112 , 8.3136 , -0.2141 , 0.0357 , -0.5104 , 0.8758 , -0.7184 , -0.3720 , -0.8684 , -22.2366 , 23.6717 , 32.4779
5 , 3.1196 , 6.1076 , 6.8929 , 2.4838 , 6.3644 , 7.0353 , 0.0126 , -0.5098 , -0.2068 , 0.6358 , -0.2568 , -0.1424 , -0.8826 , -40.4653 , 19.4458 , 44.8952
2 , 2.4816 , 6.5529 , 6.5410 , 2.7244 , 6.7192 , 6.6031 , -0.6722 , -0.4817 , 0.3253 , -0.2428 , -0.1662 , -0.0621 , -0.8765 , -43.2486 , 22.4204 , 48.7146
8 , 2.6013 , 5.7880 , 7.8949 , 2.6707 , 5.8847 , 7.3762 , 0.0724 , -0.0493 , 0.0895 , -0.0694 , -0.0967 , 0.5187 , -0.8846 , -36.8752 , 19.9042 , 41.9041
5 , 0.8104 , 6.0035 , 7.7728 , 2.2263 , 6.1474 , 7.3091 , -0.9679 , -0.7108 , 0.3424 , -1.4159 , -0.1439 , 0.4637 , -0.8800 , -38.8189 , 16.9404 , 42.3543
5 , 1.1779 , 5.4624 , 8.3067 , 1.6795 , 5.6034 , 7.8709 , 0.0456 , -0.4640 , -0.0125 , -0.5016 , -0.1411 , 0.4358 , -0.9053 , -34.8473 , 12.0453 , 36.8704
6 , 3.4477 , 5.8407 , 7.9045 , 2.6403 , 5.5654 , 7.6306 , -0.4987 , -0.2337 , 0.1469 , 0.8073 , 0.2752 , 0.2739 , -0.8920 , -34.5770 , 19.0865 , 39.4951
10 , 2.3631 , 4.1144 , 9.1518 , 1.8641 , 4.5668 , 8.4758 , -0.1151 , -0.3315 , -0.2117 , 0.4990 , -0.4524 , 0.6760 , -0.8986 , -27.7547 , 12.4036 , 30.4002
8 , 1.1468 , 4.8902 , 8.0409 , 1.8676 , 4.9295 , 8.2694 , -0.7852 , -0.3278 , -0.0193 , -0.7208 , -0.0393 , -0.2285 , -0.9058 , -30.1764 , 12.7264 , 32.7502
8 , 1.5359 , 4.5969 , 10.6602 , 1.5544 , 4.3837 , 8.6335 , 0.3870 , -0.0645 , 0.1316 , -0.0185 , 0.2132 , 2.0267 , -0.9152 , -26.5520 , 10.2061 , 28.4459
7 , 2.1081 , 4.4209 , 9.3122 , 1.6491 , 4.6281 , 8.4872 , -0.0516 , 0.4315 , 0.0522 , 0.4590 , -0.2072 , 0.8251 , -0.9135 , -28.1598 , 10.9956 , 30.2304
6 , 2.1332 , 5.6276 , 7.4615 , 2.2500 , 5.6034 , 7.7272 , -0.3515 , -0.2618 , 0.0204 , -0.1168 , 0.0241 , -0.2656 , -0.9009 , -34.8473 , 16.2347 , 38.4435
4 , 2.0925 , 5.1116 , 7.8302 , 1.6468 , 5.1772 , 8.1642 , -0.3185 , 0.2684 , 0.1298 , 0.4457 , -0.0656 , -0.3340 , -0.9087 , -31.8655 , 11.4043 , 33.8448
1 , 1.6113 , 5.5067 , 8.9471 , 1.6608 , 5.4562 , 7.9776 , -0.0143 , 0.3325 , 0.0186 , -0.0495 , 0.0505 , 0.9695 , -0.9072 , -33.8055 , 11.7602 , 35.7926
7 , 1.6939 , 5.6264 , 8.3163 , 1.6338 , 5.2846 , 8.0978 , -0.1982 , 0.1291 , 0.0369 , 0.0601 , 0.3418 , 0.2185 , -0.9079 , -32.6071 , 11.4068 , 34.5448
10 , 0.9038 , 4.5466 , 8.7496 , 1.6613 , 4.5003 , 8.5532 , -0.6551 , 0.1371 , -0.2489 , -0.7575 , 0.0463 , 0.1964 , -0.9103 , -27.3162 , 10.9919 , 29.4448
1 , 1.3360 , 5.6623 , 9.2404 , 1.2086 , 5.4661 , 8.0518 , -0.0296 , 0.6923 , 0.0204 , 0.1274 , 0.1962 , 1.1886 , -0.9146 , -33.8750 , 8.5362 , 34.9340