8 , -2.0339 , 4.8949 , 7.4627 , -1.8638 , 4.7881 , 8.3529 , 0.2105 , 1.0088 , 0.1591 , -0.1701 , 0.1068 , -0.8901 , -0.9610 , -29.2260 , -12.5785 , 31.8179
1 , -5.2888 , 6.7421 , 9.0034 , -3.6544 , 5.8759 , 6.9491 , -0.1261 , 0.4205 , -0.0724 , -1.6344 , 0.8662 , 2.0543 , -0.9192 , -36.8105 , -27.7388 , 46.0918
6 , -0.4645 , 5.8478 , 10.3525 , -0.7785 , 5.6956 , 7.9451 , 0.4121 , 0.7290 , 0.1218 , 0.3141 , 0.1522 , 2.4074 , 0.9513 , -35.5062 , -5.5965 , 35.9445
2 , -2.6875 , 5.1882 , 3.7948 , -2.2791 , 6.6944 , 6.7942 , 0.9588 , 0.3906 , 0.0937 , -0.4084 , -1.5062 , -2.9994 , -0.9197 , -43.0505 , -18.5440 , 46.8746
2 , -2.6743 , 6.9755 , 10.9319 , -2.3258 , 6.5116 , 6.9542 , -0.1041 , -0.0566 , -0.3003 , -0.3485 , 0.4639 , 3.9778 , 0.9235 , -41.6053 , -18.4925 , 45.5300
7 , -2.3224 , 6.3291 , 7.3670 , -2.4658 , 5.8586 , 7.4678 , 0.2025 , 0.2244 , -0.3015 , 0.1434 , 0.4705 , -0.1008 , 0.9377 , -36.6845 , -18.2727 , 40.9835
2 , -2.9377 , 6.5230 , 8.5521 , -2.4883 , 6.2714 , 7.1168 , 0.0242 , 0.0320 , -0.2215 , -0.4494 , 0.2516 , 1.4353 , 0.9284 , -39.7547 , -19.2718 , 44.1797
4 , -2.3272 , 7.3610 , 9.5122 , -2.6852 , 6.0963 , 7.1969 , 0.4493 , 0.1419 , -0.5342 , 0.3580 , 1.2647 , 2.3153 , 0.9309 , -38.4369 , -20.4609 , 43.5435
8 , -2.2972 , 5.0446 , 10.1598 , -1.7073 , 5.5563 , 7.8983 , 0.4890 , 0.6991 , 0.2019 , -0.5900 , -0.5117 , 2.2615 , 0.9440 , -34.5122 , -12.1972 , 36.6041
1 , -4.5813 , 7.6842 , 5.1607 , -2.6340 , 6.8871 , 6.4654 , -0.3643 , 0.5072 , -0.5422 , -1.9473 , 0.7971 , -1.3047 , 0.9079 , -44.6106 , -22.1661 , 49.8140
3 , -0.9493 , 6.0382 , 7.6974 , -2.1009 , 6.4795 , 7.0550 , -0.2422 , -0.1494 , 0.1225 , 1.1516 , -0.4413 , 0.6424 , 0.9165 , -41.3551 , -16.5831 , 44.5561
3 , -2.0458 , 7.4017 , 8.7724 , -2.4121 , 6.4816 , 6.9528 , 0.5697 , 0.0424 , -0.2496 , 0.3663 , 0.9201 , 1.8195 , 0.9155 , -41.3712 , -19.1329 , 45.5812
4 , -2.0075 , 6.1890 , 9.0178 , -2.0265 , 5.6787 , 7.7341 , -0.0455 , 0.4199 , -0.0639 , 0.0189 , 0.5103 , 1.2837 , 0.9448 , -35.3852 , -14.6825 , 38.3104
8 , -1.1253 , 4.1683 , 8.1044 , -1.5870 , 5.4855 , 7.9725 , 0.6216 , 0.6001 , 0.0162 , 0.4617 , -1.3172 , 0.1319 , 0.9503 , -34.0122 , -11.2578 , 35.8269
2 , -3.1448 , 6.5098 , 7.1599 , -2.4742 , 6.2260 , 7.1614 , 0.0871 , -0.0468 , -0.0773 , -0.6705 , 0.2838 , -0.0015 , 0.9296 , -39.4109 , -19.0599 , 43.7778
3 , -3.1041 , 6.1627 , 8.2253 , -2.3654 , 6.1899 , 7.2291 , -0.1108 , 0.0491 , -0.0376 , -0.7387 , -0.0273 , 0.9962 , 0.9316 , -39.1385 , -18.1186 , 43.1289
2 , -2.0087 , 6.4224 , 7.4304 , -1.9377 , 6.4353 , 7.1416 , -0.0009 , 0.1468 , -0.1732 , -0.0710 , -0.0129 , 0.2888 , 0.9281 , -41.0124 , -15.1803 , 43.7317
7 , -1.6257 , 5.6982 , 7.5405 , -1.8206 , 5.8067 , 7.6901 , 0.1152 , 0.1090 , -0.0321 , 0.1949 , -0.1085 , -0.1496 , 0.9428 , -36.3077 , -13.3194 , 38.6737
6 , -2.3272 , 5.9664 , 6.9779 , -1.7251 , 5.9179 , 7.6271 , 0.5202 , 0.1468 , 0.1506 , -0.6020 , 0.0485 , -0.6492 , 0.9407 , -37.1178 , -12.7450 , 39.2450
3 , -2.0614 , 7.2161 , 8.1894 , -1.9074 , 6.5295 , 7.0638 , 0.0999 , 0.0503 , -0.0767 , -0.1540 , 0.6866 , 1.1255 , 0.9262 , -41.7456 , -15.1111 , 44.3964
3 , -1.8244 , 6.9133 , 6.5565 , -1.5629 , 6.2753 , 7.3721 , -0.2434 , 0.0069 , -0.3754 , -0.2614 , 0.6379 , -0.8156 , 0.9333 , -39.7847 , -11.9699 , 41.5464
10 , -1.8759 , 5.1571 , 8.6874 , -1.6983 , 5.1607 , 8.1641 , 0.1543 , -0.0951 , -0.1445 , -0.1775 , -0.0036 , 0.5232 , 0.9524 , -31.7520 , -11.7514 , 33.8568
8 , -2.7198 , 5.7257 , 7.5908 , -1.8884 , 5.4633 , 7.9220 , -0.0473 , 0.0454 , -0.1866 , -0.8314 , 0.2625 , -0.3311 , 0.9466 , -33.8553 , -13.4075 , 36.4135
10 , -1.1468 , 4.9799 , 9.2596 , -1.6985 , 5.1482 , 8.1720 , 0.0034 , 0.0729 , -0.0058 , 0.5517 , -0.1682 , 1.0876 , 0.9520 , -31.6660 , -11.7412 , 33.7727
9 , -0.5351 , 5.1906 , 7.6375 , -1.3243 , 5.7251 , 7.8511 , -0.1194 , -0.2472 , 0.3124 , 0.7892 , -0.5345 , -0.2136 , 0.9433 , -35.7181 , -9.5747 , 36.9791
5 , -1.9585 , 5.0434 , 6.9192 , -2.1687 , 5.9765 , 7.4665 , 0.0651 , 0.2244 , 0.0058 , 0.2102 , -0.9331 , -0.5473 , 0.9351 , -37.5484 , -16.1961 , 40.8925
4 , -2.6707 , 6.5230 , 6.1591 , -2.1935 , 6.2745 , 7.2104 , -0.5293 , 0.1273 , -0.0364 , -0.4772 , 0.2485 , -1.0513 , 0.9301 , -39.7783 , -16.9206 , 43.2275
5 , -1.7538 , 5.8993 , 8.7101 , -1.7809 , 6.1246 , 7.4491 , -0.1744 , 0.1193 , -0.0284 , 0.0271 , -0.2253 , 1.2611 , 0.9360 , -38.6480 , -13.4455 , 40.9200
10 , -2.2505 , 5.3008 , 8.0541 , -1.5896 , 5.2489 , 8.1298 , -0.2580 , 0.1432 , 0.1732 , -0.6610 , 0.0519 , -0.0757 , 0.9507 , -32.3598 , -11.0632 , 34.1987
6 , -2.2948 , 4.6974 , 5.8454 , -1.6253 , 5.5059 , 7.9507 , -0.2061 , -0.2295 , 0.2349 , -0.6696 , -0.8085 , -2.1053 , 0.9468 , -34.1556 , -11.5532 , 36.0567
1 , -3.6272 , 6.8127 , 6.3267 , -2.7249 , 6.5030 , 6.8159 , -0.6374 , -0.0566 , -0.1818 , -0.9023 , 0.3097 , -0.4892 , 0.9205 , -41.5385 , -21.7908 , 46.9072
6 , -3.6093 , 5.4229 , 9.3254 , -2.5319 , 5.3953 , 7.7878 , 0.1720 , 0.0607 , 0.1499 , -1.0774 , 0.0276 , 1.5376 , 0.9468 , -33.3786 , -18.0097 , 37.9273
6 , -2.6528 , 5.5007 , 7.1718 , -2.2826 , 5.5619 , 7.7476 , 0.2465 , 0.1468 , 0.1634 , -0.3702 , -0.0612 , -0.5758 , 0.9453 , -34.5518 , -16.4158 , 38.2532
6 , -2.2410 , 5.0530 , 6.7409 , -2.1753 , 5.8224 , 7.5854 , 0.1207 , 0.2592 , -0.0168 , -0.0656 , -0.7695 , -0.8445 , 0.9407 , -36.4215 , -16.0019 , 39.7817
5 , -1.7226 , 6.7325 , 6.9456 , -1.5458 , 6.1283 , 7.4983 , -0.0296 , 0.2177 , -0.1964 , -0.1768 , 0.6042 , -0.5527 , 0.9358 , -38.6759 , -11.6484 , 40.3920
7 , -1.4257 , 6.1998 , 8.3246 , -1.6168 , 5.9575 , 7.6200 , -0.1738 , 0.1218 , -0.1940 , 0.1911 , 0.2423 , 0.7046 , 0.9398 , -37.4085 , -11.9794 , 39.2798
6 , -0.6847 , 5.9113 , 7.9128 , -1.5981 , 6.0587 , 7.5438 , 0.1909 , 0.1817 , 0.0986 , 0.9133 , -0.1474 , 0.3690 , 0.9380 , -38.1564 , -11.9607 , 39.9871
5 , -2.1584 , 6.5565 , 8.4252 , -1.6732 , 6.1387 , 7.4624 , -0.0326 , 0.0418 , 0.1640 , -0.4852 , 0.4178 , 0.9628 , 0.9358 , -38.7540 , -12.6376 , 40.7625
10 , -2.3320 , 5.2744 , 9.2165 , -1.9543 , 5.9834 , 7.5199 , 1.2221 , 0.8670 , 0.1035 , -0.3776 , -0.7090 , 1.6966 , 0.9342 , -37.5998 , -14.5682 , 40.3234
1 , -6.1854 , 6.4548 , 6.3039 , -3.9342 , 6.7419 , 5.9363 , 0.0755 , 0.4211 , -0.1335 , -2.2512 , -0.2871 , 0.3677 , 0.8928 , -43.4312 , -33.5340 , 54.8707
9 , 0.0012 , 5.1822 , 9.5624 , -1.4095 , 5.9864 , 7.6385 , 0.7658 , 0.8487 , 0.2678 , 1.4107 , -0.8042 , 1.9240 , 0.9369 , -37.6219 , -10.4551 , 39.0476
2 , -2.6851 , 6.8905 , 5.8861 , -3.0112 , 6.5965 , 6.6022 , -0.3790 , -0.9784 , -0.4267 , 0.3261 , 0.2940 , -0.7160 , 0.9127 , -42.2727 , -24.5173 , 48.8680
9 , -0.2693 , 5.4396 , 8.4312 , -2.0680 , 5.8502 , 7.5940 , -0.0571 , -0.1097 , 0.3576 , 1.7986 , -0.4106 , 0.8372 , 0.9381 , -36.6237 , -15.2334 , 39.6655
6 , -3.1113 , 5.0889 , 7.3813 , -2.1718 , 6.2796 , 7.2125 , 0.5672 , -0.6980 , 0.1713 , -0.9395 , -1.1907 , 0.1688 , 0.9265 , -39.8174 , -16.7578 , 43.2001
9 , -0.8296 , 6.0418 , 8.7963 , -0.9647 , 6.3318 , 7.4262 , 0.0309 , 0.8732 , 0.2330 , 0.1351 , -0.2900 , 1.3701 , 0.9300 , -40.2156 , -7.4012 , 40.8910
1 , -4.9344 , 7.6016 , 8.4192 , -3.7482 , 6.8557 , 5.9263 , -0.2043 , 0.0320 , -0.0217 , -1.1863 , 0.7459 , 2.4929 , 0.8955 , -44.3540 , -32.3118 , 54.8756
1 , -4.0007 , 7.6016 , 7.7524 , -3.6984 , 7.0053 , 5.7809 , 0.2716 , 0.0595 , -0.1213 , -0.3024 , 0.5963 , 1.9715 , 0.8915 , -45.5891 , -32.6094 , 56.0512
7 , -2.8671 , 6.2058 , 7.5944 , -3.0175 , 6.4982 , 6.6961 , 0.1305 , -0.0077 , -0.1897 , 0.1504 , -0.2924 , 0.8983 , 0.9138 , -41.5010 , -24.2578 , 48.0705
10 , -0.9924 , 6.6906 , 7.0521 , -1.4533 , 6.1026 , 7.5377 , 0.0284 , 0.0357 , -0.1793 , 0.4609 , 0.5880 , -0.4856 , 0.9347 , -38.4834 , -10.9128 , 40.0008
10 , -3.4273 , 6.3375 , 6.4440 , -1.7807 , 6.1733 , 7.4087 , -0.0540 , 0.1169 , -0.0455 , -1.6466 , 0.1641 , -0.9647 , 0.9319 , -39.0137 , -13.5151 , 41.2883
3 , -0.7614 , 7.2927 , 6.9564 , -2.1039 , 6.7582 , 6.7876 , 0.1286 , -0.0260 , 0.1444 , 1.3425 , 0.5346 , 0.1688 , 0.9187 , -43.5622 , -17.2212 , 46.8427
2 , -3.5949 , 6.4823 , 9.1303 , -2.4150 , 6.7467 , 6.6948 , 0.2569 , 0.3289 , -0.0345 , -1.1799 , -0.2644 , 2.4355 , 0.9159 , -43.4696 , -19.8359 , 47.7815
2 , -1.2127 , 8.2576 , 8.7640 , -1.9651 , 7.1267 , 6.4435 , 0.2203 , -0.0871 , -0.6295 , 0.7524 , 1.1309 , 2.3204 , 0.9100 , -46.6122 , -16.9601 , 49.6018
3 , -2.5893 , 7.1503 , 8.0649 , -1.9954 , 7.0999 , 6.4638 , 0.4670 , 0.1957 , -0.0675 , -0.5940 , 0.0504 , 1.6011 , 0.9104 , -46.3849 , -17.1555 , 49.4557
7 , -2.6588 , 5.7868 , 7.8171 , -2.1997 , 6.0893 , 7.3656 , 0.1537 , 0.3423 , -0.2325 , -0.4591 , -0.3025 , 0.4514 , 0.9352 , -38.3843 , -16.6279 , 41.8311
5 , -1.8771 , 7.2257 , 8.0816 , -2.0765 , 6.3599 , 7.1701 , 0.1476 , -0.1250 , -0.2819 , 0.1994 , 0.8658 , 0.9115 , 0.9300 , -40.4305 , -16.1512 , 43.5371
7 , -2.3475 , 6.7205 , 7.6315 , -2.2007 , 6.3507 , 7.1412 , -0.0045 , 0.0192 , -0.1543 , -0.1468 , 0.3699 , 0.4903 , 0.9290 , -40.3599 , -17.1276 , 43.8438
9 , -1.5012 , 5.6360 , 6.7277 , -1.8223 , 6.2544 , 7.3303 , 0.1433 , -0.0590 , -0.0706 , 0.3211 , -0.6184 , -0.6025 , 0.9332 , -39.6256 , -13.9605 , 42.0129
8 , -1.4174 , 6.1268 , 8.2217 , -1.6675 , 6.2525 , 7.3686 , 0.1011 , 0.2409 , -0.0315 , 0.2501 , -0.1257 , 0.8531 , 0.9337 , -39.6113 , -12.7509 , 41.6130
6 , -1.6795 , 6.2046 , 8.0721 , -1.6751 , 6.4056 , 7.2342 , -0.0467 , 0.0662 , 0.1163 , -0.0045 , -0.2010 , 0.8379 , 0.9304 , -40.7824 , -13.0371 , 42.8155
3 , -2.4397 , 8.0325 , 7.8925 , -2.1481 , 6.9305 , 6.5973 , 0.2245 , 0.1865 , -0.2221 , -0.2916 , 1.1020 , 1.2952 , 0.9138 , -44.9682 , -18.0352 , 48.4501
5 , -1.9680 , 6.5050 , 7.8398 , -2.4189 , 6.6594 , 6.7802 , 0.1738 , 0.1474 , 0.0021 , 0.4508 , -0.1544 , 1.0596 , 0.9185 , -42.7711 , -19.6340 , 47.0623
6 , -1.1983 , 6.3710 , 7.7524 , -1.6563 , 6.4839 , 7.1684 , 0.1476 , 0.0204 , -0.0431 , 0.4580 , -0.1129 , 0.5840 , 0.9275 , -41.3896 , -13.0103 , 43.3863
5 , -2.1296 , 6.0765 , 5.8897 , -2.0455 , 6.6321 , 6.9283 , -0.1053 , 0.1707 , -0.2208 , -0.0842 , -0.5556 , -1.0386 , 0.9217 , -42.5541 , -16.4483 , 45.6223
8 , -2.5175 , 7.6770 , 7.6698 , -2.0879 , 6.4990 , 7.0409 , -0.0235 , 0.3209 , -0.1530 , -0.4297 , 1.1780 , 0.6289 , 0.9251 , -41.5074 , -16.5168 , 44.6729
5 , -3.0191 , 6.6810 , 7.1946 , -2.2840 , 6.4889 , 6.9892 , -0.1707 , -0.0157 , -0.0883 , -0.7351 , 0.1922 , 0.2054 , 0.9235 , -41.4281 , -18.0968 , 45.2082
5 , -2.5414 , 6.9312 , 8.8166 , -2.1076 , 6.6492 , 6.8932 , 1.0003 , 0.8316 , 0.2049 , -0.4339 , 0.2820 , 1.9234 , 0.9207 , -42.6899 , -17.0009 , 45.9506
1 , -4.4221 , 7.5705 , 8.3761 , -3.5789 , 7.0913 , 5.7511 , 0.0840 , 0.0393 , 0.1078 , -0.8432 , 0.4792 , 2.6250 , 0.8903 , -46.3121 , -31.8939 , 56.2319
2 , -1.3970 , 6.4548 , 9.6618 , -1.7436 , 6.6516 , 6.9919 , -0.0241 , 0.0021 , -0.3571 , 0.3466 , -0.1968 , 2.6699 , 0.9252 , -42.7086 , -14.0027 , 44.9455
2 , -1.1935 , 7.0066 , 7.2425 , -1.8531 , 6.8304 , 6.7884 , 0.3858 , 0.1584 , -0.2520 , 0.6596 , 0.1762 , 0.4541 , 0.9196 , -44.1474 , -15.2690 , 46.7133
2 , -1.5443 , 7.3454 , 7.4962 , -1.8780 , 6.9985 , 6.6079 , -0.0522 , -0.0095 , -0.2942 , 0.3337 , 0.3469 , 0.8883 , 0.9146 , -45.5327 , -15.8652 , 48.2175
6 , -1.8172 , 6.0190 , 8.1535 , -1.6667 , 6.3265 , 7.3053 , 0.1610 , -0.1299 , 0.1188 , -0.1505 , -0.3075 , 0.8481 , 0.9329 , -40.1750 , -12.8522 , 42.1807
9 , -2.1620 , 6.5984 , 6.7301 , -1.0115 , 6.3763 , 7.3817 , -0.1108 , -0.0041 , 0.0449 , -1.1505 , 0.2221 , -0.6516 , 0.9335 , -40.5570 , -7.8024 , 41.3007
6 , -2.1284 , 7.2652 , 6.9623 , -1.3070 , 6.6372 , 7.1000 , 0.1561 , 0.1083 , -0.0064 , -0.8214 , 0.6280 , -0.1376 , 0.9268 , -42.5945 , -10.4305 , 43.8530
8 , -1.0092 , 7.1168 , 6.5625 , -1.4177 , 6.6120 , 7.1022 , -0.2892 , -0.1702 , -0.3271 , 0.4086 , 0.5047 , -0.5397 , 0.9275 , -42.3950 , -11.2888 , 43.8722
10 , -0.4202 , 6.1878 , 7.1838 , -1.3919 , 6.4095 , 7.2905 , 0.0498 , -0.1134 , 0.0870 , 0.9717 , -0.2217 , -0.1067 , 0.9322 , -40.8129 , -10.8090 , 42.2200
9 , 0.0215 , 6.0885 , 8.5880 , -1.3013 , 6.4729 , 7.2511 , 0.2251 , 0.4083 , 0.1163 , 1.3229 , -0.3845 , 1.3369 , 0.9309 , -41.3041 , -10.1744 , 42.5388
4 , -2.1715 , 7.0653 , 7.3741 , -2.2063 , 6.6425 , 6.8688 , 0.0474 , -0.2001 , 0.0388 , 0.0348 , 0.4228 , 0.5054 , 0.9221 , -42.6364 , -17.8077 , 46.2058
8 , -1.5742 , 6.8031 , 7.0461 , -1.8306 , 6.5460 , 7.0689 , 0.0822 , -0.1769 , -0.1097 , 0.2565 , 0.2572 , -0.0228 , 0.9266 , -41.8746 , -14.5189 , 44.3202
9 , -1.1480 , 5.9352 , 7.5346 , -1.5628 , 6.5393 , 7.1390 , 0.0480 , 0.2214 , -0.0651 , 0.4148 , -0.6040 , 0.3955 , 0.9279 , -41.8221 , -12.3481 , 43.6069
8 , -0.9182 , 6.6726 , 8.5569 , -1.7092 , 6.6166 , 7.0334 , 0.3204 , 0.0821 , -0.0529 , 0.7911 , 0.0560 , 1.5234 , 0.9250 , -42.4315 , -13.6590 , 44.5758
3 , -2.4169 , 7.9188 , 7.5226 , -1.8179 , 7.1147 , 6.4998 , -0.1683 , -0.0926 , -0.1769 , -0.5991 , 0.8041 , 1.0228 , 0.9106 , -46.5100 , -15.6253 , 49.0646
4 , -0.3304 , 8.3210 , 7.5884 , -1.7580 , 7.0557 , 6.5801 , -0.1353 , -0.2044 , -0.3332 , 1.4276 , 1.2654 , 1.0083 , 0.9140 , -46.0113 , -14.9586 , 48.3818
3 , -2.1907 , 7.1132 , 8.1056 , -1.5867 , 7.2272 , 6.4359 , -0.4108 , -0.0309 , -0.0266 , -0.6040 , -0.1140 , 1.6697 , 0.9097 , -47.4735 , -13.8496 , 49.4525
9 , -0.1472 , 6.8163 , 7.2125 , -1.2921 , 6.7522 , 6.9934 , -0.0797 , 0.0998 , 0.1493 , 1.1449 , 0.0640 , 0.2191 , 0.9241 , -43.5145 , -10.4682 , 44.7559
7 , -1.0834 , 6.8115 , 8.2552 , -1.7424 , 6.6043 , 7.0368 , 0.0046 , 0.0699 , -0.1897 , 0.6590 , 0.2072 , 1.2184 , 0.9261 , -42.3344 , -13.9071 , 44.5601
10 , -1.1241 , 6.0478 , 7.5561 , -1.4401 , 6.5080 , 7.1932 , 0.0504 , 0.1022 , -0.0132 , 0.3160 , -0.4602 , 0.3629 , 0.9287 , -41.5773 , -11.3209 , 43.0910
4 , -2.4588 , 7.6327 , 5.4396 , -2.0347 , 7.0387 , 6.5182 , -0.1102 , -0.3553 , -0.3687 , -0.4241 , 0.5940 , -1.0786 , 0.9121 , -45.8689 , -17.3363 , 49.0358
8 , -1.1073 , 6.2130 , 8.5258 , -1.7174 , 6.5388 , 7.1039 , 0.0229 , 0.2061 , 0.1157 , 0.6100 , -0.3259 , 1.4219 , 0.9272 , -41.8185 , -13.5905 , 43.9715
4 , -3.5997 , 6.9599 , 5.5952 , -2.0965 , 6.8719 , 6.6747 , 0.0291 , -0.0590 , -0.2105 , -1.5032 , 0.0880 , -1.0795 , 0.9164 , -44.4863 , -17.4370 , 47.7816
5 , -1.1121 , 6.8941 , 7.7620 , -1.6709 , 6.6455 , 7.0154 , 0.2319 , 0.3338 , -0.2318 , 0.5588 , 0.2486 , 0.7466 , 0.9241 , -42.6603 , -13.3968 , 44.7144
10 , -1.5622 , 6.7253 , 7.8051 , -1.6610 , 6.4026 , 7.2401 , 0.0077 , 0.0332 , -0.0046 , 0.0988 , 0.3227 , 0.5650 , 0.9298 , -40.7592 , -12.9211 , 42.7582
8 , -2.3200 , 6.8738 , 6.7756 , -1.7425 , 6.5247 , 7.1107 , 0.0669 , 0.2537 , 0.1787 , -0.5775 , 0.3490 , -0.3351 , 0.9262 , -41.7081 , -13.7692 , 43.9222
4 , -1.9884 , 7.0773 , 8.2480 , -2.4265 , 6.5224 , 6.9094 , 0.1274 , -0.2649 , -0.2471 , 0.4381 , 0.5548 , 1.3386 , 0.9229 , -41.6902 , -19.3505 , 45.9621
8 , -2.6647 , 7.1754 , 6.9911 , -1.9771 , 6.6822 , 6.9000 , -0.0504 , 0.2629 , 0.0296 , -0.6877 , 0.4932 , 0.0911 , 0.9194 , -42.9528 , -15.9888 , 45.8322
7 , -1.7023 , 7.6399 , 4.7669 , -1.9952 , 6.7623 , 6.8162 , -0.3045 , 0.0980 , -0.1714 , 0.2929 , 0.8776 , -2.0493 , 0.9177 , -43.5958 , -16.3155 , 46.5488
3 , -1.9309 , 7.2293 , 8.2121 , -1.4747 , 6.7286 , 6.9801 , 0.0120 , 0.0014 , -0.0187 , -0.4562 , 0.5007 , 1.2320 , 0.9234 , -43.3243 , -11.9296 , 44.9367
5 , -2.2517 , 7.5812 , 7.6602 , -1.6513 , 6.6755 , 6.9915 , -0.1340 , 0.0143 , -0.1304 , -0.6005 , 0.9057 , 0.6687 , 0.9238 , -42.8993 , -13.2887 , 44.9104
8 , -2.6456 , 6.7086 , 6.5242 , -1.7168 , 6.4212 , 7.2105 , 0.1048 , 0.2482 , 0.0815 , -0.9288 , 0.2874 , -0.6863 , 0.9294 , -40.9028 , -13.3923 , 43.0394
10 , -3.2106 , 7.1024 , 7.8458 , -1.6213 , 6.4378 , 7.2178 , 0.3198 , 0.1377 , 0.0033 , -1.5893 , 0.6646 , 0.6280 , 0.9292 , -41.0311 , -12.6600 , 42.9398
6 , 0.4166 , 6.3758 , 8.4192 , -1.4647 , 6.8414 , 6.8717 , 0.3986 , 0.7400 , -0.1549 , 1.8813 , -0.4657 , 1.5475 , 0.9215 , -44.2372 , -12.0329 , 45.8446
1 , -3.3651 , 7.8171 , 4.4424 , -2.8644 , 7.2988 , 5.8901 , -0.1053 , -0.4390 , 0.0424 , -0.5007 , 0.5182 , -1.4476 , -0.8938 , -48.0969 , -25.9338 , 54.6431
2 , -2.8778 , 6.9168 , 6.5541 , -2.7247 , 7.3165 , 5.9342 , 0.5025 , 0.0650 , -0.2068 , -0.1532 , -0.3997 , 0.6199 , -0.8958 , -48.2517 , -24.6619 , 54.1889
2 , -3.3866 , 8.0445 , 6.2070 , -2.8128 , 7.4230 , 5.7582 , 0.3406 , -0.0609 , -0.0718 , -0.5738 , 0.6215 , 0.4487 , -0.8908 , -49.1949 , -26.0347 , 55.6592
5 , -1.9249 , 6.8295 , 8.3294 , -2.0708 , 6.9269 , 6.6257 , 0.0065 , 0.2348 , -0.0681 , 0.1458 , -0.0975 , 1.7037 , 0.9117 , -44.9386 , -17.3558 , 48.1737
7 , -3.1077 , 6.5601 , 7.4460 , -2.2636 , 6.7225 , 6.7716 , -0.0204 , 0.0039 , 0.1121 , -0.8441 , -0.1623 , 0.6743 , 0.9162 , -43.2749 , -18.4834 , 47.0569
2 , -2.8503 , 8.1606 , 4.5238 , -2.6204 , 7.7174 , 5.4539 , 0.3033 , -0.1342 , -0.5422 , -0.2299 , 0.4432 , -0.9301 , 0.8803 , -51.9020 , -18.7548 , 55.1866
8 , -1.6628 , 6.4811 , 6.9827 , -2.3051 , 6.6465 , 6.8323 , -0.0937 , -0.1543 , -0.0828 , 0.6423 , -0.1654 , 0.1503 , 0.9154 , -42.6684 , -18.6433 , 46.5636
8 , -1.9788 , 7.0258 , 7.5908 , -2.3782 , 6.4519 , 6.9919 , -0.0968 , -0.0902 , -0.2050 , 0.3994 , 0.5739 , 0.5989 , 0.9187 , -41.1409 , -18.7853 , 45.2268
9 , -3.5195 , 6.3422 , 7.4986 , -2.3126 , 6.4398 , 7.0250 , 0.1097 , 0.0857 , 0.0803 , -1.2069 , -0.0976 , 0.4736 , 0.9192 , -41.0473 , -18.2213 , 44.9099
2 , -2.9329 , 7.4603 , 8.0146 , -2.4163 , 6.9694 , 6.4621 , 0.1164 , 0.2666 , -0.1060 , -0.5166 , 0.4909 , 1.5525 , 0.9072 , -45.2906 , -20.5017 , 49.7148
2 , -1.7119 , 7.3131 , 6.2584 , -2.6721 , 7.2784 , 6.0046 , 0.7358 , 0.4840 , -0.5336 , 0.9602 , 0.0347 , 0.2538 , 0.8948 , -47.9183 , -23.9891 , 53.5877
9 , -0.3376 , 7.2844 , 6.6714 , -2.1391 , 6.3956 , 7.1198 , -0.3894 , 0.1010 , -0.1671 , 1.8015 , 0.8888 , -0.4483 , 0.9239 , -40.7052 , -16.7223 , 44.0062
10 , -4.4592 , 6.5098 , 5.7485 , -2.5936 , 6.3298 , 7.0268 , -0.1768 , 0.2195 , 0.1225 , -1.8656 , 0.1800 , -1.2784 , 0.9170 , -40.2005 , -20.2592 , 45.0168
9 , -2.1416 , 6.2932 , 7.6986 , -2.0714 , 6.2865 , 7.2360 , -0.2819 , 0.2006 , 0.0534 , -0.0702 , 0.0067 , 0.4625 , 0.9248 , -39.8695 , -15.9746 , 42.9507
10 , -2.3236 , 6.6355 , 7.0198 , -2.1143 , 6.2123 , 7.2875 , -0.0412 , 0.1218 , 0.0406 , -0.2093 , 0.4233 , -0.2677 , 0.9264 , -39.3071 , -16.1790 , 42.5065
5 , -2.3020 , 7.4520 , 7.6531 , -2.2290 , 6.5868 , 6.9149 , 0.4670 , 0.2733 , -0.1543 , -0.0730 , 0.8651 , 0.7382 , 0.9168 , -42.1962 , -17.8668 , 45.8229
3 , -2.6683 , 6.2788 , 7.7979 , -2.5469 , 7.0735 , 6.2968 , -0.4303 , 0.2867 , -0.2887 , -0.1214 , -0.7947 , 1.5012 , 0.8998 , -46.1616 , -22.0222 , 51.1456
10 , -2.0123 , 6.8462 , 6.8342 , -2.1289 , 6.2955 , 7.2114 , -0.1933 , 0.0033 , -0.0907 , 0.1166 , 0.5507 , -0.3771 , 0.9228 , -39.9386 , -16.4476 , 43.1928
9 , -2.5630 , 6.6978 , 8.1870 , -2.0330 , 6.3591 , 7.1832 , 0.0193 , 0.3185 , 0.0058 , -0.5299 , 0.3387 , 1.0037 , 0.9221 , -40.4247 , -15.8029 , 43.4037
1 , -4.1312 , 8.6000 , 6.8977 , -3.2047 , 7.5457 , 5.3818 , -0.2403 , -0.0529 , -0.4756 , -0.9265 , 1.0543 , 1.5159 , 0.8786 , -50.3039 , -30.7726 , 58.9698
5 , -2.2039 , 7.1563 , 4.5945 , -3.3081 , 6.8208 , 6.2212 , -0.4047 , -0.6937 , -0.2105 , 1.1042 , 0.3355 , -1.6268 , 0.9019 , -44.0693 , -28.0012 , 52.2127
4 , -2.5307 , 7.2544 , 7.9583 , -2.8982 , 6.9832 , 6.2455 , -0.2831 , -0.0841 , -0.1194 , 0.3675 , 0.2712 , 1.7129 , 0.9019 , -45.4051 , -24.8936 , 51.7814
4 , -3.4524 , 8.1535 , 5.8012 , -2.9648 , 6.9540 , 6.2468 , 0.0834 , 0.6380 , -0.4383 , -0.4877 , 1.1995 , -0.4457 , 0.9016 , -45.1625 , -25.3894 , 51.8100
3 , -1.4916 , 6.5912 , 6.8247 , -2.0378 , 6.8793 , 6.6853 , 0.2404 , -0.1525 , -0.3039 , 0.5463 , -0.2881 , 0.1394 , 0.9148 , -44.5469 , -16.9526 , 47.6635
5 , -2.8276 , 7.6172 , 6.8474 , -2.1885 , 6.8801 , 6.6366 , -0.0888 , 0.0613 , 0.0815 , -0.6391 , 0.7370 , 0.2108 , 0.9137 , -44.5537 , -18.2504 , 48.1468
3 , -1.7897 , 7.5417 , 8.7065 , -2.1697 , 7.0179 , 6.4971 , 0.4139 , 0.3741 , 0.1695 , 0.3800 , 0.5239 , 2.2094 , 0.9108 , -45.6944 , -18.4664 , 49.2848
1 , -3.6631 , 8.0313 , 5.0458 , -3.0736 , 7.4656 , 5.5667 , -0.0064 , -0.4445 , -0.1225 , -0.5896 , 0.5657 , -0.5209 , -0.8853 , -49.5772 , -28.9044 , 57.3878
5 , -2.2051 , 6.9671 , 8.3246 , -2.2687 , 6.7484 , 6.7441 , -0.0296 , 0.0112 , 0.0522 , 0.0636 , 0.2188 , 1.5805 , 0.9173 , -43.4832 , -18.5926 , 47.2914
3 , -2.8790 , 7.3035 , 5.6778 , -2.4033 , 6.9561 , 6.4813 , -0.0882 , -0.1659 , -0.1036 , -0.4758 , 0.3474 , -0.8034 , 0.9102 , -45.1803 , -20.3449 , 49.5498
8 , -2.2865 , 7.2820 , 6.6846 , -2.3352 , 6.4548 , 7.0037 , -0.1829 , 0.0497 , -0.1274 , 0.0488 , 0.8272 , -0.3191 , 0.9239 , -41.1633 , -18.4398 , 45.1048
3 , -2.4038 , 6.6918 , 6.4919 , -2.4731 , 6.7670 , 6.6530 , 0.2404 , -0.1757 , 0.0553 , 0.0693 , -0.0752 , -0.1611 , 0.9145 , -43.6332 , -20.3913 , 48.1628
6 , -1.6544 , 6.5817 , 7.2652 , -2.3812 , 6.9882 , 6.4549 , 0.4799 , 0.5085 , 0.2367 , 0.7268 , -0.4065 , 0.8103 , 0.9092 , -45.4466 , -20.2491 , 49.7536
1 , -4.5837 , 7.5681 , 8.3821 , -3.2621 , 7.4271 , 5.5106 , -0.5574 , -0.2875 , -0.2508 , -1.3216 , 0.1409 , 2.8715 , 0.8835 , -49.2318 , -30.6241 , 57.9794
1 , -3.4704 , 8.0685 , 3.9947 , -3.3338 , 7.6121 , 5.2069 , 0.0932 , 0.0625 , -0.2367 , -0.1366 , 0.4563 , -1.2121 , 0.8748 , -50.9159 , -32.6303 , 60.4745
3 , -3.3339 , 6.5098 , 5.0781 , -2.8590 , 7.1418 , 6.0820 , -0.0485 , -0.3058 , 0.0919 , -0.4750 , -0.6320 , -1.0039 , 0.8970 , -46.7409 , -25.1767 , 53.0903
7 , -2.4636 , 6.9049 , 7.2185 , -2.8849 , 6.7099 , 6.5441 , -0.2214 , -0.0474 , -0.0761 , 0.4212 , 0.1950 , 0.6744 , 0.9098 , -43.1743 , -23.7897 , 49.2947
6 , -3.0742 , 6.9863 , 7.5226 , -2.6255 , 6.5000 , 6.8576 , 0.2337 , -0.0712 , -0.0785 , -0.4487 , 0.4862 , 0.6650 , 0.9171 , -41.5153 , -20.9495 , 46.5017
7 , -1.9764 , 6.8666 , 8.4898 , -2.1382 , 6.4305 , 7.0885 , 0.2374 , -0.0059 , -0.4041 , 0.1617 , 0.4360 , 1.4013 , 0.9251 , -40.9751 , -16.7852 , 44.2798
10 , -2.1033 , 5.7138 , 6.6954 , -2.3868 , 6.5404 , 6.9063 , -0.2929 , 0.2641 , 0.0766 , 0.2835 , -0.8266 , -0.2110 , 0.9194 , -41.8306 , -19.0647 , 45.9702
10 , -3.4919 , 7.2101 , 6.6248 , -2.3510 , 6.4280 , 7.0231 , 0.0553 , -0.2960 , 0.1163 , -1.1409 , 0.7821 , -0.3983 , 0.9223 , -40.9555 , -18.5084 , 44.9434
9 , -1.9046 , 6.3051 , 5.3247 , -2.1364 , 6.8047 , 6.7307 , -0.1909 , 0.3741 , 0.1206 , 0.2318 , -0.4996 , -1.4060 , 0.9128 , -43.9389 , -17.6097 , 47.3363
3 , -2.5319 , 8.0529 , 6.8187 , -2.3608 , 6.9675 , 6.4847 , 0.2575 , 0.5085 , -0.2612 , -0.1710 , 1.0854 , 0.3340 , 0.9085 , -45.2745 , -20.0047 , 49.4972
4 , -4.4772 , 7.1575 , 6.6954 , -2.9371 , 6.8476 , 6.3761 , -0.0736 , -0.2417 , -0.1176 , -1.5400 , 0.3099 , 0.3193 , 0.9070 , -44.2874 , -24.7330 , 50.7257
6 , -1.8711 , 6.6523 , 6.1387 , -2.5659 , 6.7712 , 6.6135 , -0.0174 , -0.0920 , 0.1151 , 0.6948 , -0.1189 , -0.4747 , 0.9125 , -43.6670 , -21.2052 , 48.5435
7 , -2.9916 , 7.6531 , 7.8853 , -2.6823 , 6.5151 , 6.8213 , 0.1696 , 0.3509 , -0.6436 , -0.3092 , 1.1380 , 1.0640 , 0.9184 , -41.6325 , -21.4662 , 46.8408
1 , -5.7126 , 7.2592 , 6.4069 , -3.6963 , 7.1732 , 5.5725 , 0.3241 , 0.3533 , 0.1359 , -2.0162 , 0.0860 , 0.8344 , 0.8845 , -47.0090 , -33.5569 , 57.7574
5 , -4.7932 , 7.7512 , 7.9811 , -3.3137 , 6.7763 , 6.2667 , 0.4561 , 0.0430 , -0.0187 , -1.4795 , 0.9749 , 1.7144 , 0.9033 , -43.7086 , -27.8688 , 51.8374
3 , -4.7357 , 7.0222 , 5.8454 , -3.2805 , 7.0287 , 6.0005 , 0.2209 , 0.2024 , 0.1982 , -1.4553 , -0.0065 , -0.1551 , 0.8948 , -45.7850 , -28.6652 , 54.0181
1 , -4.9859 , 7.6351 , 6.8678 , -3.5020 , 7.4771 , 5.2915 , -0.1511 , 0.2262 , -0.0180 , -1.4840 , 0.1580 , 1.5763 , 0.8762 , -49.6806 , -33.4969 , 59.9184
1 , -2.8299 , 8.8262 , 2.9078 , -3.3608 , 7.8730 , 4.7846 , -0.2379 , -0.0798 , -0.2734 , 0.5308 , 0.9533 , -1.8768 , 0.8611 , -53.4002 , -23.1164 , 58.1889
3 , -3.4728 , 7.1072 , 6.9121 , -3.2437 , 7.4341 , 5.5121 , 0.3003 , 0.4553 , 0.1964 , -0.2291 , -0.3269 , 1.3999 , 0.8803 , -49.2937 , -30.4757 , 57.9537
3 , -3.5961 , 7.9080 , 5.0326 , -3.2668 , 7.4959 , 5.4139 , -0.1004 , -0.0120 , -0.0077 , -0.3293 , 0.4122 , -0.3813 , 0.8772 , -49.8507 , -31.1071 , 58.7601
6 , -1.8387 , 7.0102 , 7.5154 , -1.1174 , 6.4713 , 7.2831 , -0.0504 , -0.0877 , -0.1146 , -0.7214 , 0.5389 , 0.2323 , 0.9334 , -41.2917 , -8.7223 , 42.2029
9 , -0.9433 , 5.1679 , 8.6598 , -1.2794 , 6.2725 , 7.4289 , 0.2954 , -0.0450 , 0.1469 , 0.3361 , -1.1046 , 1.2309 , 0.9374 , -39.7634 , -9.7718 , 40.9465
2 , -2.5558 , 7.5908 , 1.6472 , -2.3091 , 7.1777 , 6.2705 , 0.1616 , -0.2844 , -0.7108 , -0.2467 , 0.4131 , -4.6233 , -0.9050 , -47.0479 , -20.2159 , 51.2073
6 , -1.4892 , 6.9839 , 7.7009 , -1.3028 , 6.5419 , 7.1887 , -0.2739 , -0.0254 , 0.0968 , -0.1864 , 0.4420 , 0.5123 , 0.9302 , -41.8426 , -10.2721 , 43.0850
10 , -2.1596 , 6.6798 , 8.3833 , -1.5309 , 6.0367 , 7.5753 , 0.2465 , -0.3229 , -0.4689 , -0.6287 , 0.6431 , 0.8080 , 0.9406 , -37.9933 , -11.4248 , 39.6739
9 , -2.2984 , 6.9228 , 7.6614 , -1.5694 , 6.2512 , 7.3912 , 0.2135 , 0.0424 , -0.0107 , -0.7290 , 0.6716 , 0.2702 , 0.9355 , -39.6015 , -11.9878 , 41.3762
6 , -2.0195 , 6.3829 , 6.4464 , -1.8817 , 6.4884 , 7.1085 , 0.2923 , -0.4017 , 0.0388 , -0.1378 , -0.1054 , -0.6621 , 0.9280 , -41.4242 , -14.8271 , 43.9979
10 , -1.6939 , 6.9492 , 6.9240 , -1.3539 , 6.3715 , 7.3309 , 0.2007 , 0.3521 , 0.1218 , -0.3400 , 0.5777 , -0.4068 , 0.9341 , -40.5199 , -10.4634 , 41.8491
7 , -2.8467 , 7.5166 , 7.1000 , -2.0343 , 6.6832 , 6.8823 , 0.0138 , -0.1977 , -0.3320 , -0.8124 , 0.8334 , 0.2177 , 0.9223 , -42.9611 , -16.4667 , 46.0087
10 , -2.0554 , 6.5015 , 6.5960 , -1.8463 , 6.4355 , 7.1656 , 0.1641 , -0.1574 , 0.0455 , -0.2092 , 0.0659 , -0.5695 , 0.9295 , -41.0140 , -14.4485 , 43.4845
8 , -1.8136 , 7.4077 , 6.4931 , -2.0640 , 6.5567 , 6.9942 , 0.0333 , 0.1016 , -0.1720 , 0.2504 , 0.8509 , -0.5012 , 0.9246 , -41.9591 , -16.4416 , 45.0654
5 , -2.4684 , 7.5860 , 7.9140 , -1.9037 , 6.8940 , 6.7096 , 0.5184 , 0.5763 , -0.1640 , -0.5647 , 0.6920 , 1.2044 , 0.9167 , -44.6675 , -15.8401 , 47.3930
4 , -2.3320 , 8.0613 , 5.5797 , -2.4953 , 7.7528 , 5.4624 , -0.5843 , 0.4791 , -0.1940 , 0.1634 , 0.3085 , 0.1173 , 0.8822 , -52.2385 , -17.8412 , 55.2012
8 , -2.3762 , 7.0569 , 7.9416 , -1.3892 , 6.6398 , 7.0819 , -0.3356 , 0.0772 , -0.0901 , -0.9871 , 0.4171 , 0.8597 , 0.9253 , -42.6155 , -11.0981 , 44.0369
9 , -0.9218 , 6.1591 , 7.3813 , -1.3675 , 6.6256 , 7.0994 , 0.0736 , 0.3735 , 0.0192 , 0.4457 , -0.4666 , 0.2819 , 0.9261 , -42.5029 , -10.9026 , 43.8790
4 , -1.6388 , 8.6586 , 6.5170 , -2.2412 , 7.6233 , 5.7474 , 0.0773 , 0.1145 , -0.2117 , 0.6023 , 1.0353 , 0.7696 , 0.8905 , -51.0194 , -21.3028 , 55.2882
1 , -1.9740 , 8.9040 , 5.5079 , -2.8435 , 8.0393 , 4.8429 , -0.6154 , -0.5208 , -0.2551 , 0.8695 , 0.8647 , 0.6649 , -0.8642 , -55.0632 , -19.4786 , 58.4069
4 , -1.3611 , 8.2277 , 6.3075 , -1.8576 , 7.3639 , 6.2042 , -0.5543 , -0.2270 , -0.3497 , 0.4965 , 0.8637 , 0.1033 , 0.9032 , -48.6696 , -16.6682 , 51.4447
10 , -1.3767 , 6.4536 , 7.1922 , -1.7734 , 6.5383 , 7.0906 , 0.1799 , 0.3417 , 0.0180 , 0.3967 , -0.0847 , 0.1016 , 0.9261 , -41.8146 , -14.0417 , 44.1093
1 , -2.8000 , 9.6774 , 6.7971 , -2.8077 , 8.0035 , 4.9226 , -0.2043 , -0.4824 , -0.3082 , 0.0077 , 1.6739 , 1.8745 , -0.8666 , -54.6987 , -19.3315 , 58.0143
9 , -0.4058 , 6.6774 , 7.8063 , -1.8296 , 6.4314 , 7.1735 , 0.1848 , -0.1867 , -0.0901 , 1.4237 , 0.2460 , 0.6328 , 0.9281 , -40.9822 , -14.3078 , 43.4080
7 , -2.3248 , 7.0617 , 7.0018 , -2.5787 , 6.8162 , 6.5621 , 0.0456 , -0.0150 , -0.0889 , 0.2539 , 0.2455 , 0.4398 , 0.9123 , -44.0316 , -21.4535 , 48.9799
7 , -2.3068 , 7.1204 , 7.4472 , -2.5462 , 6.8558 , 6.5334 , 0.1506 , 0.0363 , -0.0333 , 0.2394 , 0.2645 , 0.9138 , 0.9115 , -44.3547 , -21.2918 , 49.2004
2 , -2.6839 , 7.6974 , 4.7130 , -2.5711 , 7.3082 , 6.0125 , -0.2574 , -0.2020 , 0.0937 , -0.1128 , 0.3891 , -1.2995 , 0.8969 , -48.1790 , -23.1529 , 53.4535
10 , -1.1396 , 6.7768 , 9.3051 , -2.2821 , 6.1404 , 7.2978 , 0.2771 , -0.0425 , 0.0534 , 1.1425 , 0.6364 , 2.0073 , 0.9293 , -38.7663 , -17.3653 , 42.4780
3 , -1.5119 , 7.0330 , 5.4660 , -2.2762 , 7.1239 , 6.3435 , 0.2728 , 0.1517 , -0.2227 , 0.7642 , -0.0909 , -0.8775 , 0.9049 , -46.5884 , -19.7391 , 50.5975
5 , -2.7653 , 8.3713 , 6.7325 , -2.5083 , 7.0762 , 6.3092 , 0.0003 , -0.0993 , -0.1231 , -0.2570 , 1.2952 , 0.4233 , 0.9036 , -46.1842 , -21.6808 , 51.0199
7 , -2.1177 , 7.3298 , 7.1910 , -1.8531 , 6.5058 , 7.1001 , -0.2800 , -0.1806 , -0.1726 , -0.2646 , 0.8240 , 0.0909 , 0.9266 , -41.5603 , -14.6275 , 44.0593
8 , -2.1105 , 7.1323 , 8.5234 , -1.6420 , 6.3383 , 7.3007 , 0.3076 , 0.3637 , -0.1274 , -0.4685 , 0.7940 , 1.2226 , 0.9304 , -40.2651 , -12.6753 , 42.2131
4 , -1.4664 , 7.9368 , 6.5733 , -2.3299 , 6.9793 , 6.4831 , -0.0601 , -0.3541 , -0.6081 , 0.8635 , 0.9574 , 0.0902 , 0.9109 , -45.3730 , -19.7678 , 49.4922
6 , -3.1735 , 8.1882 , 6.6810 , -2.1727 , 6.6185 , 6.9025 , -0.1890 , -0.0529 , 0.0015 , -1.0008 , 1.5696 , -0.2215 , 0.9211 , -42.4467 , -17.4726 , 45.9022
5 , -1.2175 , 7.3550 , 7.2101 , -1.4760 , 6.7244 , 6.9839 , 0.2532 , -0.1079 , -0.0651 , 0.2586 , 0.6306 , 0.2263 , 0.9240 , -43.2904 , -11.9336 , 44.9051
4 , 0.0802 , 8.1403 , 9.8845 , -1.3845 , 7.0960 , 6.6257 , 0.1818 , 0.4107 , -0.6509 , 1.4647 , 1.0443 , 3.2587 , 0.9149 , -46.3517 , -11.8023 , 47.8307
8 , -2.4672 , 6.6690 , 5.9855 , -1.5412 , 6.3626 , 7.3016 , -0.4163 , -0.3327 , -0.0437 , -0.9261 , 0.3065 , -1.3161 , 0.9296 , -40.4513 , -11.9187 , 42.1706
5 , -1.4748 , 7.3837 , 8.1235 , -1.7448 , 6.3791 , 7.2411 , 0.4457 , -0.1525 , -0.0284 , 0.2700 , 1.0047 , 0.8824 , 0.9284 , -40.5781 , -13.5479 , 42.7799
10 , -2.0961 , 6.7900 , 7.5070 , -1.1763 , 6.2917 , 7.4298 , 0.2911 , 0.3069 , -0.1408 , -0.9199 , 0.4983 , 0.0773 , 0.9322 , -39.9093 , -8.9963 , 40.9107
3 , -0.6752 , 7.2389 , 9.3122 , -1.6742 , 6.8773 , 6.7875 , 0.7157 , 0.2330 , -0.1775 , 0.9991 , 0.3616 , 2.5247 , 0.9173 , -44.5305 , -13.8561 , 46.6364
1 , -5.4241 , 6.5781 , 5.0996 , -3.3502 , 7.6049 , 5.2069 , -0.4688 , 0.4572 , 0.1481 , -2.0739 , -1.0268 , -0.1073 , -0.8748 , -50.8490 , -32.7576 , 60.4870
8 , -2.5235 , 8.0206 , 9.2452 , -2.3483 , 6.6434 , 6.8206 , -0.2012 , -0.0920 , 0.1567 , -0.1752 , 1.3772 , 2.4246 , 0.9180 , -42.6439 , -18.9982 , 46.6844
2 , -2.2936 , 8.3378 , 8.1415 , -2.5309 , 7.1613 , 6.2033 , -0.0534 , -0.2313 , -0.2764 , 0.2372 , 1.1765 , 1.9382 , 0.9010 , -46.9073 , -22.1948 , 51.8932
7 , -1.2881 , 6.6906 , 7.0030 , -2.5729 , 6.7918 , 6.5895 , 0.0749 , 0.1719 , -0.4133 , 1.2849 , -0.1012 , 0.4136 , 0.9113 , -43.8343 , -21.3287 , 48.7479
4 , -1.4880 , 8.0469 , 6.8438 , -2.1388 , 7.0431 , 6.4800 , -0.0479 , 0.2757 , -0.1341 , 0.6508 , 1.0038 , 0.3638 , 0.9101 , -45.9057 , -18.2663 , 49.4064
2 , -1.8124 , 7.3945 , 7.0868 , -2.1430 , 7.0932 , 6.4238 , 0.0694 , -0.1281 , 0.2941 , 0.3306 , 0.3013 , 0.6631 , 0.9089 , -46.3277 , -18.4490 , 49.8660
2 , -2.7809 , 7.6112 , 8.5521 , -2.1432 , 7.4462 , 6.0109 , 0.6075 , 0.7852 , -0.1176 , -0.6376 , 0.1649 , 2.5412 , 0.8973 , -49.4030 , -19.6242 , 53.1579
1 , -4.3970 , 8.1331 , 6.3602 , -3.8593 , 7.7809 , 4.5534 , -0.5427 , -0.1048 , -0.0712 , -0.5376 , 0.3522 , 1.8068 , 0.8554 , -52.5071 , -26.3815 , 58.7621
5 , -1.4629 , 7.6279 , 6.5038 , -1.7219 , 7.1056 , 6.5357 , -0.5519 , -0.2050 , -0.4017 , 0.2590 , 0.5223 , -0.0319 , 0.9059 , -46.4333 , -14.7597 , 48.7227
9 , -1.8783 , 6.8462 , 8.0373 , -1.6934 , 6.5530 , 7.0966 , 0.3699 , -0.2166 , 0.2037 , -0.1848 , 0.2932 , 0.9408 , 0.9199 , -41.9298 , -13.4212 , 44.0254
6 , -3.2956 , 6.6870 , 6.4500 , -2.1930 , 6.6454 , 6.8702 , -0.8701 , 0.4651 , -0.1585 , -1.1026 , 0.0416 , -0.4202 , 0.9145 , -42.6598 , -17.7035 , 46.1873
4 , -4.2713 , 7.1072 , 4.7896 , -3.6855 , 6.6768 , 6.1650 , -0.5537 , -0.6778 , -0.1683 , -0.5857 , 0.4304 , -1.3754 , 0.9011 , -42.9099 , -30.8715 , 52.8612
3 , -2.2829 , 8.4336 , 7.4113 , -1.7429 , 7.2933 , 6.3198 , 0.2557 , 0.4749 , 0.1475 , -0.5400 , 1.1403 , 1.0914 , 0.9031 , -48.0484 , -15.4177 , 50.4615
1 , -2.4565 , 7.7632 , 6.0897 , -2.9161 , 7.8400 , 5.1186 , -0.3472 , 0.1193 , 0.2104 , 0.4596 , -0.0768 , 0.9710 , 0.8721 , -53.0788 , -20.4026 , 56.8650
1 , -0.9337 , 8.3977 , 4.7704 , -2.8814 , 7.8298 , 5.1538 , -0.7003 , 0.0094 , -0.4463 , 1.9477 , 0.5679 , -0.3834 , 0.8733 , -52.9791 , -20.2041 , 56.7009
8 , -2.5833 , 6.8881 , 5.2888 , -2.8062 , 6.6694 , 6.6193 , -0.3320 , -0.7695 , -0.2294 , 0.2229 , 0.2187 , -1.3305 , 0.9119 , -42.8504 , -22.9744 , 48.6208
6 , -1.9046 , 8.1523 , 6.9013 , -1.7404 , 6.9792 , 6.6657 , -0.3631 , -0.3186 , 0.0308 , -0.1642 , 1.1730 , 0.2356 , 0.9092 , -45.3720 , -14.6333 , 47.6733
5 , -2.7090 , 6.2201 , 6.4368 , -2.1411 , 6.9730 , 6.5547 , 0.0401 , 0.1181 , -0.1384 , -0.5680 , -0.7528 , -0.1179 , 0.9061 , -45.3201 , -18.0896 , 48.7970
10 , -2.5965 , 6.4703 , 8.1247 , -1.5777 , 6.6321 , 7.0496 , 0.1787 , 0.5188 , 0.2129 , -1.0188 , -0.1618 , 1.0751 , 0.9236 , -42.5541 , -12.6147 , 44.3845
4 , -2.0423 , 7.8997 , 5.7533 , -2.2563 , 7.0894 , 6.3890 , 0.2685 , -0.4378 , -0.4450 , 0.2140 , 0.8103 , -0.6358 , 0.9077 , -46.2959 , -19.4507 , 50.2160
9 , -4.1551 , 7.2149 , 9.3984 , -2.1816 , 6.5128 , 6.9996 , 1.1146 , 0.7241 , 0.4193 , -1.9735 , 0.7021 , 2.3988 , 0.9207 , -41.6149 , -17.3110 , 45.0719
1 , -1.9944 , 9.2692 , 6.8714 , -3.5917 , 8.1715 , 4.0616 , -0.1921 , -0.1048 , -0.4188 , 1.5973 , 1.0977 , 2.8097 , 0.8397 , -56.4351 , -23.7274 , 61.2202
6 , -2.9844 , 7.0569 , 7.5872 , -1.5433 , 6.8806 , 6.8151 , 0.3186 , 0.9306 , 0.1964 , -1.4411 , 0.1763 , 0.7721 , 0.9149 , -44.5575 , -12.7595 , 46.3485
1 , -4.0737 , 7.3646 , 0.7039 , -3.0320 , 7.5528 , 5.4711 , -0.0449 , -0.0884 , -0.0015 , -1.0417 , -0.1882 , -4.7672 , 0.8822 , -50.3689 , -28.9948 , 58.1182
1 , -2.6600 , 7.6411 , 8.6251 , -3.1412 , 7.5259 , 5.4464 , 0.1244 , 0.3955 , -0.2245 , 0.4813 , 0.1152 , 3.1787 , 0.8818 , -50.1236 , -29.9743 , 58.4023
5 , -1.7514 , 6.7038 , 8.0313 , -2.7584 , 7.1220 , 6.1513 , -0.5531 , 0.4364 , -0.3394 , 1.0071 , -0.4182 , 1.8800 , 0.9009 , -46.5720 , -24.1529 , 52.4625
5 , -0.4058 , 7.0820 , 8.1211 , -1.4286 , 7.0644 , 6.6500 , 0.6106 , 0.4529 , 0.2165 , 1.0227 , 0.0176 , 1.4711 , 0.9122 , -46.0853 , -12.1240 , 47.6534
4 , -2.9245 , 7.8386 , 4.7441 , -2.2337 , 7.3810 , 6.0582 , -0.4700 , -0.3681 , -0.0889 , -0.6909 , 0.4576 , -1.3141 , 0.8961 , -48.8210 , -20.2390 , 52.8499
1 , -3.7960 , 8.2073 , 6.5134 , -2.3824 , 7.5635 , 5.7696 , -0.3454 , -0.0218 , -0.0816 , -1.4136 , 0.6438 , 0.7439 , 0.8901 , -50.4674 , -22.4373 , 55.2303
7 , -5.2852 , 7.5776 , 5.2421 , -2.4620 , 6.7982 , 6.6252 , -0.1738 , -0.1299 , -0.1573 , -2.8232 , 0.7794 , -1.3831 , 0.9080 , -43.8860 , -20.3857 , 48.3897
5 , -4.4604 , 7.6303 , 9.8354 , -2.1886 , 7.0375 , 6.4695 , 0.5996 , 0.1053 , 0.6044 , -2.2718 , 0.5928 , 3.3659 , 0.9040 , -45.8585 , -18.6902 , 49.5210
4 , -0.1867 , 8.8957 , 3.9121 , -2.3672 , 7.5485 , 5.7954 , -0.7040 , -0.5703 , -0.9533 , 2.1804 , 1.3472 , -1.8833 , 0.8866 , -50.3298 , -22.2176 , 55.0156
4 , -2.0686 , 6.7864 , 8.7795 , -2.2385 , 6.0653 , 7.3737 , -0.1340 , -0.0193 , -0.1005 , 0.1699 , 0.7211 , 1.4058 , -0.9359 , -38.2059 , -16.8868 , 41.7715
9 , -2.6576 , 6.3817 , 7.6004 , -1.8014 , 5.3720 , 8.0042 , 0.4402 , 0.2342 , 0.1609 , -0.8561 , 1.0097 , -0.4038 , 0.9521 , -33.2159 , -12.6838 , 35.5552
6 , -2.5666 , 4.8794 , 7.9116 , -1.7662 , 5.8250 , 7.6890 , 1.2764 , 0.5091 , 0.3161 , -0.8004 , -0.9456 , 0.2227 , 0.9443 , -36.4404 , -12.9366 , 38.6686
2 , -2.2781 , 8.0864 , 7.6662 , -2.6727 , 6.6725 , 6.6712 , 0.1531 , -0.2282 , -0.1256 , 0.3947 , 1.4139 , 0.9950 , -0.9156 , -42.8751 , -21.8329 , 48.1140
1 , -3.6955 , 7.7943 , 3.0335 , -3.2573 , 7.1372 , 5.8839 , -0.4835 , 0.1719 , -0.4004 , -0.4381 , 0.6571 , -2.8505 , -0.8944 , -46.7017 , -28.9688 , 54.9567
7 , -3.3926 , 6.4344 , 8.4647 , -3.0377 , 6.1415 , 7.0161 , 0.0456 , 0.0014 , -0.1133 , -0.3549 , 0.2930 , 1.4486 , 0.9251 , -38.7744 , -23.4107 , 45.2936
8 , -1.3551 , 7.5441 , 5.6324 , -2.8094 , 6.2171 , 7.0446 , -0.1389 , 0.1737 , -0.1139 , 1.4543 , 1.3271 , -1.4122 , 0.9259 , -39.3431 , -21.7422 , 44.9512
3 , -3.5279 , 7.6339 , 8.6311 , -2.7970 , 6.4497 , 6.8373 , -0.0852 , 0.1090 , 0.0339 , -0.7308 , 1.1842 , 1.7938 , 0.9204 , -41.1236 , -22.2487 , 46.7564
3 , -2.2565 , 6.6451 , 8.2013 , -2.7314 , 6.2316 , 7.0624 , -0.0705 , -0.1140 , -0.1628 , 0.4749 , 0.4135 , 1.1389 , 0.9266 , -39.4529 , -21.1442 , 44.7616
8 , -2.7557 , 5.1799 , 7.5369 , -2.7594 , 5.7373 , 7.4592 , -0.2245 , 0.5567 , 0.0669 , 0.0037 , -0.5575 , 0.0778 , 0.9364 , -35.8062 , -20.3012 , 41.1609
7 , -3.1675 , 7.0545 , 7.2389 , -2.8968 , 5.9659 , 7.2240 , -0.0846 , 0.0100 , 0.0070 , -0.2707 , 1.0886 , 0.0149 , 0.9307 , -37.4708 , -21.8508 , 43.3765
7 , -4.0474 , 6.8522 , 6.4655 , -3.0752 , 6.0319 , 7.0944 , -0.1493 , 0.5396 , -0.0920 , -0.9722 , 0.8203 , -0.6288 , 0.9271 , -37.9577 , -23.4350 , 44.6093
7 , -3.9504 , 5.1224 , 8.5449 , -3.2083 , 6.1077 , 6.9695 , 0.5098 , 0.7357 , 0.2678 , -0.7422 , -0.9853 , 1.5755 , 0.9240 , -38.5219 , -24.7181 , 45.7703
1 , -3.4081 , 7.4675 , 3.7278 , -3.2805 , 7.1275 , 5.8828 , 0.1549 , 0.8310 , 0.0754 , -0.1277 , 0.3400 , -2.1551 , -0.8944 , -46.6189 , -29.1456 , 54.9799
5 , -1.8902 , 5.8371 , 7.7129 , -1.4254 , 5.7375 , 7.8243 , 0.1189 , 0.0332 , 0.0101 , -0.4648 , 0.0995 , -0.1114 , 0.9478 , -35.8077 , -10.3247 , 37.2665
6 , -1.0139 , 6.0681 , 8.4228 , -1.4465 , 5.8269 , 7.7541 , -0.0937 , -0.1055 , 0.1768 , 0.4325 , 0.2412 , 0.6687 , 0.9462 , -36.4539 , -10.5667 , 37.9545
6 , -1.8280 , 7.6004 , 7.4807 , -1.6248 , 6.0896 , 7.5131 , 0.3632 , 0.5085 , 0.0773 , -0.2032 , 1.5108 , -0.0325 , -0.9397 , -38.3866 , -12.2029 , 40.2796
1 , -3.4117 , 6.6810 , 7.7524 , -3.7533 , 6.5395 , 6.2704 , -0.1444 , -0.3571 , 0.2666 , 0.3415 , 0.1415 , 1.4820 , -0.9050 , -41.8240 , -30.9033 , 52.0025
10 , -2.1368 , 4.6328 , 8.3498 , -1.5722 , 4.8876 , 8.3553 , 0.2881 , 0.2000 , 0.4615 , -0.5647 , -0.2548 , -0.0055 , -0.9623 , -29.8938 , -10.6565 , 31.7365
7 , -1.8579 , 5.7545 , 7.0354 , -1.7101 , 5.1304 , 8.1808 , -0.1438 , -0.1268 , -0.3882 , -0.1478 , 0.6241 , -1.1454 , -0.9569 , -31.5440 , -11.8071 , 33.6813
7 , -3.0813 , 5.0159 , 7.8338 , -1.9007 , 5.2799 , 8.0424 , 0.2282 , -0.2875 , -0.3980 , -1.1806 , -0.2640 , -0.2086 , -0.9531 , -32.5748 , -13.2973 , 35.1843
8 , -2.1249 , 5.4540 , 6.4033 , -1.8774 , 5.2334 , 8.0782 , -0.2147 , 0.3368 , -0.1091 , -0.2474 , 0.2206 , -1.6749 , -0.9544 , -32.2530 , -13.0838 , 34.8058
7 , -1.3731 , 6.2393 , 7.7117 , -1.9597 , 5.6620 , 7.7635 , 0.2911 , 0.2421 , 0.1371 , 0.5866 , 0.5773 , -0.0517 , -0.9460 , -35.2656 , -14.1667 , 38.0047
10 , -2.3320 , 4.9189 , 8.0349 , -2.0348 , 5.2075 , 8.0568 , 0.3779 , 0.2409 , 0.1671 , -0.2971 , -0.2887 , -0.0218 , -0.9543 , -32.0746 , -14.1743 , 35.0669
10 , -2.7114 , 5.6000 , 7.0916 , -1.8544 , 5.2941 , 8.0439 , -0.1841 , 0.4193 , -0.0425 , -0.8570 , 0.3059 , -0.9523 , 0.9540 , -32.6734 , -12.9820 , 35.1579
9 , -3.6978 , 5.6563 , 8.4851 , -1.7608 , 5.5179 , 7.9135 , 0.1457 , 0.0497 , 0.1652 , -1.9370 , 0.1384 , 0.5716 , 0.9504 , -34.2403 , -12.5444 , 36.4659
4 , -2.7378 , 6.4943 , 8.6910 , -2.9026 , 6.0466 , 7.1543 , 0.1842 , -0.0041 , -0.1946 , 0.1648 , 0.4477 , 1.5366 , -0.9294 , -38.0667 , -22.0830 , 44.0083
1 , -6.2213 , 7.3239 , 7.2101 , -3.4093 , 6.9487 , 6.0219 , -0.2458 , 0.0185 , -0.0193 , -2.8120 , 0.3752 , 1.1883 , -0.8977 , -45.1185 , -29.5167 , 53.9158
4 , -3.5530 , 7.4005 , 6.2106 , -3.2890 , 6.4482 , 6.6162 , 0.0260 , 0.0564 , -0.2422 , -0.2640 , 0.9523 , -0.4056 , -0.9148 , -41.1120 , -26.4329 , 48.8763
3 , -3.3208 , 7.0425 , 6.1567 , -2.3420 , 6.3384 , 7.1071 , -0.4132 , 0.0974 , 0.0437 , -0.9788 , 0.7042 , -0.9504 , 0.9281 , -40.2657 , -18.2385 , 44.2037
5 , -2.2446 , 6.7744 , 6.5326 , -2.3185 , 6.0134 , 7.3915 , -0.5635 , -0.1488 , -0.1463 , 0.0739 , 0.7610 , -0.8589 , 0.9362 , -37.8210 , -17.4151 , 41.6379
9 , -2.0602 , 5.7114 , 8.0457 , -2.1038 , 5.6910 , 7.7043 , 0.0761 , 0.2488 , 0.4145 , 0.0436 , 0.0204 , 0.3414 , 0.9439 , -35.4731 , -15.2733 , 38.6214
2 , -3.6871 , 7.3071 , 7.5956 , -2.7730 , 6.5499 , 6.7513 , -0.2965 , -0.0871 , -0.1787 , -0.9141 , 0.7572 , 0.8443 , -0.9188 , -41.9052 , -22.3296 , 47.4833
8 , -2.2075 , 6.6798 , 8.6072 , -2.4063 , 5.7105 , 7.6006 , -0.2116 , -0.0975 , 0.1829 , 0.1988 , 0.9693 , 1.0065 , 0.9420 , -35.6134 , -17.5672 , 39.7105
6 , -2.4565 , 5.3654 , 6.4727 , -2.3940 , 5.7122 , 7.6033 , 0.1152 , 0.4749 , 0.1231 , -0.0625 , -0.3468 , -1.1306 , 0.9419 , -35.6254 , -17.4773 , 39.6815
9 , -4.2066 , 5.2122 , 6.9671 , -2.3915 , 5.4108 , 7.8214 , -0.0986 , -0.0285 , 0.1249 , -1.8151 , -0.1986 , -0.8543 , 0.9472 , -33.4867 , -17.0016 , 37.5555
10 , -2.3655 , 4.2449 , 8.6215 , -2.3865 , 5.2776 , 7.9134 , -0.0748 , 0.3881 , -0.0675 , 0.0210 , -1.0326 , 0.7081 , 0.9497 , -32.5586 , -16.7818 , 36.6291
6 , -3.4512 , 6.1423 , 8.4779 , -2.0179 , 5.7403 , 7.6907 , 0.8653 , 1.3008 , 0.5635 , -1.4333 , 0.4020 , 0.7871 , 0.9439 , -35.8276 , -14.7020 , 38.7268
1 , -4.2844 , 7.4388 , 8.3486 , -4.0361 , 7.1058 , 5.4210 , -0.7248 , -0.0523 , -0.2184 , -0.2483 , 0.3330 , 2.9275 , -0.8791 , -46.4347 , -36.6689 , 59.1675
5 , -3.0382 , 6.1100 , 7.4843 , -3.2019 , 6.2821 , 6.8157 , -0.5445 , 0.1218 , -0.1011 , 0.1636 , -0.1721 , 0.6686 , 0.9205 , -39.8362 , -25.1631 , 47.1180
5 , -4.5849 , 7.4771 , 5.6383 , -3.4156 , 6.6220 , 6.3760 , -0.0137 , -0.0578 , 0.2740 , -1.1693 , 0.8551 , -0.7377 , 0.9082 , -42.4738 , -28.1781 , 50.9708
7 , -3.4955 , 5.2481 , 7.8362 , -2.3737 , 5.2387 , 7.9431 , 0.0987 , 0.0393 , 0.0186 , -1.1218 , 0.0094 , -0.1068 , 0.9507 , -32.2895 , -16.6383 , 36.3241
5 , -1.6305 , 5.0661 , 7.5968 , -2.5512 , 5.5792 , 7.6507 , -0.1799 , 0.1255 , -0.0510 , 0.9207 , -0.5131 , -0.0539 , 0.9430 , -34.6752 , -18.4413 , 39.2740
3 , -0.5351 , 5.7712 , 9.0058 , -1.2820 , 5.7669 , 7.8275 , -0.2348 , 0.1884 , -0.0028 , 0.7469 , 0.0043 , 1.1783 , -0.9482 , -36.0195 , -9.3017 , 37.2011
7 , -1.5311 , 5.2613 , 10.1945 , -1.5542 , 5.3779 , 8.0519 , 0.0010 , 0.5977 , 0.0412 , 0.0231 , -0.1166 , 2.1426 , -0.9539 , -33.2567 , -10.9250 , 35.0052
8 , -0.6093 , 5.1583 , 6.9659 , -1.4816 , 5.3942 , 8.0547 , 0.0999 , 0.4064 , 0.0571 , 0.8722 , -0.2359 , -1.0887 , -0.9537 , -33.3710 , -10.4225 , 34.9607
8 , -3.9959 , 5.9580 , 5.8909 , -1.7011 , 5.6885 , 7.8049 , 0.0003 , -0.2912 , 0.1243 , -2.2948 , 0.2694 , -1.9140 , -0.9474 , -35.4554 , -12.2956 , 37.5269
4 , -2.0674 , 6.5984 , 8.2552 , -1.4289 , 6.1197 , 7.5284 , -0.1273 , 0.6581 , -0.2099 , -0.6385 , 0.4787 , 0.7268 , -0.9398 , -38.6117 , -10.7472 , 40.0795
4 , -1.6951 , 5.9005 , 5.9292 , -1.8250 , 6.1122 , 7.4486 , -0.2556 , 0.2611 , 0.0113 , 0.1299 , -0.2117 , -1.5193 , -0.9374 , -38.5553 , -13.7668 , 40.9394
7 , -2.2098 , 6.4560 , 5.8371 , -1.4742 , 5.7166 , 7.8306 , 0.0804 , -0.0456 , -0.5373 , -0.7357 , 0.7394 , -1.9935 , -0.9481 , -35.6567 , -10.6617 , 37.2166
10 , -0.7422 , 5.8598 , 6.0897 , -1.3917 , 5.6849 , 7.8686 , -0.0387 , 0.1664 , -0.1115 , 0.6495 , 0.1749 , -1.7790 , 0.9493 , -35.4293 , -10.0298 , 36.8216
9 , -0.0790 , 5.8407 , 9.2201 , -0.9939 , 5.8020 , 7.8434 , 0.1170 , 0.3008 , 0.2966 , 0.9149 , 0.0386 , 1.3767 , -0.9485 , -36.2738 , -7.2221 , 36.9857
4 , -1.8244 , 6.4428 , 10.9283 , -1.5994 , 5.9459 , 7.6328 , 0.0175 , 0.3533 , -0.2398 , -0.2250 , 0.4969 , 3.2956 , -0.9424 , -37.3232 , -11.8350 , 39.1546
1 , -2.6552 , 8.2229 , 10.3896 , -2.3419 , 6.9865 , 6.4710 , -0.2159 , 0.3069 , -0.2673 , -0.3133 , 1.2363 , 3.9186 , -0.9100 , -45.4329 , -19.8952 , 49.5981
3 , -3.2394 , 6.5338 , 4.0462 , -2.2625 , 6.4540 , 7.0284 , 0.0437 , 0.0778 , 0.1121 , -0.9769 , 0.0798 , -2.9822 , -0.9261 , -41.1569 , -17.8435 , 44.8584
6 , -2.4792 , 5.7533 , 8.5820 , -1.5198 , 5.9276 , 7.6632 , -0.0094 , 0.1627 , 0.0858 , -0.9594 , -0.1744 , 0.9189 , -0.9436 , -37.1892 , -11.2174 , 38.8442
9 , -4.0330 , 4.8626 , 9.5193 , -1.6050 , 5.8019 , 7.7416 , 0.2783 , 0.4706 , 0.6020 , -2.4281 , -0.9393 , 1.7778 , -0.9459 , -36.2728 , -11.7126 , 38.1170
6 , 0.5076 , 6.8342 , 10.1909 , -0.9649 , 5.6323 , 7.9697 , -0.2183 , 0.1499 , -0.3742 , 1.4724 , 1.2019 , 2.2212 , -0.9511 , -35.0532 , -6.9030 , 35.7264
8 , -0.6416 , 5.0589 , 9.5146 , -1.4648 , 5.4424 , 8.0253 , 0.2258 , 0.5237 , -0.1207 , 0.8231 , -0.3834 , 1.4893 , -0.9524 , -33.7086 , -10.3436 , 35.2599
3 , -2.7342 , 6.2405 , 6.7265 , -1.8009 , 6.1303 , 7.4395 , -0.1615 , -0.0034 , -0.0522 , -0.9333 , 0.1102 , -0.7130 , -0.9356 , -38.6910 , -13.6077 , 41.0142
7 , -3.6320 , 5.0865 , 7.6938 , -2.1642 , 5.6972 , 7.6830 , -0.1230 , 0.1548 , -0.5477 , -1.4678 , -0.6107 , 0.0107 , -0.9434 , -35.5173 , -15.7321 , 38.8456
2 , -2.6013 , 6.6116 , 4.2318 , -2.1155 , 6.2464 , 7.2579 , -0.3949 , -0.3486 , -0.1555 , -0.4858 , 0.3652 , -3.0262 , -0.9313 , -39.5653 , -16.2500 , 42.7724
9 , -0.4381 , 5.4444 , 8.7807 , -1.5412 , 5.2331 , 8.1492 , 0.3052 , 0.3185 , 0.1854 , 1.1030 , 0.2113 , 0.6315 , -0.9567 , -32.2510 , -10.7092 , 33.9826
1 , -3.3279 , 7.6160 , 2.7701 , -2.7390 , 6.9538 , 6.3492 , -0.5604 , -0.0132 , -0.1115 , -0.5889 , 0.6621 , -3.5791 , -0.9030 , -45.1611 , -23.3351 , 50.8336
8 , -2.3140 , 5.0326 , 7.5585 , -2.0247 , 5.6224 , 7.7756 , -0.3912 , -0.3095 , 0.0620 , -0.2893 , -0.5898 , -0.2171 , -0.9460 , -34.9827 , -14.5951 , 37.9052
2 , -1.6364 , 7.1790 , 8.8681 , -2.1988 , 6.5025 , 7.0038 , -0.4828 , -0.1372 , -0.0962 , 0.5623 , 0.6765 , 1.8643 , -0.9248 , -41.5344 , -17.4292 , 45.0432
2 , -2.8407 , 7.7237 , 3.1053 , -2.5358 , 6.7303 , 6.6666 , -0.2532 , -0.0340 , -0.4377 , -0.3049 , 0.9934 , -3.5613 , -0.9152 , -43.3381 , -20.8255 , 48.0821
5 , -2.8048 , 5.2445 , 7.3825 , -2.2593 , 5.6357 , 7.7010 , -0.5268 , -0.0566 , 0.0229 , -0.5455 , -0.3912 , -0.3185 , -0.9444 , -35.0772 , -16.3502 , 38.7006
9 , -2.0207 , 5.0458 , 8.2085 , -1.7559 , 4.6820 , 8.4360 , 0.3174 , 0.3191 , -0.1653 , -0.2648 , 0.3638 , -0.2275 , -0.9644 , -28.5176 , -11.7579 , 30.8464
3 , -1.9824 , 6.5074 , 9.1782 , -2.1459 , 5.8341 , 7.5848 , -0.2183 , 0.2220 , -0.0797 , 0.1635 , 0.6733 , 1.5934 , -0.9405 , -36.5064 , -15.7971 , 39.7777
5 , -0.7578 , 5.8826 , 8.5102 , -2.2987 , 5.5299 , 7.7657 , -0.4877 , -0.1488 , 0.1066 , 1.5409 , 0.3526 , 0.7445 , -0.9448 , -34.3256 , -16.4888 , 38.0805
2 , -1.7262 , 6.7505 , 7.2245 , -2.4045 , 6.5521 , 6.8891 , 0.0016 , 0.4119 , -0.3888 , 0.6783 , 0.1984 , 0.3354 , -0.9204 , -41.9225 , -19.2406 , 46.1269
4 , -2.3032 , 7.0186 , 7.2784 , -2.7521 , 6.3625 , 6.9366 , -0.4853 , -0.2270 , 0.0351 , 0.4488 , 0.6561 , 0.3418 , -0.9214 , -40.4504 , -21.6405 , 45.8754
8 , -2.9987 , 5.0925 , 8.3067 , -2.4003 , 5.6608 , 7.6397 , 0.0682 , 0.2043 , 0.2245 , -0.5985 , -0.5683 , 0.6670 , -0.9429 , -35.2567 , -17.4419 , 39.3351
5 , -2.3607 , 5.9268 , 7.3777 , -2.6394 , 6.0998 , 7.2108 , 0.0474 , 0.1731 , 0.1206 , 0.2788 , -0.1730 , 0.1669 , -0.9310 , -38.4628 , -20.1045 , 43.4002
2 , -2.6456 , 7.5070 , 7.7608 , -2.5840 , 6.4249 , 6.9437 , -0.7504 , -0.2411 , -0.2483 , -0.0616 , 1.0822 , 0.8171 , -0.9236 , -40.9313 , -20.4118 , 45.7385
10 , -1.9932 , 5.0494 , 8.8226 , -2.5228 , 4.3697 , 8.4090 , 0.7969 , 0.7412 , -0.1036 , 0.5297 , 0.6797 , 0.4136 , 0.9633 , -26.4608 , -16.7000 , 31.2900
4 , -4.2581 , 6.0202 , 6.8091 , -3.1265 , 5.7484 , 7.3042 , -0.2733 , -0.2289 , -0.4163 , -1.1316 , 0.2719 , -0.4951 , -0.9340 , -35.8857 , -23.1727 , 42.7171
10 , -2.7222 , 5.0410 , 9.7528 , -2.5949 , 4.9155 , 8.0793 , 0.0840 , 0.2262 , -0.2257 , -0.1273 , 0.1255 , 1.6735 , 0.9541 , -30.0824 , -17.8060 , 34.9572
10 , -1.0546 , 5.1655 , 9.4427 , -2.1501 , 5.0438 , 8.1306 , 0.8256 , 0.3643 , 0.0669 , 1.0955 , 0.1217 , 1.3121 , 0.9547 , -30.9526 , -14.8127 , 34.3144
2 , -4.3886 , 5.8143 , 8.1355 , -2.7844 , 5.8206 , 7.3850 , -0.2348 , 0.0326 , 0.0840 , -1.6042 , -0.0063 , 0.7505 , 0.9352 , -36.4082 , -20.6583 , 41.8607
9 , -1.2749 , 5.3295 , 9.4044 , -2.3978 , 5.1379 , 8.0015 , 0.1189 , 0.2152 , 0.2746 , 1.1229 , 0.1916 , 1.4030 , 0.9517 , -31.5955 , -16.6817 , 35.7289
1 , -3.5698 , 7.9260 , 3.8140 , -2.7949 , 7.3007 , 5.9211 , -0.3436 , -0.1366 , -0.2080 , -0.7749 , 0.6253 , -2.1071 , -0.8953 , -48.1127 , -25.2681 , 54.3444
6 , -2.4780 , 5.2445 , 6.4859 , -2.6997 , 5.8167 , 7.4194 , 0.1030 , -0.1879 , -0.0712 , 0.2217 , -0.5722 , -0.9335 , 0.9361 , -36.3802 , -19.9952 , 41.5130
8 , -2.5762 , 6.7624 , 6.9276 , -2.8561 , 5.6627 , 7.4798 , -0.5885 , 0.1261 , -0.3161 , 0.2799 , 1.0997 , -0.5522 , 0.9384 , -35.2701 , -20.8988 , 40.9968
8 , -3.8056 , 4.8291 , 8.5748 , -2.5001 , 5.3672 , 7.8175 , -0.1768 , 0.3050 , 0.1548 , -1.3055 , -0.5381 , 0.7573 , 0.9459 , -33.1820 , -17.7344 , 37.6238
8 , -3.5554 , 6.9719 , 7.1802 , -2.7788 , 5.6486 , 7.5194 , -0.4731 , 1.1994 , -0.6112 , -0.7766 , 1.3233 , -0.3392 , 0.9386 , -35.1695 , -20.2818 , 40.5985
3 , -3.0562 , 4.7692 , 7.2353 , -3.0736 , 5.4106 , 7.5795 , 0.0956 , 0.1426 , -0.1787 , 0.0174 , -0.6414 , -0.3442 , 0.9410 , -33.4859 , -22.0734 , 40.1066
9 , -4.2054 , 6.0657 , 7.0318 , -2.8460 , 5.2517 , 7.7775 , -0.6319 , 0.0802 , 0.3265 , -1.3594 , 0.8140 , -0.7458 , 0.9456 , -32.3796 , -20.0990 , 38.1105
2 , -3.5338 , 5.5665 , 6.7540 , -3.2681 , 5.6766 , 7.2984 , 0.3608 , 0.3900 , -0.1726 , -0.2658 , -0.1100 , -0.5444 , 0.9336 , -35.3695 , -24.1219 , 42.8120
4 , -3.1627 , 6.1579 , 7.2042 , -3.5924 , 5.6718 , 7.1481 , -0.2941 , -0.2704 , -0.5660 , 0.4297 , 0.4861 , 0.0560 , 0.9297 , -35.3353 , -26.6824 , 44.2779
2 , -3.5913 , 6.3949 , 8.9591 , -3.4579 , 5.8422 , 7.0768 , 0.3149 , 0.0137 , -0.1005 , -0.1334 , 0.5527 , 1.8823 , 0.9275 , -36.5655 , -26.0414 , 44.8909
2 , -3.8726 , 6.8079 , 6.5517 , -3.6272 , 6.0842 , 6.7820 , 0.9649 , -0.1861 , -0.4151 , -0.2454 , 0.7237 , -0.2303 , 0.9195 , -38.3465 , -28.1392 , 47.5633
7 , -2.2087 , 6.5134 , 8.2109 , -2.9763 , 5.9276 , 7.2232 , 0.0297 , 0.0772 , -0.2648 , 0.7677 , 0.5858 , 0.9877 , 0.9305 , -37.1892 , -22.3941 , 43.4112
6 , -2.1416 , 5.9723 , 8.2145 , -2.8499 , 5.6915 , 7.4603 , 0.1127 , 0.1707 , 0.2025 , 0.7083 , 0.2808 , 0.7543 , 0.9366 , -35.4766 , -20.9074 , 41.1790
3 , -2.3224 , 6.8055 , 6.2225 , -2.9515 , 6.2178 , 6.9856 , 0.2087 , -0.2887 , -0.2337 , 0.6291 , 0.5878 , -0.7631 , 0.9245 , -39.3484 , -22.9047 , 45.5293
5 , -3.4824 , 5.4588 , 8.7089 , -3.0246 , 5.9868 , 7.1540 , 0.0694 , 0.1994 , -0.0009 , -0.4578 , -0.5280 , 1.5549 , 0.9289 , -37.6247 , -22.9179 , 44.0550
6 , -1.7071 , 6.5278 , 7.9356 , -2.8400 , 5.6410 , 7.5023 , -0.1603 , -0.1250 , -0.0962 , 1.1329 , 0.8868 , 0.4333 , 0.9379 , -35.1150 , -20.7343 , 40.7796
9 , -2.1907 , 5.4959 , 6.7600 , -2.8029 , 5.4830 , 7.6322 , -0.1640 , 0.0607 , 0.0595 , 0.6122 , 0.0129 , -0.8722 , 0.9411 , -33.9942 , -20.1653 , 39.5252
4 , -2.3655 , 7.1371 , 7.8650 , -2.9177 , 6.4822 , 6.7556 , 0.0083 , -0.0462 , -0.3956 , 0.5522 , 0.6549 , 1.1093 , -0.9188 , -41.3762 , -23.3587 , 47.5144
8 , -3.0861 , 5.4241 , 8.1355 , -2.4508 , 5.3858 , 7.8203 , 0.1182 , 0.0430 , -0.0669 , -0.6353 , 0.0383 , 0.3152 , 0.9476 , -33.3120 , -17.4005 , 37.5828
2 , -3.5063 , 6.7397 , 7.9392 , -2.7231 , 6.0969 , 7.1821 , -0.1664 , -0.1494 , 0.0278 , -0.7832 , 0.6428 , 0.7571 , -0.9307 , -38.4412 , -20.7644 , 43.6908
6 , -3.4225 , 6.0478 , 6.4703 , -2.5571 , 5.7671 , 7.5082 , -0.1560 , -0.4964 , 0.2727 , -0.8654 , 0.2807 , -1.0378 , 0.9396 , -36.0207 , -18.8078 , 40.6353
1 , -6.6463 , 6.6032 , 8.2037 , -3.6723 , 6.4719 , 6.3874 , 0.6656 , -0.0804 , 0.0565 , -2.9740 , 0.1313 , 1.8163 , -0.9078 , -41.2958 , -29.8959 , 50.9814
6 , -4.9297 , 5.8155 , 8.5162 , -2.9124 , 5.7064 , 7.4246 , 0.2038 , -0.3180 , 0.0467 , -2.0172 , 0.1091 , 1.0915 , 0.9371 , -35.5835 , -21.4184 , 41.5323
10 , -3.4644 , 6.1064 , 7.2161 , -2.6928 , 5.4216 , 7.7153 , -0.2623 , 0.0088 , 0.1518 , -0.7716 , 0.6848 , -0.4992 , 0.9438 , -33.5626 , -19.2399 , 38.6862
10 , -2.3116 , 6.2034 , 7.1982 , -2.8505 , 5.5252 , 7.5840 , -0.2965 , -0.1336 , -0.2282 , 0.5389 , 0.6782 , -0.3859 , 0.9403 , -34.2920 , -20.5993 , 40.0034
4 , -3.2477 , 6.5050 , 7.4220 , -3.6264 , 5.6127 , 7.1776 , 0.2893 , 0.3460 , -0.3986 , 0.3787 , 0.8924 , 0.2445 , 0.9306 , -34.9130 , -26.8049 , 44.0161
4 , -3.4357 , 6.0837 , 8.4791 , -3.7671 , 5.6506 , 7.0746 , 0.4072 , 0.2488 , -0.3137 , 0.3314 , 0.4330 , 1.4045 , -0.9277 , -35.1840 , -28.0343 , 44.9871
4 , -4.8291 , 5.4193 , 10.7536 , -3.0980 , 5.6082 , 7.4244 , 0.8385 , 0.4865 , 0.0504 , -1.7311 , -0.1889 , 3.3292 , 0.9361 , -34.8809 , -22.6498 , 41.5896
8 , -4.9321 , 6.7852 , 8.8298 , -2.9844 , 5.4757 , 7.5684 , 0.4035 , -0.1617 , 0.0284 , -1.9476 , 1.3095 , 1.2614 , 0.9390 , -33.9427 , -21.5207 , 40.1901
4 , -4.2701 , 7.4172 , 6.7912 , -3.3717 , 6.1686 , 6.8374 , -0.1469 , -0.3541 , -0.4640 , -0.8984 , 1.2486 , -0.0462 , 0.9207 , -38.9783 , -26.2491 , 46.9928
9 , -2.9173 , 3.1891 , 11.7029 , -2.8350 , 4.7529 , 8.0959 , 0.7523 , -0.0358 , -0.1048 , -0.0823 , -1.5638 , 3.6070 , 0.9530 , -28.9900 , -19.2993 , 34.8265
8 , -3.0646 , 4.9009 , 7.8829 , -2.2944 , 5.1497 , 8.0241 , -0.2287 , -0.1470 , -0.0199 , -0.7701 , -0.2487 , -0.1412 , 0.9522 , -31.6764 , -15.9575 , 35.4688
7 , -2.8491 , 5.9903 , 9.3051 , -3.2480 , 5.3866 , 7.5236 , 0.3473 , 0.4303 , -0.3931 , 0.3989 , 0.6037 , 1.7814 , 0.9400 , -33.3178 , -23.3503 , 40.6856
10 , -1.4856 , 5.3642 , 10.9918 , -1.8512 , 4.9222 , 8.2774 , -0.7846 , 0.0815 , -0.0009 , 0.3656 , 0.4420 , 2.7144 , 0.9592 , -30.1276 , -12.6063 , 32.6587
9 , -3.1065 , 5.2936 , 11.0361 , -2.0794 , 4.7512 , 8.3230 , 0.6973 , 0.3900 , 0.3271 , -1.0271 , 0.5424 , 2.7130 , 0.9607 , -28.9786 , -14.0276 , 32.1952
1 , -5.0949 , 7.1275 , 8.3031 , -3.8918 , 6.5368 , 6.1883 , -0.6698 , -0.1995 , -0.2722 , -1.2030 , 0.5908 , 2.1148 , -0.9028 , -41.8026 , -32.1660 , 52.7457
9 , -2.7366 , 4.8411 , 9.1710 , -2.1991 , 4.6984 , 8.3222 , -0.0070 , -0.0743 , -0.1756 , -0.5375 , 0.1427 , 0.8488 , 0.9613 , -28.6268 , -14.8018 , 32.2271
4 , -4.5430 , 5.6383 , 8.4001 , -3.2121 , 5.9043 , 7.1409 , 0.7456 , 0.3729 , -0.0858 , -1.3309 , -0.2659 , 1.2592 , -0.9291 , -37.0180 , -24.2194 , 44.2370
6 , -2.3703 , 4.9584 , 8.6311 , -2.7505 , 5.5531 , 7.6005 , 0.5513 , -0.0682 , -0.0083 , 0.3802 , -0.5948 , 1.0306 , -0.9420 , -34.4901 , -19.8944 , 39.8165
1 , -4.2473 , 8.4779 , 9.0764 , -3.6706 , 6.4761 , 6.3841 , -0.0271 , 0.0259 , -0.3785 , -0.5767 , 2.0018 , 2.6923 , -0.9082 , -41.3285 , -29.8973 , 51.0088
3 , -4.3646 , 7.3095 , 8.6467 , -3.2115 , 6.4856 , 6.6176 , 0.1054 , -0.0395 , 0.1426 , -1.1531 , 0.8239 , 2.0290 , -0.9151 , -41.4030 , -25.8872 , 48.8298
6 , -1.6963 , 6.3027 , 7.8745 , -2.5683 , 6.1407 , 7.2018 , 0.5232 , 0.4413 , 0.2587 , 0.8720 , 0.1620 , 0.6727 , 0.9306 , -38.7687 , -19.6271 , 43.4539
2 , -3.3854 , 7.0533 , 7.7883 , -3.3197 , 6.3471 , 6.6981 , 0.5190 , -0.1739 , -0.1506 , -0.0657 , 0.7063 , 1.0902 , 0.9173 , -40.3323 , -26.3640 , 48.1846
10 , -3.5937 , 5.0482 , 6.9480 , -3.2030 , 5.1681 , 7.6942 , 0.4267 , 0.2067 , -0.2074 , -0.3907 , -0.1200 , -0.7463 , 0.9439 , -31.8032 , -22.6014 , 39.0163
6 , -4.4664 , 5.4181 , 8.4120 , -3.2189 , 5.1834 , 7.6773 , 0.1366 , -0.1336 , -0.0138 , -1.2475 , 0.2347 , 0.7347 , 0.9428 , -31.9084 , -22.7471 , 39.1864
4 , -3.9564 , 6.5936 , 6.1723 , -3.9964 , 5.8882 , 6.7474 , 0.1616 , -0.2704 , -0.3833 , 0.0400 , 0.7054 , -0.5752 , -0.9186 , -36.9009 , -30.6375 , 47.9618
6 , -4.0917 , 5.8490 , 5.6192 , -3.5529 , 5.6952 , 7.1493 , -0.1237 , -0.1452 , 0.1157 , -0.5388 , 0.1539 , -1.5301 , 0.9291 , -35.5030 , -26.4255 , 44.2580
7 , -3.8511 , 6.1256 , 7.8243 , -2.1886 , 5.9282 , 7.4991 , 0.3510 , 0.0601 , -0.5281 , -1.6625 , 0.1973 , 0.3251 , 0.9381 , -37.1936 , -16.2697 , 40.5964
5 , -2.9449 , 5.0973 , 10.8230 , -2.0350 , 5.7616 , 7.6703 , 0.2490 , 0.4321 , -0.0968 , -0.9099 , -0.6643 , 3.1527 , 0.9429 , -35.9811 , -14.8585 , 38.9283
3 , -0.6297 , 6.4057 , 7.4651 , -2.2831 , 6.1702 , 7.2723 , 0.2636 , 0.4474 , 0.1457 , 1.6534 , 0.2354 , 0.1928 , 0.9331 , -38.9904 , -17.4294 , 42.7087
2 , -3.0921 , 6.3710 , 7.0916 , -2.6149 , 6.4601 , 6.8993 , -0.0125 , -0.2008 , 0.1658 , -0.4772 , -0.0891 , 0.1923 , -0.9228 , -41.2042 , -20.7572 , 46.1373
8 , -2.0686 , 6.8594 , 6.7552 , -2.0837 , 5.8946 , 7.5553 , -0.3161 , -0.1995 , -0.1726 , 0.0152 , 0.9648 , -0.8000 , -0.9409 , -36.9476 , -15.4189 , 40.0358
10 , -1.6161 , 5.4145 , 7.9212 , -2.1608 , 5.5933 , 7.7599 , 0.1158 , 0.2104 , 0.0046 , 0.5447 , -0.1788 , 0.1613 , 0.9464 , -34.7752 , -15.5603 , 38.0977
9 , -3.0981 , 5.8035 , 8.3689 , -2.3291 , 5.2433 , 7.9532 , 0.2294 , 0.2177 , 0.0437 , -0.7690 , 0.5603 , 0.4157 , -0.9516 , -32.3212 , -16.3227 , 36.2090
4 , -4.3946 , 6.1746 , 5.2062 , -3.3630 , 6.1682 , 6.8421 , -0.0284 , -0.4237 , -0.0962 , -1.0316 , 0.0065 , -1.6359 , -0.9198 , -38.9747 , -26.1748 , 46.9483
9 , -2.7378 , 6.1064 , 8.5892 , -2.1913 , 5.1997 , 8.0207 , 0.2508 , 0.1896 , -0.0730 , -0.5464 , 0.9068 , 0.5685 , 0.9533 , -32.0202 , -15.2808 , 35.4795
6 , -3.2465 , 5.4528 , 8.8143 , -2.5028 , 5.4216 , 7.7790 , 0.0578 , 0.3564 , -0.0571 , -0.7438 , 0.0312 , 1.0352 , 0.9468 , -33.5624 , -17.8347 , 38.0067
6 , -3.6224 , 5.3379 , 5.3331 , -2.5240 , 5.4606 , 7.7448 , -0.2727 , -0.0236 , -0.0260 , -1.0984 , -0.1227 , -2.4117 , 0.9459 , -33.8367 , -18.0507 , 38.3504
7 , -3.1005 , 6.1040 , 5.3271 , -3.0871 , 5.7513 , 7.3187 , -0.3436 , 0.0393 , -0.2361 , -0.0134 , 0.3527 , -1.9916 , -0.9340 , -35.9069 , -22.8704 , 42.5718
1 , -3.5494 , 7.9823 , 8.5198 , -3.6537 , 6.7049 , 6.1534 , 0.2820 , -0.0749 , -0.3571 , 0.1043 , 1.2773 , 2.3664 , -0.9009 , -43.1345 , -30.7009 , 52.9446
10 , -3.4931 , 5.2206 , 8.1594 , -2.8113 , 4.9133 , 8.0079 , -0.0387 , -0.0102 , -0.1396 , -0.6819 , 0.3073 , 0.1515 , 0.9530 , -30.0670 , -19.3442 , 35.7522
10 , -2.1488 , 5.2876 , 8.1427 , -2.3209 , 4.6635 , 8.3088 , 0.3027 , 0.6050 , -0.1115 , 0.1721 , 0.6241 , -0.1661 , 0.9609 , -28.3950 , -15.6067 , 32.4013
3 , -3.7350 , 5.9508 , 8.3725 , -2.5853 , 5.9286 , 7.3714 , 0.3156 , -0.0431 , 0.0754 , -1.1496 , 0.0222 , 1.0011 , -0.9356 , -37.1963 , -19.3269 , 41.9177
2 , -2.5115 , 7.1587 , 7.0569 , -3.0088 , 6.1234 , 7.0442 , -0.4676 , -0.3993 , -0.3778 , 0.4973 , 1.0352 , 0.0127 , -0.9263 , -38.6393 , -23.1286 , 45.0325
3 , -4.5789 , 6.7780 , 4.5897 , -3.1388 , 5.8682 , 7.2030 , 0.0003 , -0.4561 , -0.0309 , -1.4401 , 0.9098 , -2.6133 , -0.9312 , -36.7546 , -23.5461 , 43.6499
7 , -2.8144 , 5.9125 , 8.2037 , -2.3867 , 5.4183 , 7.8177 , -0.2367 , -0.2154 , -0.2056 , -0.4276 , 0.4942 , 0.3860 , 0.9479 , -33.5393 , -16.9774 , 37.5915
10 , -2.4277 , 4.3946 , 9.8126 , -2.1751 , 4.9014 , 8.2107 , 0.1702 , 0.2427 , 0.1267 , -0.2526 , -0.5069 , 1.6020 , 0.9583 , -29.9873 , -14.8376 , 33.4573
4 , -3.2896 , 6.4488 , 8.2791 , -2.7888 , 5.8574 , 7.3541 , 0.0675 , -0.0798 , -0.3094 , -0.5008 , 0.5913 , 0.9250 , -0.9349 , -36.6763 , -20.7674 , 42.1478
7 , -3.1508 , 6.2225 , 8.3175 , -2.7940 , 5.6021 , 7.5485 , -0.0223 , 0.0100 , -0.1793 , -0.3568 , 0.6204 , 0.7689 , -0.9406 , -34.8381 , -20.3113 , 40.3267
4 , -3.9516 , 5.4133 , 7.3945 , -2.4451 , 5.4964 , 7.7448 , -0.3753 , -0.2789 , -0.2544 , -1.5066 , -0.0831 , -0.3503 , 0.9454 , -34.0886 , -17.5212 , 38.3279
5 , -2.4349 , 5.0278 , 6.6128 , -2.1363 , 5.4464 , 7.8704 , -0.6154 , -0.1048 , -0.1103 , -0.2986 , -0.4186 , -1.2576 , 0.9486 , -33.7366 , -15.1861 , 36.9970
9 , -2.1320 , 4.2880 , 9.6343 , -1.7057 , 4.5472 , 8.5196 , 1.1836 , 0.6111 , 0.1823 , -0.4263 , -0.2592 , 1.1147 , 0.9654 , -27.6255 , -11.3215 , 29.8554
3 , -2.4780 , 6.2692 , 5.2876 , -2.2003 , 5.7208 , 7.6552 , 0.2868 , 0.4083 , -0.1427 , -0.2777 , 0.5485 , -2.3676 , 0.9434 , -35.6869 , -16.0357 , 39.1242
3 , -1.7813 , 6.4679 , 8.6790 , -2.4588 , 5.7525 , 7.5521 , -0.2855 , 0.2495 , -0.2416 , 0.6775 , 0.7155 , 1.1269 , 0.9408 , -35.9153 , -18.0340 , 40.1887
10 , -1.6771 , 5.2924 , 10.0820 , -2.3416 , 4.9169 , 8.1554 , -0.6014 , 0.6025 , -0.3870 , 0.6645 , 0.3754 , 1.9266 , 0.9569 , -30.0919 , -16.0201 , 34.0905
9 , -2.3020 , 3.8199 , 10.1215 , -1.9771 , 4.8721 , 8.2780 , 0.8000 , 0.1847 , 0.2562 , -0.3249 , -1.0521 , 1.8435 , 0.9596 , -29.7894 , -13.4328 , 32.6779
3 , -4.1444 , 5.1607 , 6.1866 , -2.7032 , 5.6279 , 7.5624 , 0.0755 , 0.1572 , 0.0198 , -1.4411 , -0.4672 , -1.3757 , 0.9409 , -35.0219 , -19.6699 , 40.1676
9 , -2.8192 , 6.4823 , 8.6933 , -2.4027 , 5.0902 , 8.0304 , 0.1518 , 0.2458 , -0.3485 , -0.4165 , 1.3921 , 0.6630 , 0.9536 , -31.2691 , -16.6573 , 35.4291
10 , -2.4253 , 6.1986 , 7.7440 , -2.4970 , 4.9843 , 8.0680 , -0.1261 , 0.5885 , -0.1182 , 0.0717 , 1.2143 , -0.3239 , 0.9543 , -30.5477 , -17.1971 , 35.0557
10 , -2.2386 , 5.6790 , 8.6969 , -2.2392 , 5.4143 , 7.8639 , 0.6766 , 0.3044 , -0.0077 , 0.0007 , 0.2647 , 0.8330 , 0.9485 , -33.5119 , -15.8943 , 37.0901
3 , -2.5546 , 6.0466 , 7.4508 , -2.4527 , 5.8478 , 7.4805 , -0.1542 , -0.0334 , 0.0052 , -0.1019 , 0.1988 , -0.0298 , 0.9385 , -36.6058 , -18.1535 , 40.8599
10 , -3.2717 , 6.1375 , 6.2668 , -2.1977 , 5.3745 , 7.9029 , -0.5299 , 0.0418 , 0.0418 , -1.0740 , 0.7630 , -1.6360 , 0.9495 , -33.2331 , -15.5408 , 36.6873
9 , -1.4688 , 4.5490 , 8.1654 , -2.1334 , 5.1010 , 8.0993 , 0.3418 , 0.6111 , -0.0687 , 0.6646 , -0.5520 , 0.0661 , 0.9544 , -31.3426 , -14.7570 , 34.6428
9 , -0.5243 , 5.2960 , 9.0776 , -1.9582 , 5.4444 , 7.9180 , -0.1298 , 0.3545 , -0.0773 , 1.4339 , -0.1484 , 1.1596 , 0.9501 , -33.7224 , -13.8911 , 36.4714
8 , -2.3762 , 6.4667 , 8.7185 , -2.1309 , 5.6098 , 7.7563 , -0.2190 , 0.4113 , -0.1152 , -0.2453 , 0.8570 , 0.9622 , 0.9456 , -34.8923 , -15.3621 , 38.1244
2 , -3.4872 , 7.2544 , 8.2576 , -2.6702 , 6.8179 , 6.5235 , 0.2050 , -0.0144 , 0.2978 , -0.8170 , 0.4365 , 1.7341 , -0.9125 , -44.0459 , -22.2598 , 49.3512
1 , -4.3239 , 7.5310 , 2.6396 , -3.5713 , 7.0795 , 5.7703 , -0.5134 , -0.4292 , -0.2520 , -0.7526 , 0.4514 , -3.1307 , -0.8904 , -46.2123 , -31.7538 , 56.0704
3 , -2.4936 , 6.5733 , 7.7117 , -2.6781 , 6.4197 , 6.9127 , -0.2868 , 0.2452 , -0.1146 , 0.1845 , 0.1536 , 0.7990 , 0.9228 , -40.8916 , -21.1773 , 46.0500
9 , -2.8024 , 6.7205 , 7.8314 , -2.6120 , 5.2828 , 7.8384 , -0.3228 , 0.2036 , -0.1207 , -0.1904 , 1.4378 , -0.0069 , 0.9474 , -32.5946 , -18.4300 , 37.4443
6 , -2.2398 , 6.0525 , 8.0876 , -1.8275 , 5.6846 , 7.7792 , -0.3686 , 0.1951 , -0.0785 , -0.4123 , 0.3679 , 0.3084 , 0.9463 , -35.4275 , -13.2201 , 37.8138
4 , -3.2370 , 6.5003 , 7.4879 , -2.9491 , 6.5573 , 6.6689 , -0.0149 , 0.0723 , -0.1995 , -0.2878 , -0.0571 , 0.8190 , -0.9162 , -41.9639 , -23.8559 , 48.2709
7 , -1.6281 , 6.1519 , 8.8310 , -2.6677 , 6.1594 , 7.1495 , 0.4035 , 0.4278 , -0.2887 , 1.0397 , -0.0075 , 1.6815 , -0.9298 , -38.9089 , -20.4624 , 43.9615
4 , -3.9971 , 6.8989 , 7.6914 , -3.0494 , 6.7794 , 6.3962 , -0.6215 , 0.4694 , -0.1585 , -0.9477 , 0.1195 , 1.2952 , -0.9088 , -43.7338 , -25.4896 , 50.6198
5 , -3.1771 , 6.0693 , 5.6276 , -2.7156 , 6.1878 , 7.1069 , -0.2672 , -0.1195 , -0.0119 , -0.4615 , -0.1185 , -1.4793 , 0.9281 , -39.1222 , -20.9124 , 44.3608
6 , -2.0004 , 6.3195 , 6.5338 , -2.5778 , 5.9508 , 7.3562 , -0.0998 , -0.0144 , -0.0431 , 0.5774 , 0.3687 , -0.8224 , 0.9349 , -37.3595 , -19.3118 , 42.0556
8 , -2.4098 , 6.7947 , 8.1020 , -2.5835 , 6.0095 , 7.3063 , 0.2624 , 0.0931 , -0.1469 , 0.1737 , 0.7852 , 0.7957 , 0.9337 , -37.7924 , -19.4737 , 42.5146
3 , -3.1747 , 6.6559 , 7.7824 , -2.8124 , 6.3962 , 6.8811 , -0.0320 , 0.1157 , -0.0797 , -0.3623 , 0.2596 , 0.9013 , 0.9222 , -40.7103 , -22.2307 , 46.3846
8 , -2.3966 , 5.9185 , 7.0425 , -2.5798 , 5.8796 , 7.4125 , -0.0308 , -0.0829 , -0.0596 , 0.1832 , 0.0389 , -0.3700 , 0.9364 , -36.8375 , -19.1895 , 41.5360
5 , -2.6863 , 6.4763 , 7.4735 , -2.5750 , 6.0880 , 7.2441 , -0.0803 , 0.0473 , -0.0675 , -0.1113 , 0.3883 , 0.2295 , 0.9321 , -38.3746 , -19.5687 , 43.0760
8 , -2.1668 , 6.2800 , 7.0737 , -2.5705 , 5.8354 , 7.4506 , -0.0076 , -0.0969 , -0.0382 , 0.4037 , 0.4446 , -0.3769 , 0.9375 , -36.5159 , -19.0346 , 41.1792
10 , -2.1811 , 4.6519 , 9.2823 , -2.3848 , 5.2995 , 7.8993 , 0.1812 , 0.4510 , 0.1701 , 0.2037 , -0.6475 , 1.3830 , 0.9488 , -32.7106 , -16.7993 , 36.7722
2 , -2.2482 , 6.6990 , 11.0624 , -2.8379 , 6.3197 , 6.9411 , 0.3546 , 0.1957 , -0.3345 , 0.5897 , 0.3793 , 4.1213 , 0.9240 , -40.1227 , -22.2372 , 45.8729
2 , -1.9860 , 6.8618 , 7.1970 , -2.9242 , 6.5622 , 6.6751 , 0.0846 , 0.0088 , -0.1842 , 0.9382 , 0.2996 , 0.5218 , 0.9167 , -42.0019 , -23.6566 , 48.2058
5 , -1.4880 , 6.6930 , 7.2101 , -2.2156 , 6.1613 , 7.3007 , 0.0297 , 0.1676 , -0.3778 , 0.7276 , 0.5317 , -0.0905 , 0.9338 , -38.9232 , -16.8822 , 42.4267
7 , -2.9221 , 6.1220 , 5.4911 , -2.3535 , 5.9252 , 7.4514 , -0.0039 , 0.0479 , 0.0064 , -0.5686 , 0.1968 , -1.9603 , 0.9380 , -37.1716 , -17.5288 , 41.0972
1 , -2.9257 , 7.3251 , 6.3865 , -2.7113 , 6.9854 , 6.3264 , -0.2245 , 0.0564 , -0.0962 , -0.2145 , 0.3397 , 0.0601 , -0.9048 , -45.4234 , -23.1981 , 51.0043
4 , -1.6604 , 6.9133 , 8.6886 , -2.4740 , 6.5812 , 6.8365 , 0.1470 , -0.3968 , -0.1818 , 0.8137 , 0.3321 , 1.8521 , -0.9202 , -42.1515 , -19.8946 , 46.6106
8 , -0.6141 , 6.7528 , 7.1108 , -1.6826 , 6.2645 , 7.3550 , 0.1512 , -0.0450 , -0.3039 , 1.0685 , 0.4884 , -0.2442 , 0.9354 , -39.7024 , -12.8859 , 41.7412
10 , -2.2601 , 5.4755 , 8.8957 , -1.7305 , 5.9316 , 7.6152 , 0.3290 , 0.1450 , 0.1127 , -0.5296 , -0.4561 , 1.2804 , 0.9424 , -37.2184 , -12.8028 , 39.3589
1 , -3.4297 , 7.8805 , 7.1347 , -2.6679 , 7.1639 , 6.1426 , -0.4835 , -0.1433 , -0.2361 , -0.7618 , 0.7167 , 0.9921 , -0.9006 , -46.9292 , -23.4763 , 52.4737
5 , -2.9185 , 7.4879 , 7.6375 , -2.3819 , 6.7407 , 6.7127 , -0.2635 , -0.3785 , -0.1329 , -0.5366 , 0.7472 , 0.9248 , -0.9177 , -43.4212 , -19.5363 , 47.6137
1 , -2.9149 , 7.8506 , 7.5573 , -2.8112 , 7.0719 , 6.1851 , 0.0162 , -0.2172 , -0.2318 , -0.1038 , 0.7786 , 1.3722 , -0.9020 , -46.1484 , -24.4421 , 52.2216
2 , -2.2374 , 6.7361 , 10.1155 , -2.7004 , 6.8591 , 6.4677 , 0.7590 , 0.5598 , -0.0852 , 0.4631 , -0.1230 , 3.6478 , -0.9105 , -44.3814 , -22.6619 , 49.8324
1 , -2.5893 , 7.4496 , 9.0561 , -2.9768 , 6.8894 , 6.3123 , 0.0559 , 0.0503 , -0.3003 , 0.3874 , 0.5602 , 2.7437 , -0.9059 , -44.6299 , -25.2476 , 51.2764
3 , -3.7769 , 6.8558 , 6.0980 , -2.7853 , 6.7411 , 6.5552 , -0.1829 , 0.0161 , 0.0437 , -0.9915 , 0.1147 , -0.4571 , -0.9133 , -43.4246 , -23.0209 , 49.1493
1 , -4.5981 , 7.2963 , 5.5845 , -3.1473 , 7.1205 , 5.9635 , 0.0614 , -0.0957 , -0.1262 , -1.4508 , 0.1758 , -0.3790 , -0.8964 , -46.5595 , -27.8232 , 54.2394
2 , -2.6923 , 6.7253 , 7.5896 , -3.0193 , 7.0533 , 6.1078 , -0.2208 , 0.1560 , 0.1261 , 0.3271 , -0.3280 , 1.4819 , -0.9006 , -45.9916 , -26.3052 , 52.9829
8 , -2.5869 , 6.9408 , 7.7812 , -2.3133 , 5.7930 , 7.5670 , 0.2771 , 0.3142 , -0.0920 , -0.2737 , 1.1478 , 0.2141 , 0.9388 , -36.2083 , -16.9986 , 39.9999
7 , -3.5075 , 5.2457 , 7.4340 , -2.8376 , 5.9147 , 7.2894 , -0.0333 , 0.0528 , -0.1506 , -0.6699 , -0.6690 , 0.1446 , 0.9324 , -37.0946 , -21.2698 , 42.7600
5 , -3.7290 , 5.4588 , 6.7947 , -2.8826 , 5.9367 , 7.2537 , 0.1543 , 0.1346 , -0.1225 , -0.8463 , -0.4779 , -0.4590 , 0.9320 , -37.2556 , -21.6729 , 43.1009
5 , -3.1556 , 6.9899 , 8.1080 , -2.9020 , 6.1101 , 7.1004 , -0.0113 , 0.4706 , -0.2184 , -0.2536 , 0.8797 , 1.0076 , 0.9279 , -38.5401 , -22.2303 , 44.4918
5 , -2.3774 , 6.5027 , 7.8195 , -2.7958 , 6.3184 , 6.9593 , -0.0210 , 0.2446 , -0.0950 , 0.4183 , 0.1842 , 0.8602 , 0.9244 , -40.1134 , -21.8868 , 45.6959
2 , -4.1420 , 6.5625 , 9.8689 , -3.2596 , 6.2593 , 6.8093 , -0.2147 , 0.2324 , -0.2502 , -0.8824 , 0.3032 , 3.0596 , 0.9202 , -39.6632 , -25.5803 , 47.1966
7 , -2.9425 , 6.4787 , 8.1977 , -2.8183 , 5.8557 , 7.3443 , 0.0443 , 0.0857 , -0.2667 , -0.1241 , 0.6231 , 0.8534 , 0.9345 , -36.6632 , -20.9940 , 42.2486
5 , -4.4652 , 6.2501 , 5.9999 , -2.9646 , 6.0316 , 7.1415 , -0.0455 , -0.5459 , 0.5464 , -1.5006 , 0.2184 , -1.1416 , 0.9288 , -37.9560 , -22.5443 , 44.1464
6 , -1.7322 , 5.3941 , 7.5417 , -2.4608 , 5.9154 , 7.4244 , -0.0161 , 0.0344 , -0.2465 , 0.7286 , -0.5213 , 0.1173 , 0.9357 , -37.0999 , -18.3378 , 41.3845
6 , -3.5099 , 7.1934 , 4.9620 , -2.6539 , 6.0068 , 7.2833 , -0.3711 , -0.1879 , 0.0015 , -0.8560 , 1.1866 , -2.3213 , 0.9319 , -37.7719 , -20.0209 , 42.7499
7 , -2.6324 , 6.8989 , 7.5369 , -2.7004 , 6.2149 , 7.0890 , -0.0956 , 0.0228 , -0.3620 , 0.0680 , 0.6840 , 0.4480 , 0.9271 , -39.3266 , -20.8532 , 44.5133
10 , -2.6887 , 6.3961 , 7.4962 , -2.5908 , 5.8708 , 7.4157 , -0.0406 , 0.1572 , -0.0431 , -0.0979 , 0.5253 , 0.0806 , 0.9353 , -36.7736 , -19.2579 , 41.5110
1 , -4.5418 , 8.0529 , 6.1758 , -3.6375 , 7.2794 , 5.4726 , 0.3638 , 0.1871 , -0.6307 , -0.9043 , 0.7735 , 0.7032 , 0.8826 , -47.9269 , -33.6108 , 58.5378
6 , -3.9516 , 6.2764 , 5.4911 , -3.1007 , 6.2608 , 6.8817 , -0.2135 , -0.1183 , -0.0327 , -0.8509 , 0.0156 , -1.3906 , 0.9212 , -39.6747 , -24.2548 , 46.5013
2 , -2.9844 , 7.4304 , 5.5893 , -2.4427 , 6.9458 , 6.4776 , -0.2666 , -0.4805 , -0.1616 , -0.5416 , 0.4846 , -0.8883 , 0.9107 , -45.0951 , -20.6619 , 49.6032
9 , -2.2673 , 5.9029 , 7.1886 , -1.8730 , 6.0018 , 7.5260 , 0.1054 , 0.3515 , -0.0504 , -0.3943 , -0.0989 , -0.3374 , 0.9366 , -37.7352 , -13.9756 , 40.2400
9 , -4.1156 , 6.5170 , 7.9368 , -1.9353 , 6.0395 , 7.4800 , 0.1268 , 0.0705 , 0.0791 , -2.1803 , 0.4776 , 0.4568 , 0.9357 , -38.0140 , -14.5064 , 40.6878
2 , -4.4353 , 5.9616 , 5.5294 , -3.3814 , 6.4474 , 6.5702 , 0.1311 , -0.4976 , 0.2636 , -1.0538 , -0.4858 , -1.0408 , 0.9128 , -41.1057 , -27.2331 , 49.3084
3 , -0.4609 , 7.3957 , 5.7066 , -2.3678 , 7.0629 , 6.3780 , 0.9399 , 0.7559 , -0.2129 , 1.9069 , 0.3328 , -0.6714 , 0.9074 , -46.0724 , -20.3674 , 50.3735
1 , -5.2026 , 7.0928 , 3.3662 , -3.7092 , 6.9556 , 5.8337 , -0.3167 , -0.3229 , -0.0736 , -1.4934 , 0.1372 , -2.4674 , 0.8926 , -45.1759 , -32.4491 , 55.6220
2 , -3.2214 , 6.9635 , 8.6850 , -3.5002 , 6.5614 , 6.3927 , 0.0645 , -0.2325 , -0.3644 , 0.2788 , 0.4021 , 2.2922 , 0.9084 , -41.9958 , -28.7019 , 50.8670
5 , -4.2210 , 5.4719 , 6.0202 , -3.5108 , 6.1006 , 6.8284 , -0.3057 , 0.0100 , 0.0204 , -0.7102 , -0.6286 , -0.8082 , 0.9194 , -38.4687 , -27.2095 , 47.1190
5 , -2.6025 , 6.8881 , 6.7792 , -2.9945 , 6.2452 , 6.9427 , 0.1103 , -0.0951 , -0.2722 , 0.3920 , 0.6430 , -0.1635 , 0.9206 , -39.5557 , -23.3313 , 45.9239
2 , -2.9736 , 6.9983 , 5.5809 , -3.2887 , 6.6895 , 6.3722 , -0.2611 , -0.1219 , -0.2868 , 0.3151 , 0.3088 , -0.7914 , 0.9053 , -43.0110 , -27.2983 , 50.9425
6 , -3.4991 , 7.3334 , 7.7560 , -2.9361 , 5.9432 , 7.2269 , 0.6063 , 0.3173 , -0.0022 , -0.5630 , 1.3902 , 0.5291 , 0.9273 , -37.3037 , -22.1105 , 43.3640
1 , -7.0246 , 6.3710 , 5.1104 , -4.2046 , 6.6629 , 5.8393 , 0.4304 , -0.4744 , 0.1432 , -2.8199 , -0.2919 , -0.7289 , 0.8919 , -42.7987 , -35.7561 , 55.7695
6 , -4.4257 , 6.2668 , 5.1727 , -2.9230 , 6.2823 , 6.9397 , -0.1530 , 0.2855 , 0.2465 , -1.5027 , -0.0155 , -1.7670 , 0.9200 , -39.8379 , -22.8407 , 45.9212
3 , -3.5470 , 7.3873 , 5.4540 , -3.2829 , 6.5120 , 6.5564 , -0.2800 , -0.0352 , -0.1946 , -0.2641 , 0.8753 , -1.1024 , 0.9101 , -41.6087 , -26.5981 , 49.3837
6 , -3.7960 , 6.5457 , 4.7908 , -2.5383 , 6.0274 , 7.3074 , -0.5659 , 0.5946 , 0.0192 , -1.2577 , 0.5183 , -2.5166 , 0.9318 , -37.9246 , -19.1549 , 42.4875
5 , -1.8471 , 5.7305 , 8.2660 , -3.1047 , 6.0055 , 7.1039 , 0.2282 , 0.3729 , -0.0296 , 1.2576 , -0.2749 , 1.1621 , 0.9274 , -37.7623 , -23.6073 , 44.5342
3 , -1.9788 , 6.6295 , 7.1934 , -3.0349 , 6.2826 , 6.8912 , -0.1817 , -0.1641 , -0.2435 , 1.0561 , 0.3470 , 0.3022 , 0.9219 , -39.8399 , -23.7687 , 46.3915
8 , -2.6959 , 5.8012 , 7.3825 , -2.6183 , 5.6687 , 7.5618 , 0.2545 , 0.0094 , -0.1341 , -0.0775 , 0.1325 , -0.1793 , 0.9385 , -35.3131 , -19.0988 , 40.1470
7 , -2.4624 , 6.7840 , 7.7524 , -3.0172 , 6.1828 , 6.9886 , 0.0712 , 0.2165 , -0.3290 , 0.5547 , 0.6012 , 0.7639 , 0.9246 , -39.0849 , -23.3512 , 45.5292
9 , -3.0706 , 6.1495 , 7.7225 , -2.6326 , 5.7383 , 7.5041 , 0.0077 , 0.1988 , -0.2178 , -0.4380 , 0.4112 , 0.2184 , 0.9376 , -35.8130 , -19.3320 , 40.6977
10 , -3.1675 , 6.5170 , 6.8211 , -2.8987 , 5.7408 , 7.4034 , -0.1041 , 0.2959 , -0.1378 , -0.2688 , 0.7762 , -0.5824 , 0.9338 , -35.8313 , -21.3821 , 41.7262
9 , -4.3048 , 6.4165 , 8.4144 , -2.9800 , 5.7432 , 7.3693 , 0.2783 , 0.0613 , 0.0840 , -1.3248 , 0.6733 , 1.0452 , 0.9338 , -35.8484 , -22.0174 , 42.0698
4 , -5.9711 , 6.0992 , 4.8088 , -4.1070 , 6.1864 , 6.4056 , -0.0601 , -0.4769 , -0.0022 , -1.8641 , -0.0871 , -1.5968 , 0.9085 , -39.1117 , -32.6665 , 50.9591
9 , -3.7098 , 6.3422 , 6.6547 , -3.5625 , 5.6310 , 7.1952 , -0.0119 , -0.0786 , 0.2446 , -0.1473 , 0.7112 , -0.5405 , 0.9294 , -35.0438 , -26.3410 , 43.8397
9 , -3.5949 , 5.8167 , 7.8171 , -3.3178 , 5.5215 , 7.3943 , 0.1353 , -0.2136 , -0.0828 , -0.2771 , 0.2952 , 0.4228 , 0.9334 , -34.2663 , -24.1655 , 41.9303
7 , -4.7716 , 6.1148 , 5.5138 , -3.9385 , 6.0797 , 6.6103 , -0.4077 , 0.0124 , -0.1683 , -0.8332 , 0.0351 , -1.0964 , 0.9130 , -38.3133 , -30.7871 , 49.1503
7 , -4.9117 , 6.1112 , 6.3051 , -4.0177 , 6.0868 , 6.5559 , 0.5324 , 0.3374 , 0.0040 , -0.8940 , 0.0244 , -0.2508 , 0.9111 , -38.3657 , -31.5017 , 49.6415
4 , -2.9700 , 7.4699 , 9.4798 , -4.2342 , 6.7259 , 5.7449 , 0.1641 , 0.3050 , -0.1078 , 1.2642 , 0.7440 , 3.7350 , 0.8897 , -43.3028 , -36.3917 , 56.5640
9 , -2.0171 , 5.7940 , 9.0357 , -2.3413 , 5.7853 , 7.5643 , 0.8953 , 0.3448 , -0.0645 , 0.3242 , 0.0087 , 1.4714 , 0.9356 , -36.1525 , -17.1980 , 40.0346
1 , -4.7728 , 7.0413 , 7.1239 , -4.3174 , 6.9057 , 5.4627 , -0.0711 , -0.2270 , -0.2325 , -0.4554 , 0.1356 , 1.6613 , 0.8814 , -44.7642 , -38.3209 , 58.9264
9 , -2.1668 , 5.4013 , 8.0026 , -2.7936 , 5.8252 , 7.3779 , -0.1078 , 0.2831 , 0.0937 , 0.6269 , -0.4239 , 0.6248 , 0.9324 , -36.4419 , -20.7392 , 41.9301
6 , -3.8068 , 5.9532 , 5.3606 , -2.9819 , 6.0312 , 7.1347 , -0.0687 , 0.0521 , 0.0956 , -0.8249 , -0.0780 , -1.7741 , 0.9259 , -37.9526 , -22.6822 , 44.2141
7 , -3.2382 , 5.9089 , 8.5473 , -3.3493 , 6.1763 , 6.8415 , -0.1725 , 0.1529 , -0.0052 , 0.1112 , -0.2674 , 1.7058 , 0.9194 , -39.0356 , -26.0845 , 46.9487
2 , -3.8882 , 7.3514 , 3.4620 , -3.5205 , 6.8105 , 6.1151 , -0.2501 , -0.0523 , -0.1659 , -0.3677 , 0.5409 , -2.6531 , 0.8993 , -43.9854 , -29.9293 , 53.2022
1 , -4.3120 , 7.4448 , 2.5869 , -3.7301 , 7.3905 , 5.2572 , -0.2367 , -0.1965 , -0.2929 , -0.5819 , 0.0543 , -2.6703 , 0.8754 , -48.9047 , -35.3564 , 60.3468